transaction_id,timestamp,day,merchant_id,merchant_category,merchant_volume_tier,customer_id,customer_tenure_days,customer_tx_count_30d,customer_avg_tx_size,customer_refund_rate,amount,payment_method,bank_name,card_bin,hour_of_day,day_of_week,is_weekend,velocity_1h,velocity_24h,velocity_7d,device_change_flag,geo_mismatch_flag,is_cross_border,3ds_used,is_fraud,is_flagged,is_false_positive,settlement_time_hours
TXN0000000,2024-01-02T18:29:00,1,M0086,Retail,high,C00690,20,2,922,0.0354,476.46,card,Canara,429133,18,1,0,0,0,0,0,0,0,0,0,0,1,20
TXN0000001,2024-01-02T21:55:00,1,M0088,Food,low,C00628,6,1,1373,0.0525,974.0,netbanking,SBI,547556,21,1,0,0,0,0,0,0,0,0,0,0,1,63
TXN0000002,2024-01-02T23:10:00,1,M0136,Logistics,mid,C00742,283,15,7773,0.2377,13000.94,wallet,Axis,472986,23,1,0,0,0,0,0,0,0,0,0,0,0,37
TXN0000003,2024-01-02T07:19:00,1,M0075,Retail,mid,C00798,897,108,3896,0.0264,6850.7,wallet,SBI,463560,7,1,0,12,0,0,0,1,0,1,0,1,1,38
TXN0000004,2024-01-02T18:00:00,1,M0100,Retail,low,C01211,878,79,20212,0.0123,9506.15,wallet,SBI,418455,18,1,0,0,0,0,0,0,0,0,0,0,0,58
TXN0000005,2024-01-02T15:27:00,1,M0087,Logistics,mid,C00557,161,5,6949,0.0163,17510.82,netbanking,Axis,574302,15,1,0,0,0,0,0,0,0,0,1,1,0,39
TXN0000006,2024-01-02T10:46:00,1,M0107,SaaS,mid,C00116,766,100,4386,0.0115,8013.03,wallet,Axis,553559,10,1,0,0,0,0,0,0,0,0,0,0,0,54
TXN0000007,2024-01-02T14:38:00,1,M0068,B2B,low,C00212,74,19,2080,0.1389,22804.07,card,Yes,552075,14,1,0,0,0,0,0,0,0,0,0,0,1,38
TXN0000008,2024-01-02T18:54:00,1,M0100,Retail,low,C01471,226,11,7159,0.0178,7099.51,card,HDFC,565287,18,1,0,0,0,0,0,0,0,1,0,0,0,70
TXN0000009,2024-01-02T09:52:00,1,M0105,SaaS,high,C00058,6,2,1129,0.0777,5574.26,card,Axis,546401,9,1,0,0,0,0,0,0,0,0,0,0,0,32
TXN0000010,2024-01-02T08:31:00,1,M0189,SaaS,mid,C00821,7,4,1949,0.2503,5177.82,wallet,Yes,563001,8,1,0,0,0,0,0,0,0,1,0,0,0,36
TXN0000011,2024-01-02T10:28:00,1,M0051,Food,low,C00542,75,16,6280,0.0499,7215.39,card,PNB,562128,10,1,0,0,0,0,0,0,0,1,0,0,0,17
TXN0000012,2024-01-02T10:22:00,1,M0182,Retail,high,C01224,168,17,1803,0.2423,3288.93,card,Canara,410688,10,1,0,0,0,0,0,0,0,1,0,0,0,29
TXN0000013,2024-01-02T09:56:00,1,M0006,Food,low,C01012,10,1,716,0.1008,299.04,card,PNB,448773,9,1,0,13,0,0,0,0,0,0,0,0,0,52
TXN0000014,2024-01-02T23:51:00,1,M0147,SaaS,mid,C00792,275,6,6658,0.0466,9342.96,card,SBI,425328,23,1,0,0,0,0,0,0,0,0,0,0,0,44
TXN0000015,2024-01-02T19:14:00,1,M0181,Food,high,C00974,94,15,2436,0.1347,1685.14,wallet,PNB,416949,19,1,0,0,0,0,0,0,0,1,0,0,0,47
TXN0000016,2024-01-02T13:45:00,1,M0114,Logistics,mid,C01144,168,13,3064,0.1729,39879.04,upi,Canara,512939,13,1,0,0,0,0,0,0,0,0,1,1,0,37
TXN0000017,2024-01-02T16:21:00,1,M0055,Services,mid,C01355,92,17,3704,0.1002,3237.19,upi,Yes,553995,16,1,0,0,0,0,0,0,0,0,0,0,0,51
TXN0000018,2024-01-02T08:38:00,1,M0016,Services,high,C01084,249,17,5055,0.1159,3847.72,wallet,PNB,499953,8,1,0,12,0,0,0,0,0,1,0,0,0,33
TXN0000019,2024-01-02T12:16:00,1,M0046,SaaS,high,C00196,24,2,996,0.022,866.96,upi,HDFC,546047,12,1,0,0,0,0,0,0,0,0,0,0,0,22
TXN0000020,2024-01-02T10:51:00,1,M0000,Logistics,low,C01083,194,5,2367,0.1078,4121.0,card,Yes,550466,10,1,0,0,0,0,0,0,0,0,0,0,0,66
TXN0000021,2024-01-02T12:39:00,1,M0197,Food,low,C00363,794,55,16873,0.0015,9202.97,card,SBI,426141,12,1,0,0,0,0,0,1,0,0,1,1,0,51
TXN0000022,2024-01-02T11:28:00,1,M0086,Retail,high,C00931,17,3,1151,0.1314,4844.56,upi,Canara,572925,11,1,0,0,0,0,0,0,0,0,0,0,1,18
TXN0000023,2024-01-02T13:36:00,1,M0133,SaaS,mid,C00186,244,6,5780,0.0759,4471.0,wallet,PNB,498845,13,1,0,0,0,0,0,0,0,1,0,0,0,18
TXN0000024,2024-01-02T13:50:00,1,M0082,B2B,high,C01149,892,51,7931,0.0336,25766.42,netbanking,SBI,568016,13,1,0,0,0,0,0,0,0,1,1,1,0,13
TXN0000025,2024-01-02T14:52:00,1,M0012,Food,low,C00620,957,114,3817,0.0332,1922.9,card,Axis,586754,14,1,0,0,0,0,0,0,0,0,0,0,0,43
TXN0000026,2024-01-02T21:13:00,1,M0052,Logistics,mid,C01169,23,1,727,0.1133,9107.14,card,Yes,505371,21,1,0,0,0,0,0,0,0,1,0,0,0,27
TXN0000027,2024-01-02T20:19:00,1,M0159,Services,low,C01369,11,1,1181,0.2256,4441.7,wallet,Kotak,557320,20,1,0,0,0,0,0,0,1,0,0,0,0,14
TXN0000028,2024-01-02T06:07:00,1,M0178,Logistics,low,C00919,9,1,623,0.0317,2282.69,wallet,Kotak,540577,6,1,0,0,0,0,0,0,0,0,0,0,0,28
TXN0000029,2024-01-02T08:05:00,1,M0027,Services,high,C00244,71,7,6606,0.0884,1962.86,upi,Axis,514281,8,1,0,0,0,0,0,0,0,0,0,0,0,21
TXN0000030,2024-01-02T13:12:00,1,M0113,Services,high,C01222,809,61,11869,0.0028,17477.46,upi,PNB,499623,13,1,0,0,0,0,0,0,0,1,0,0,0,16
TXN0000031,2024-01-02T17:01:00,1,M0057,Food,high,C00376,201,16,3820,0.0317,2813.47,upi,SBI,589813,17,1,0,7,0,0,1,0,0,0,0,1,0,21
TXN0000032,2024-01-02T14:52:00,1,M0026,Retail,high,C01401,98,5,3761,0.048,2010.04,wallet,PNB,474047,14,1,0,0,0,0,0,0,0,0,1,1,0,70
TXN0000033,2024-01-02T10:40:00,1,M0191,Logistics,high,C00486,240,17,7027,0.0457,17904.38,netbanking,SBI,496489,10,1,0,0,0,0,0,0,0,0,0,0,0,31
TXN0000034,2024-01-02T14:14:00,1,M0036,Retail,low,C00087,17,3,684,0.0884,1380.49,wallet,Yes,488552,14,1,0,0,0,0,0,0,0,0,0,0,0,58
TXN0000035,2024-01-02T14:55:00,1,M0135,Retail,low,C00421,155,8,1375,0.2041,780.17,wallet,ICICI,542299,14,1,0,0,0,0,0,0,0,0,0,0,0,65
TXN0000036,2024-01-02T10:56:00,1,M0198,Food,mid,C01277,952,104,4871,0.0312,2532.55,card,PNB,550750,10,1,0,0,0,0,0,0,0,1,0,0,0,38
TXN0000037,2024-01-02T18:31:00,1,M0081,Logistics,high,C00959,25,3,1865,0.1485,3099.51,upi,Yes,423579,18,1,0,0,0,0,0,0,0,0,0,0,1,24
TXN0000038,2024-01-02T05:39:00,1,M0190,Services,low,C00308,260,13,2367,0.0514,5794.76,card,SBI,508838,5,1,0,0,0,0,0,0,0,0,0,0,0,38
TXN0000039,2024-01-02T23:44:00,1,M0040,SaaS,mid,C01150,262,18,3152,0.0977,2408.54,card,HDFC,553662,23,1,0,6,0,0,0,0,0,0,0,0,0,71
TXN0000040,2024-01-02T02:31:00,1,M0112,Logistics,mid,C01197,114,5,6492,0.0567,12286.03,upi,Axis,566257,2,1,0,8,0,0,0,0,0,0,0,1,0,72
TXN0000041,2024-01-02T01:57:00,1,M0021,SaaS,mid,C00726,937,113,7763,0.0556,7593.5,card,HDFC,570237,1,1,0,0,0,0,0,0,0,0,0,1,0,40
TXN0000042,2024-01-02T06:35:00,1,M0110,Food,high,C00691,6,2,1968,0.0842,2266.82,card,Canara,499619,6,1,0,0,0,0,0,1,0,0,1,1,0,29
TXN0000043,2024-01-02T19:50:00,1,M0178,Logistics,low,C00768,814,112,17112,0.0026,6798.11,upi,Yes,533376,19,1,0,13,0,0,0,0,0,1,0,0,0,20
TXN0000044,2024-01-02T05:36:00,1,M0195,Food,high,C00219,7,1,1716,0.0124,912.11,wallet,Yes,574309,5,1,0,0,0,0,0,0,0,1,0,0,1,57
TXN0000045,2024-01-02T06:27:00,1,M0035,SaaS,mid,C00408,869,99,18671,0.0294,3150.02,card,Canara,475514,6,1,0,0,0,0,0,0,0,0,0,0,0,67
TXN0000046,2024-01-02T07:34:00,1,M0015,Services,low,C00906,217,13,6576,0.0693,3323.87,netbanking,PNB,532816,7,1,0,0,0,0,0,0,0,1,0,0,0,28
TXN0000047,2024-01-02T22:16:00,1,M0088,Food,low,C00493,111,5,7036,0.1376,4291.73,wallet,HDFC,595105,22,1,0,0,0,0,0,0,0,0,0,0,0,61
TXN0000048,2024-01-02T05:16:00,1,M0092,Food,low,C01429,6,4,1564,0.0259,2109.41,card,SBI,411193,5,1,0,0,0,0,0,0,0,0,0,0,0,68
TXN0000049,2024-01-02T20:28:00,1,M0118,Retail,mid,C00664,257,11,5259,0.0795,9602.41,netbanking,HDFC,513870,20,1,0,0,0,0,0,0,0,0,0,0,0,23
TXN0000050,2024-01-02T01:30:00,1,M0038,B2B,mid,C01214,977,64,11845,0.0205,51087.3,wallet,Canara,513470,1,1,0,0,0,0,0,0,0,0,1,1,0,43
TXN0000051,2024-01-02T22:45:00,1,M0170,Logistics,mid,C00122,285,15,6138,0.0613,8927.16,netbanking,PNB,560334,22,1,0,0,0,0,0,0,0,1,0,0,0,30
TXN0000052,2024-01-02T07:36:00,1,M0087,Logistics,mid,C01484,139,7,4556,0.043,6434.22,card,Yes,566165,7,1,0,0,0,0,1,0,0,0,1,1,0,62
TXN0000053,2024-01-02T17:57:00,1,M0071,Retail,low,C01136,979,55,14910,0.0392,3931.08,wallet,HDFC,482171,17,1,0,0,0,0,0,0,0,1,0,0,0,60
TXN0000054,2024-01-02T12:57:00,1,M0037,Retail,mid,C01277,952,104,4871,0.0312,2495.42,upi,Canara,464640,12,1,0,0,1,1,0,0,0,1,0,0,0,34
TXN0000055,2024-01-02T22:31:00,1,M0158,Retail,low,C00988,21,3,1506,0.0789,2688.78,card,Kotak,465071,22,1,0,0,0,0,0,0,0,0,0,0,0,64
TXN0000056,2024-01-02T02:41:00,1,M0002,B2B,low,C00610,941,55,13937,0.0074,22107.04,wallet,Yes,428244,2,1,0,0,0,0,0,0,0,0,1,1,0,24
TXN0000057,2024-01-02T07:01:00,1,M0180,Food,low,C01242,801,109,18019,0.0054,8884.76,wallet,SBI,485618,7,1,0,0,0,0,0,0,0,0,0,0,0,53
TXN0000058,2024-01-02T20:03:00,1,M0072,SaaS,high,C00663,8,3,1840,0.0977,1777.57,netbanking,Yes,488646,20,1,0,0,0,0,0,0,0,0,0,0,1,16
TXN0000059,2024-01-02T15:25:00,1,M0126,B2B,low,C00820,792,100,15240,0.0131,33210.93,netbanking,Axis,462721,15,1,0,0,0,0,0,0,0,0,1,1,0,13
TXN0000060,2024-01-02T04:14:00,1,M0013,Logistics,high,C01316,288,6,4550,0.0271,15418.18,netbanking,Canara,406163,4,1,0,0,0,0,0,0,0,0,1,1,0,47
TXN0000061,2024-01-02T11:05:00,1,M0017,B2B,low,C00082,239,14,1179,0.0479,13354.8,netbanking,PNB,441907,11,1,0,0,0,0,0,0,0,0,0,0,0,28
TXN0000062,2024-01-02T07:18:00,1,M0085,SaaS,mid,C00400,99,11,6695,0.0759,3103.14,card,Axis,599166,7,1,0,0,0,0,0,0,0,0,0,0,0,65
TXN0000063,2024-01-02T10:29:00,1,M0176,SaaS,low,C01380,83,11,3115,0.0312,1047.13,netbanking,HDFC,456734,10,1,0,0,0,0,0,1,0,0,1,1,0,25
TXN0000064,2024-01-02T23:38:00,1,M0127,Food,low,C01474,15,4,808,0.0462,677.96,upi,HDFC,402939,23,1,0,7,0,0,0,0,0,0,0,0,0,31
TXN0000065,2024-01-02T16:27:00,1,M0113,Services,high,C00781,193,11,3984,0.0716,1941.76,card,ICICI,566909,16,1,0,0,0,0,0,0,0,0,0,0,0,13
TXN0000066,2024-01-02T09:44:00,1,M0121,Food,low,C00357,887,100,18431,0.0124,11575.9,wallet,PNB,445881,9,1,0,0,0,0,1,0,0,0,1,1,0,14
TXN0000067,2024-01-02T08:17:00,1,M0168,Food,high,C00129,806,92,5670,0.0205,6976.56,wallet,Canara,460691,8,1,0,0,0,0,0,0,0,0,1,1,0,30
TXN0000068,2024-01-02T12:10:00,1,M0093,SaaS,mid,C00181,300,16,7184,0.0367,5046.96,netbanking,Kotak,438701,12,1,0,0,0,0,0,0,0,0,0,0,0,43
TXN0000069,2024-01-02T07:59:00,1,M0172,Food,mid,C01110,168,20,6680,0.0808,2115.06,netbanking,SBI,550390,7,1,0,0,0,0,0,0,0,0,0,0,0,25
TXN0000070,2024-01-02T07:32:00,1,M0177,Food,low,C00811,93,6,5755,0.0401,1562.23,wallet,ICICI,485324,7,1,0,0,0,0,0,0,0,0,0,0,0,47
TXN0000071,2024-01-02T14:47:00,1,M0101,Food,low,C01071,123,9,6974,0.0782,5071.31,upi,Canara,437841,14,1,0,0,0,0,0,0,0,0,0,0,1,31
TXN0000072,2024-01-02T15:52:00,1,M0061,Services,low,C00831,205,13,3911,0.051,2866.81,upi,PNB,493720,15,1,0,0,0,0,1,0,0,1,1,1,0,50
TXN0000073,2024-01-02T12:37:00,1,M0076,Services,high,C00702,223,10,5735,0.0252,3990.36,wallet,ICICI,510808,12,1,0,0,0,0,0,0,0,0,0,0,0,34
TXN0000074,2024-01-02T22:48:00,1,M0175,Food,low,C01004,144,8,1025,0.0719,2074.21,card,Canara,409002,22,1,0,0,0,0,0,0,0,0,0,0,0,57
TXN0000075,2024-01-02T16:37:00,1,M0115,Services,high,C00443,854,55,13516,0.0083,9682.68,upi,Kotak,553527,16,1,0,0,0,0,0,0,0,0,0,0,0,23
TXN0000076,2024-01-02T16:53:00,1,M0115,Services,high,C00600,115,20,4717,0.0706,4926.47,card,Yes,579053,16,1,0,0,0,0,0,0,0,0,0,0,0,57
TXN0000077,2024-01-02T22:38:00,1,M0113,Services,high,C01435,239,13,5654,0.071,3074.41,netbanking,ICICI,509739,22,1,0,0,0,0,0,0,0,1,1,1,0,47
TXN0000078,2024-01-02T12:32:00,1,M0179,Services,low,C00864,22,3,937,0.0258,7074.99,netbanking,Kotak,525273,12,1,0,0,0,0,0,0,0,0,0,0,0,23
TXN0000079,2024-01-02T18:25:00,1,M0149,Services,low,C00846,300,16,7520,0.1088,3556.63,card,Yes,463878,18,1,0,0,0,0,1,1,0,0,1,1,0,24
TXN0000080,2024-01-02T08:35:00,1,M0169,Food,low,C00972,154,6,1551,0.1387,1142.52,upi,SBI,464767,8,1,0,0,0,0,0,0,0,0,0,0,0,52
TXN0000081,2024-01-02T18:02:00,1,M0092,Food,low,C00461,24,1,1074,0.0982,1654.73,card,Canara,561191,18,1,0,0,0,0,0,0,0,0,0,0,0,38
TXN0000082,2024-01-02T10:49:00,1,M0165,Services,low,C01301,159,18,3902,0.0381,1535.63,netbanking,Canara,570437,10,1,0,0,0,0,0,0,0,0,0,0,0,31
TXN0000083,2024-01-02T21:32:00,1,M0137,B2B,mid,C01239,20,3,1092,0.1306,17818.56,netbanking,ICICI,581252,21,1,0,0,0,0,0,0,0,0,0,0,1,45
TXN0000084,2024-01-02T21:20:00,1,M0157,SaaS,mid,C01293,247,18,5415,0.1497,3751.2,card,SBI,580442,21,1,0,0,0,0,0,0,0,0,0,0,0,35
TXN0000085,2024-01-02T12:33:00,1,M0182,Retail,high,C01111,200,20,5413,0.0781,4236.81,wallet,Yes,464391,12,1,0,0,0,0,0,0,0,0,0,0,0,71
TXN0000086,2024-01-02T15:16:00,1,M0145,SaaS,low,C00940,81,14,7902,0.1297,4760.98,netbanking,PNB,452216,15,1,0,0,0,0,0,0,0,0,0,0,0,52
TXN0000087,2024-01-02T10:08:00,1,M0125,Retail,low,C01219,19,3,1090,0.1517,876.56,wallet,Axis,410469,10,1,0,0,0,0,0,0,0,0,0,0,0,12
TXN0000088,2024-01-02T09:38:00,1,M0028,Retail,mid,C00691,6,2,1968,0.0842,1667.36,wallet,Axis,542006,9,1,0,0,1,1,0,0,0,0,0,0,0,17
TXN0000089,2024-01-02T19:14:00,1,M0146,Food,mid,C01257,986,89,16081,0.0186,8309.5,wallet,Axis,460864,19,1,0,10,0,0,0,0,0,1,0,0,0,57
TXN0000090,2024-01-02T12:56:00,1,M0113,Services,high,C00906,217,13,6576,0.0693,1989.62,wallet,SBI,505907,12,1,0,0,1,1,0,0,0,0,0,0,0,37
TXN0000091,2024-01-02T22:43:00,1,M0070,Services,low,C00509,13,2,1637,0.1018,930.93,wallet,PNB,423451,22,1,0,0,0,0,0,0,0,0,0,0,0,29
TXN0000092,2024-01-02T19:41:00,1,M0093,SaaS,mid,C00532,185,11,3626,0.1331,2349.71,upi,Kotak,420776,19,1,0,9,0,0,0,0,0,1,0,0,0,21
TXN0000093,2024-01-02T21:14:00,1,M0075,Retail,mid,C00290,20,3,1897,0.2062,3666.49,card,Kotak,543638,21,1,0,0,0,0,0,0,0,0,0,0,0,22
TXN0000094,2024-01-03T18:17:00,2,M0004,Logistics,low,C00400,99,11,6695,0.0759,12162.98,upi,Yes,445034,18,2,0,0,0,1,0,0,0,0,0,0,0,13
TXN0000095,2024-01-03T08:30:00,2,M0128,B2B,high,C01033,8,1,749,0.0884,44721.62,card,Canara,445913,8,2,0,0,0,0,0,0,0,0,1,1,0,22
TXN0000096,2024-01-03T11:00:00,2,M0163,Logistics,high,C01241,62,14,1279,0.1155,10778.34,netbanking,PNB,597035,11,2,0,0,0,0,0,0,0,0,0,0,0,22
TXN0000097,2024-01-03T20:24:00,2,M0128,B2B,high,C01023,277,12,6737,0.1289,38512.16,card,Kotak,503903,20,2,0,0,0,0,0,0,0,1,0,1,0,26
TXN0000098,2024-01-03T12:56:00,2,M0112,Logistics,mid,C00517,15,2,1142,0.0701,7867.74,wallet,PNB,420479,12,2,0,0,0,0,0,0,0,0,0,0,1,44
TXN0000099,2024-01-03T13:00:00,2,M0141,Logistics,low,C00977,20,3,913,0.0585,6186.88,wallet,Yes,562993,13,2,0,12,0,0,0,0,0,0,0,0,1,63
TXN0000100,2024-01-03T13:48:00,2,M0132,Food,mid,C01199,175,11,7389,0.0768,2052.82,wallet,Kotak,437736,13,2,0,0,0,0,0,0,0,0,0,0,0,17
TXN0000101,2024-01-03T04:00:00,2,M0157,SaaS,mid,C00786,74,7,3571,0.0818,1774.29,upi,ICICI,442832,4,2,0,0,0,0,0,0,0,1,0,0,0,42
TXN0000102,2024-01-03T21:31:00,2,M0016,Services,high,C00448,10,3,1642,0.0153,453.53,netbanking,Yes,538073,21,2,0,0,0,0,0,0,0,0,0,0,0,57
TXN0000103,2024-01-03T18:15:00,2,M0150,Retail,mid,C01065,288,10,5394,0.1014,10409.71,netbanking,Kotak,427917,18,2,0,0,0,0,1,0,0,0,1,1,0,66
TXN0000104,2024-01-03T06:34:00,2,M0056,Retail,low,C00509,13,2,1637,0.1018,1980.77,netbanking,HDFC,514196,6,2,0,0,1,1,0,0,0,0,0,0,0,38
TXN0000105,2024-01-03T10:31:00,2,M0121,Food,low,C00062,23,4,1800,0.1931,990.68,card,Yes,555568,10,2,0,0,0,0,0,0,0,1,0,0,1,17
TXN0000106,2024-01-03T20:59:00,2,M0021,SaaS,mid,C00017,816,60,12299,0.0135,3593.5,card,Kotak,496145,20,2,0,0,0,0,0,0,0,0,1,1,0,56
TXN0000107,2024-01-03T20:21:00,2,M0091,Logistics,high,C01364,5,3,568,0.1317,8408.98,wallet,ICICI,470079,20,2,0,0,0,0,0,0,0,0,0,0,0,45
TXN0000108,2024-01-03T15:16:00,2,M0018,SaaS,high,C01254,203,9,7566,0.0232,3457.17,wallet,Canara,494044,15,2,0,0,0,0,0,0,0,0,0,0,0,53
TXN0000109,2024-01-03T18:54:00,2,M0180,Food,low,C00821,7,4,1949,0.2503,407.89,wallet,SBI,439145,18,2,0,0,0,1,0,0,0,1,0,0,1,33
TXN0000110,2024-01-03T12:07:00,2,M0176,SaaS,low,C00655,24,1,1087,0.1257,1528.2,wallet,Axis,490462,12,2,0,0,0,0,0,0,0,1,0,0,1,66
TXN0000111,2024-01-03T16:25:00,2,M0064,Food,high,C00797,781,70,11551,0.0148,3249.16,card,HDFC,443038,16,2,0,0,0,0,0,0,0,0,0,0,0,43
TXN0000112,2024-01-03T10:12:00,2,M0085,SaaS,mid,C00303,64,7,1112,0.0787,1186.54,card,Axis,438746,10,2,0,13,0,0,0,0,0,0,0,0,0,59
TXN0000113,2024-01-03T13:37:00,2,M0190,Services,low,C01034,206,20,3242,0.1247,2299.03,wallet,HDFC,474576,13,2,0,0,0,0,0,0,0,0,0,0,0,52
TXN0000114,2024-01-03T12:56:00,2,M0016,Services,high,C00971,17,3,524,0.1054,3601.02,netbanking,PNB,469564,12,2,0,9,0,0,0,0,1,1,0,0,0,26
TXN0000115,2024-01-03T22:51:00,2,M0115,Services,high,C00489,6,4,1320,0.1016,2000.88,upi,Canara,552089,22,2,0,0,0,0,0,0,0,0,0,0,0,30
TXN0000116,2024-01-03T08:41:00,2,M0199,SaaS,mid,C00237,75,20,6400,0.086,2505.63,netbanking,Kotak,508940,8,2,0,0,0,0,0,0,0,0,0,0,0,58
TXN0000117,2024-01-03T14:04:00,2,M0041,B2B,low,C00740,151,10,1433,0.0615,15125.99,card,ICICI,518303,14,2,0,0,0,0,0,0,0,0,0,0,0,65
TXN0000118,2024-01-03T16:17:00,2,M0199,SaaS,mid,C01094,932,69,17616,0.0048,9032.89,card,SBI,489679,16,2,0,7,0,0,0,0,0,0,0,0,0,46
TXN0000119,2024-01-03T11:48:00,2,M0049,Services,mid,C00980,292,12,7565,0.1281,4387.66,card,Canara,546134,11,2,0,0,0,0,0,0,0,0,0,0,0,53
TXN0000120,2024-01-03T01:42:00,2,M0094,SaaS,high,C00407,219,13,7005,0.033,1941.19,upi,SBI,524106,1,2,0,0,0,0,0,0,0,0,1,1,0,58
TXN0000121,2024-01-03T09:34:00,2,M0194,Retail,mid,C00697,211,15,4432,0.0478,7821.02,card,Kotak,489113,9,2,0,0,0,0,0,0,0,0,0,0,0,45
TXN0000122,2024-01-03T11:01:00,2,M0093,SaaS,mid,C00153,187,16,7531,0.082,4336.15,netbanking,Yes,483443,11,2,0,0,0,0,0,0,0,1,0,0,0,25
TXN0000123,2024-01-03T19:35:00,2,M0149,Services,low,C00161,185,11,2004,0.0423,1878.28,upi,PNB,597211,19,2,0,0,0,0,0,0,0,0,0,0,0,68
TXN0000124,2024-01-03T05:04:00,2,M0107,SaaS,mid,C00190,104,19,5367,0.0534,4101.12,wallet,ICICI,469280,5,2,0,0,0,0,0,0,0,0,1,1,0,69
TXN0000125,2024-01-03T21:44:00,2,M0063,SaaS,high,C00167,951,114,4815,0.0341,2438.79,wallet,HDFC,578627,21,2,0,0,0,0,0,0,0,1,0,0,0,62
TXN0000126,2024-01-03T12:39:00,2,M0186,B2B,mid,C00384,5,4,1105,0.0554,22824.87,upi,PNB,466846,12,2,0,0,0,0,0,0,0,0,0,0,1,19
TXN0000127,2024-01-03T07:11:00,2,M0103,Services,low,C01209,15,4,790,0.0451,1401.61,card,Axis,472495,7,2,0,7,0,0,0,0,0,0,0,0,0,53
TXN0000128,2024-01-03T12:09:00,2,M0053,Retail,low,C01468,266,20,7538,0.0121,4383.4,card,Axis,502029,12,2,0,0,0,0,0,0,0,0,0,0,0,66
TXN0000129,2024-01-03T12:16:00,2,M0169,Food,low,C00497,964,108,22229,0.0384,9388.25,netbanking,SBI,474303,12,2,0,0,0,0,0,1,0,0,1,1,0,12
TXN0000130,2024-01-03T10:14:00,2,M0121,Food,low,C01084,249,17,5055,0.1159,1289.17,card,Canara,500815,10,2,0,0,0,1,0,0,0,0,0,0,1,44
TXN0000131,2024-01-03T09:42:00,2,M0164,Logistics,high,C00296,15,3,1112,0.0281,8667.13,card,Canara,538497,9,2,0,0,0,0,0,0,1,0,0,0,1,32
TXN0000132,2024-01-03T10:30:00,2,M0196,Retail,low,C01412,93,13,3187,0.0774,4587.88,netbanking,ICICI,499594,10,2,0,0,0,0,0,0,0,1,0,0,0,27
TXN0000133,2024-01-03T18:34:00,2,M0083,B2B,low,C00093,16,3,624,0.0975,40444.97,card,Axis,507671,18,2,0,0,0,0,0,0,0,1,1,1,0,38
TXN0000134,2024-01-03T09:13:00,2,M0136,Logistics,mid,C00148,86,15,2092,0.0132,10206.36,upi,Yes,462051,9,2,0,0,0,0,0,0,0,1,0,0,0,28
TXN0000135,2024-01-03T09:10:00,2,M0153,Food,low,C01099,7,3,792,0.1452,478.78,card,Kotak,400024,9,2,0,0,0,0,0,0,0,0,0,0,1,34
TXN0000136,2024-01-03T17:40:00,2,M0192,B2B,mid,C00926,78,16,1245,0.1055,24782.39,card,SBI,477332,17,2,0,0,0,0,0,0,0,0,1,1,0,26
TXN0000137,2024-01-03T18:48:00,2,M0158,Retail,low,C00275,197,10,5545,0.0476,5789.48,wallet,ICICI,422236,18,2,0,0,0,0,0,0,0,1,0,0,0,21
TXN0000138,2024-01-03T08:45:00,2,M0106,Services,high,C00222,96,12,4387,0.0371,3151.8,card,Axis,517718,8,2,0,0,0,0,0,0,0,0,0,0,0,62
TXN0000139,2024-01-03T21:51:00,2,M0113,Services,high,C00571,11,2,917,0.0974,1364.2,upi,SBI,414101,21,2,0,0,0,0,1,0,0,0,1,1,0,72
TXN0000140,2024-01-03T14:47:00,2,M0028,Retail,mid,C01147,236,10,6707,0.0762,3640.28,upi,Axis,541296,14,2,0,0,0,0,1,0,0,0,1,1,0,46
TXN0000141,2024-01-03T19:02:00,2,M0023,Services,low,C00531,823,67,12489,0.0024,4635.37,upi,Yes,520821,19,2,0,0,0,0,0,0,0,1,0,0,0,66
TXN0000142,2024-01-03T18:51:00,2,M0086,Retail,high,C00061,128,6,7251,0.1482,2388.56,upi,SBI,492625,18,2,0,0,0,0,1,0,0,0,0,1,1,62
TXN0000143,2024-01-03T08:34:00,2,M0129,Services,low,C01322,135,8,2793,0.0247,2318.05,upi,Yes,499469,8,2,0,0,0,0,0,0,0,0,0,0,0,41
TXN0000144,2024-01-03T10:21:00,2,M0006,Food,low,C00090,885,113,6805,0.0021,2745.45,netbanking,Yes,573362,10,2,0,0,0,0,0,0,0,0,0,0,0,22
TXN0000145,2024-01-03T03:30:00,2,M0147,SaaS,mid,C00768,814,112,17112,0.0026,15526.9,upi,SBI,432968,3,2,0,0,1,1,0,1,0,1,1,1,0,15
TXN0000146,2024-01-03T20:58:00,2,M0031,Food,mid,C00802,160,17,7837,0.0897,2517.33,card,PNB,588266,20,2,0,0,0,0,1,0,0,0,0,1,0,16
TXN0000147,2024-01-03T07:25:00,2,M0102,Retail,high,C00548,224,15,1904,0.043,978.2,wallet,SBI,496536,7,2,0,0,0,0,0,0,0,0,0,0,0,39
TXN0000148,2024-01-03T06:55:00,2,M0054,Retail,mid,C00213,741,100,11338,0.0295,2858.3,upi,SBI,505717,6,2,0,0,0,0,0,1,0,0,1,1,0,35
TXN0000149,2024-01-03T22:58:00,2,M0087,Logistics,mid,C01113,181,9,1902,0.0152,11037.46,upi,Axis,591569,22,2,0,0,0,0,0,0,0,1,0,0,0,56
TXN0000150,2024-01-03T05:44:00,2,M0128,B2B,high,C01062,298,6,4793,0.2582,20181.72,card,Axis,493077,5,2,0,0,0,0,0,0,0,0,1,1,0,49
TXN0000151,2024-01-03T20:07:00,2,M0080,Logistics,low,C01451,139,19,1913,0.1121,7749.5,card,HDFC,506600,20,2,0,0,0,0,0,0,0,0,0,0,0,17
TXN0000152,2024-01-03T22:24:00,2,M0192,B2B,mid,C01253,293,20,2557,0.2042,40578.96,card,HDFC,407706,22,2,0,0,0,0,0,0,0,0,1,1,0,38
TXN0000153,2024-01-03T21:15:00,2,M0028,Retail,mid,C01125,10,1,633,0.0515,605.32,upi,Axis,502697,21,2,0,0,0,0,0,0,0,0,0,0,0,20
TXN0000154,2024-01-03T07:33:00,2,M0014,Logistics,high,C00156,171,13,6238,0.025,8615.03,wallet,Axis,444721,7,2,0,0,0,0,0,0,0,1,0,0,0,25
TXN0000155,2024-01-03T12:21:00,2,M0155,SaaS,mid,C01232,24,1,1095,0.0993,1154.99,upi,Yes,565276,12,2,0,0,0,0,1,0,0,0,0,1,0,27
TXN0000156,2024-01-03T18:33:00,2,M0126,B2B,low,C00809,22,1,606,0.0443,2583.1,upi,Axis,494718,18,2,0,0,0,0,0,0,0,0,1,1,0,17
TXN0000157,2024-01-03T06:47:00,2,M0195,Food,high,C00055,7,2,505,0.0761,450.04,upi,Canara,564201,6,2,0,0,0,0,0,0,0,0,0,0,0,47
TXN0000158,2024-01-03T22:07:00,2,M0164,Logistics,high,C00292,13,1,1840,0.0605,13616.92,card,PNB,412090,22,2,0,0,0,0,0,0,0,0,0,0,0,51
TXN0000159,2024-01-03T15:03:00,2,M0185,Food,high,C00254,18,3,1362,0.0629,918.4,netbanking,SBI,505606,15,2,0,0,0,0,0,0,0,0,0,0,1,51
TXN0000160,2024-01-03T11:49:00,2,M0160,Services,mid,C00861,1000,68,16236,0.0134,18757.57,netbanking,SBI,540316,11,2,0,0,0,0,0,0,0,0,0,0,0,52
TXN0000161,2024-01-03T10:49:00,2,M0145,SaaS,low,C00508,167,16,3990,0.0381,1124.67,card,Kotak,437038,10,2,0,0,0,0,0,0,0,0,0,0,0,48
TXN0000162,2024-01-03T23:30:00,2,M0143,Logistics,mid,C00112,205,7,1430,0.0376,5989.59,card,Axis,485400,23,2,0,0,0,0,0,0,0,0,0,0,0,35
TXN0000163,2024-01-03T16:35:00,2,M0166,SaaS,mid,C00499,239,13,3033,0.0473,4976.51,wallet,Yes,407848,16,2,0,0,0,0,0,0,0,0,0,0,0,21
TXN0000164,2024-01-03T07:42:00,2,M0103,Services,low,C01209,15,4,790,0.0451,3887.21,upi,SBI,449882,7,2,0,13,1,1,0,0,0,0,0,0,0,33
TXN0000165,2024-01-03T09:34:00,2,M0192,B2B,mid,C00246,158,9,7475,0.1369,19128.06,card,HDFC,401707,9,2,0,0,0,0,0,0,0,0,0,0,1,50
TXN0000166,2024-01-03T16:52:00,2,M0100,Retail,low,C00797,781,70,11551,0.0148,7056.05,upi,Kotak,565114,16,2,0,1,1,1,0,0,0,0,1,1,0,32
TXN0000167,2024-01-03T15:12:00,2,M0013,Logistics,high,C00928,10,3,1635,0.0628,7411.33,netbanking,Kotak,404408,15,2,0,0,0,0,0,0,0,0,1,1,0,50
TXN0000168,2024-01-03T12:08:00,2,M0072,SaaS,high,C00800,21,2,1716,0.1505,431.88,wallet,PNB,412502,12,2,0,0,0,0,0,0,0,0,0,0,0,71
TXN0000169,2024-01-03T11:33:00,2,M0154,Retail,low,C00136,918,106,18128,0.0252,15023.75,netbanking,SBI,453115,11,2,0,0,0,0,0,0,0,0,1,1,0,18
TXN0000170,2024-01-03T08:57:00,2,M0119,Retail,high,C01115,113,12,1457,0.1206,4495.36,netbanking,SBI,522612,8,2,0,0,0,0,0,0,0,0,0,0,0,34
TXN0000171,2024-01-03T20:34:00,2,M0096,Food,mid,C00248,151,17,4537,0.044,1498.87,upi,PNB,472192,20,2,0,0,0,0,0,0,0,1,0,0,0,40
TXN0000172,2024-01-03T12:06:00,2,M0052,Logistics,mid,C01396,132,14,4168,0.1527,7198.0,wallet,SBI,426827,12,2,0,0,0,0,0,0,0,1,0,0,0,71
TXN0000173,2024-01-03T19:50:00,2,M0107,SaaS,mid,C00351,767,93,8574,0.0491,5472.32,card,Yes,507066,19,2,0,0,0,0,0,0,0,1,0,0,0,60
TXN0000174,2024-01-03T14:40:00,2,M0115,Services,high,C00046,899,95,17868,0.007,10421.8,card,HDFC,495705,14,2,0,0,0,0,0,0,0,0,0,0,0,21
TXN0000175,2024-01-03T15:20:00,2,M0021,SaaS,mid,C01349,21,2,1757,0.1363,2268.02,wallet,ICICI,580026,15,2,0,0,0,0,1,0,0,0,1,1,0,58
TXN0000176,2024-01-03T10:25:00,2,M0018,SaaS,high,C01070,15,4,1722,0.1733,524.62,upi,SBI,433259,10,2,0,0,0,0,0,0,0,1,0,0,0,33
TXN0000177,2024-01-03T19:27:00,2,M0008,Retail,low,C01239,20,3,1092,0.1306,2320.72,upi,ICICI,474335,19,2,0,0,1,1,0,0,0,0,0,0,0,44
TXN0000178,2024-01-03T11:11:00,2,M0117,SaaS,low,C00073,293,17,4162,0.1695,3842.15,wallet,ICICI,560962,11,2,0,0,0,0,0,0,0,0,0,0,0,41
TXN0000179,2024-01-04T19:36:00,3,M0156,Services,mid,C01089,837,118,6807,0.0,5067.04,netbanking,HDFC,504488,19,3,0,0,0,0,0,0,0,0,0,0,0,62
TXN0000180,2024-01-04T03:57:00,3,M0060,Services,high,C00755,8,2,1515,0.1589,1333.75,card,Kotak,542021,3,3,0,0,0,0,0,0,0,0,1,1,0,66
TXN0000181,2024-01-04T08:22:00,3,M0095,Food,low,C00549,6,2,719,0.0845,579.46,card,Axis,543178,8,3,0,0,0,0,0,0,0,0,0,0,0,71
TXN0000182,2024-01-04T16:58:00,3,M0026,Retail,high,C00696,22,2,823,0.2265,1455.44,wallet,Axis,582084,16,3,0,0,0,0,0,0,0,0,0,0,0,62
TXN0000183,2024-01-04T02:41:00,3,M0175,Food,low,C00757,18,3,1376,0.032,1534.24,wallet,Kotak,468604,2,3,0,0,0,0,0,0,0,1,1,1,0,52
TXN0000184,2024-01-04T08:53:00,3,M0159,Services,low,C00245,79,14,2330,0.0808,3293.28,netbanking,Yes,453030,8,3,0,0,0,0,0,0,0,0,0,0,0,35
TXN0000185,2024-01-04T19:33:00,3,M0158,Retail,low,C00439,200,16,1597,0.205,3821.69,upi,Kotak,422842,19,3,0,0,0,0,0,0,0,0,0,0,0,41
TXN0000186,2024-01-04T14:38:00,3,M0098,Retail,mid,C01260,748,94,5318,0.0544,5971.75,card,SBI,486741,14,3,0,0,0,0,0,0,0,0,0,0,0,61
TXN0000187,2024-01-04T18:32:00,3,M0109,Services,low,C00852,87,8,7747,0.1301,2869.24,netbanking,Yes,592122,18,3,0,0,0,0,0,0,0,0,0,0,0,62
TXN0000188,2024-01-04T13:19:00,3,M0081,Logistics,high,C01459,135,16,1193,0.0681,13266.75,upi,SBI,480436,13,3,0,0,0,0,0,0,0,1,0,0,0,53
TXN0000189,2024-01-04T03:13:00,3,M0059,Logistics,mid,C00148,86,15,2092,0.0132,3952.89,wallet,SBI,530963,3,3,0,0,1,1,0,0,0,0,0,0,0,71
TXN0000190,2024-01-04T12:18:00,3,M0056,Retail,low,C00866,21,3,753,0.0237,1407.34,upi,Axis,445317,12,3,0,0,0,0,0,0,0,0,0,0,1,18
TXN0000191,2024-01-04T19:00:00,3,M0188,Logistics,mid,C00273,104,14,6033,0.1228,7335.7,wallet,Yes,406350,19,3,0,0,0,0,0,0,0,0,0,0,0,37
TXN0000192,2024-01-04T18:57:00,3,M0132,Food,mid,C01446,83,11,7007,0.0191,1787.04,upi,Yes,437341,18,3,0,0,0,0,0,0,0,0,0,0,0,61
TXN0000193,2024-01-04T09:06:00,3,M0171,Retail,low,C00928,10,3,1635,0.0628,1451.75,card,SBI,407672,9,3,0,0,1,1,0,0,0,1,0,0,1,48
TXN0000194,2024-01-04T08:06:00,3,M0145,SaaS,low,C01259,95,11,5481,0.2295,2025.24,netbanking,Axis,551415,8,3,0,0,0,0,0,0,0,0,0,0,0,32
TXN0000195,2024-01-04T17:29:00,3,M0142,Retail,mid,C00630,19,2,690,0.1924,1213.38,wallet,ICICI,447306,17,3,0,0,0,0,0,0,0,0,0,0,1,66
TXN0000196,2024-01-04T10:42:00,3,M0149,Services,low,C00898,80,7,5412,0.0121,4140.1,card,SBI,439122,10,3,0,0,0,0,0,0,0,0,0,0,0,18
TXN0000197,2024-01-04T20:35:00,3,M0034,Retail,high,C00746,139,16,2138,0.1821,1398.66,wallet,Yes,579200,20,3,0,0,0,0,1,0,0,0,0,1,0,57
TXN0000198,2024-01-04T15:25:00,3,M0095,Food,low,C01366,185,10,4878,0.1548,2890.84,card,PNB,569189,15,3,0,0,0,0,0,0,0,0,1,1,0,62
TXN0000199,2024-01-04T09:46:00,3,M0146,Food,mid,C00656,24,3,1063,0.0277,1406.69,upi,ICICI,479374,9,3,0,0,0,0,0,0,0,1,0,0,0,67
TXN0000200,2024-01-04T08:00:00,3,M0188,Logistics,mid,C01047,82,16,3732,0.0328,4145.77,card,ICICI,454328,8,3,0,0,0,0,0,0,0,0,0,0,0,71
TXN0000201,2024-01-04T07:07:00,3,M0179,Services,low,C00942,268,13,2561,0.1229,2084.76,wallet,SBI,589529,7,3,0,0,0,0,0,0,0,0,0,0,0,45
TXN0000202,2024-01-04T15:46:00,3,M0194,Retail,mid,C00896,126,19,3236,0.055,4995.53,upi,SBI,473936,15,3,0,8,0,0,0,0,0,1,0,0,0,13
TXN0000203,2024-01-04T21:55:00,3,M0142,Retail,mid,C01398,9,4,1905,0.069,1753.61,card,Yes,491743,21,3,0,0,0,0,0,1,0,0,1,1,0,16
TXN0000204,2024-01-04T10:49:00,3,M0189,SaaS,mid,C01341,25,1,695,0.0686,1585.64,netbanking,Yes,501546,10,3,0,0,0,0,0,0,0,0,0,0,1,25
TXN0000205,2024-01-04T08:14:00,3,M0006,Food,low,C00531,823,67,12489,0.0024,5863.37,wallet,Axis,434075,8,3,0,0,1,1,0,0,0,1,0,0,0,53
TXN0000206,2024-01-04T03:03:00,3,M0027,Services,high,C00701,19,4,1356,0.0281,11448.34,netbanking,ICICI,497226,3,3,0,0,0,0,0,0,0,0,0,1,0,34
TXN0000207,2024-01-04T09:30:00,3,M0095,Food,low,C00583,15,2,1989,0.0074,1270.56,upi,HDFC,454321,9,3,0,0,0,0,0,0,0,0,0,0,0,62
TXN0000208,2024-01-04T09:05:00,3,M0105,SaaS,high,C01134,289,7,5087,0.0305,1897.19,upi,Yes,584629,9,3,0,0,0,0,0,0,0,1,0,0,0,44
TXN0000209,2024-01-04T12:14:00,3,M0010,SaaS,high,C00836,932,88,5871,0.004,3315.47,upi,Axis,406498,12,3,0,0,0,0,0,0,1,0,0,0,0,34
TXN0000210,2024-01-04T17:38:00,3,M0136,Logistics,mid,C01081,245,20,7234,0.042,15435.11,wallet,SBI,515206,17,3,0,0,0,0,1,0,0,0,1,1,0,68
TXN0000211,2024-01-04T19:44:00,3,M0100,Retail,low,C00894,209,14,1372,0.0327,2327.95,netbanking,HDFC,597943,19,3,0,0,0,0,1,0,0,1,1,1,0,40
TXN0000212,2024-01-04T09:01:00,3,M0150,Retail,mid,C00994,11,4,839,0.0526,2030.5,netbanking,HDFC,482587,9,3,0,0,0,0,0,0,0,0,0,0,0,16
TXN0000213,2024-01-04T10:53:00,3,M0081,Logistics,high,C00352,777,93,22465,0.0638,18917.63,upi,PNB,500197,10,3,0,13,0,0,0,0,0,0,0,0,0,18
TXN0000214,2024-01-04T13:36:00,3,M0105,SaaS,high,C00782,940,90,5111,0.0167,2276.9,upi,Canara,403843,13,3,0,0,0,0,0,0,0,0,0,0,0,28
TXN0000215,2024-01-04T05:29:00,3,M0042,Logistics,mid,C00882,253,6,5671,0.095,6445.41,upi,Axis,496829,5,3,0,10,0,0,0,0,0,0,0,0,1,48
TXN0000216,2024-01-04T14:57:00,3,M0131,Logistics,high,C01219,19,3,1090,0.1517,15568.28,upi,ICICI,543292,14,3,0,0,0,1,0,0,0,0,0,0,0,31
TXN0000217,2024-01-04T21:56:00,3,M0136,Logistics,mid,C00283,217,9,7429,0.0668,7540.17,upi,Kotak,541582,21,3,0,8,0,0,0,0,0,0,0,0,1,42
TXN0000218,2024-01-04T08:36:00,3,M0170,Logistics,mid,C00191,237,13,5997,0.1009,15861.44,card,PNB,546719,8,3,0,0,0,0,0,0,0,1,0,0,0,58
TXN0000219,2024-01-04T15:17:00,3,M0192,B2B,mid,C00803,10,1,1321,0.1485,54021.09,upi,Canara,544663,15,3,0,0,0,0,0,1,0,1,1,1,0,30
TXN0000220,2024-01-04T17:22:00,3,M0172,Food,mid,C01415,250,20,2725,0.1037,1891.42,wallet,Kotak,559861,17,3,0,0,0,0,0,0,0,0,0,0,0,58
TXN0000221,2024-01-04T13:09:00,3,M0067,Food,mid,C01252,732,96,16370,0.0138,7775.13,netbanking,Axis,565233,13,3,0,0,0,0,1,0,0,0,1,1,0,20
TXN0000222,2024-01-04T11:44:00,3,M0000,Logistics,low,C01029,18,2,615,0.0338,11540.06,upi,PNB,405781,11,3,0,0,0,0,0,0,0,1,0,0,1,31
TXN0000223,2024-01-04T23:40:00,3,M0018,SaaS,high,C00439,200,16,1597,0.205,650.97,card,HDFC,466718,23,3,0,0,1,1,0,0,0,0,0,0,0,37
TXN0000224,2024-01-04T10:09:00,3,M0085,SaaS,mid,C01434,25,1,1438,0.0566,2355.22,upi,Canara,598077,10,3,0,0,0,0,0,0,0,0,0,0,0,71
TXN0000225,2024-01-04T09:34:00,3,M0191,Logistics,high,C00133,8,1,1855,0.0839,11618.44,netbanking,ICICI,516090,9,3,0,0,0,0,0,0,0,0,0,0,1,18
TXN0000226,2024-01-04T15:16:00,3,M0057,Food,high,C00668,824,82,12652,0.0095,31992.91,wallet,Kotak,532834,15,3,0,0,0,0,0,0,0,0,1,1,0,69
TXN0000227,2024-01-04T10:42:00,3,M0023,Services,low,C00670,6,4,1295,0.065,1919.19,wallet,Yes,464591,10,3,0,0,0,0,0,1,0,0,1,1,0,56
TXN0000228,2024-01-04T12:46:00,3,M0011,Food,low,C00719,167,19,7043,0.1785,1839.02,card,ICICI,534917,12,3,0,0,0,0,0,0,0,0,0,0,0,50
TXN0000229,2024-01-04T15:41:00,3,M0014,Logistics,high,C00776,14,4,962,0.1036,7856.77,netbanking,PNB,513073,15,3,0,0,0,0,0,0,0,1,0,0,0,62
TXN0000230,2024-01-04T20:31:00,3,M0111,Logistics,low,C00536,12,4,1407,0.0616,15682.66,upi,PNB,434303,20,3,0,0,0,0,0,0,0,0,0,0,0,28
TXN0000231,2024-01-04T17:03:00,3,M0103,Services,low,C00780,270,19,3194,0.1202,1913.74,upi,SBI,439886,17,3,0,0,0,0,0,0,0,0,0,0,0,63
TXN0000232,2024-01-04T16:19:00,3,M0115,Services,high,C00876,132,11,2499,0.2469,7498.42,netbanking,PNB,415720,16,3,0,11,0,0,0,0,1,0,0,0,0,46
TXN0000233,2024-01-04T11:45:00,3,M0003,SaaS,low,C00221,849,90,21922,0.0167,10952.39,netbanking,Canara,435365,11,3,0,0,0,0,0,0,0,0,0,0,0,28
TXN0000234,2024-01-04T09:48:00,3,M0042,Logistics,mid,C01307,948,86,13577,0.0086,5387.66,card,Yes,469396,9,3,0,0,0,0,0,0,0,1,0,0,0,20
TXN0000235,2024-01-04T13:56:00,3,M0031,Food,mid,C01375,827,66,13174,0.001,8862.98,wallet,Yes,593925,13,3,0,0,0,0,0,0,0,1,0,0,0,68
TXN0000236,2024-01-04T21:28:00,3,M0019,Services,mid,C00228,23,2,1481,0.0503,1572.91,wallet,Axis,463673,21,3,0,0,0,0,0,0,0,0,0,0,0,55
TXN0000237,2024-01-04T20:35:00,3,M0190,Services,low,C00340,144,11,7606,0.0222,5490.17,wallet,Axis,410932,20,3,0,0,0,0,0,0,0,0,0,0,0,24
TXN0000238,2024-01-04T09:46:00,3,M0008,Retail,low,C00791,123,13,7424,0.2396,8523.01,wallet,Canara,524300,9,3,0,7,0,0,0,0,0,0,0,0,0,16
TXN0000239,2024-01-04T11:16:00,3,M0108,Food,high,C00707,138,10,6761,0.0794,1757.19,upi,HDFC,568240,11,3,0,0,0,0,0,0,0,0,0,0,0,63
TXN0000240,2024-01-04T07:34:00,3,M0185,Food,high,C01371,76,11,7758,0.0835,2547.8,card,HDFC,480235,7,3,0,0,0,0,0,0,0,0,0,0,0,49
TXN0000241,2024-01-04T19:43:00,3,M0179,Services,low,C00272,20,3,1722,0.0965,3848.74,netbanking,SBI,453407,19,3,0,0,0,0,0,0,0,0,0,0,1,49
TXN0000242,2024-01-04T18:09:00,3,M0115,Services,high,C00333,64,17,7405,0.1213,5612.96,upi,Axis,443983,18,3,0,0,0,0,0,0,0,1,0,0,0,19
TXN0000243,2024-01-04T07:58:00,3,M0003,SaaS,low,C00379,9,2,1731,0.1003,1190.98,upi,Kotak,449637,7,3,0,0,0,0,0,1,0,0,1,1,0,30
TXN0000244,2024-01-04T21:41:00,3,M0015,Services,low,C01483,8,4,533,0.0062,1095.96,card,Axis,482539,21,3,0,0,0,0,0,0,0,0,0,0,0,49
TXN0000245,2024-01-04T01:53:00,3,M0080,Logistics,low,C01385,233,17,3459,0.019,2351.27,wallet,Canara,419538,1,3,0,0,0,0,0,0,0,0,1,1,0,14
TXN0000246,2024-01-04T01:41:00,3,M0111,Logistics,low,C00886,7,2,1128,0.0251,7382.25,wallet,Yes,426364,1,3,0,0,0,0,0,0,0,0,0,1,1,70
TXN0000247,2024-01-04T13:00:00,3,M0151,Food,low,C00550,194,13,1402,0.0991,1867.75,wallet,SBI,501820,13,3,0,0,0,0,0,0,0,0,0,0,0,45
TXN0000248,2024-01-04T20:36:00,3,M0059,Logistics,mid,C01105,6,2,864,0.0973,6799.32,wallet,SBI,495163,20,3,0,0,0,0,0,0,0,1,1,1,0,41
TXN0000249,2024-01-04T02:05:00,3,M0096,Food,mid,C00047,8,2,892,0.0391,1097.82,upi,Kotak,420620,2,3,0,0,0,0,0,0,0,1,0,0,1,72
TXN0000250,2024-01-04T13:07:00,3,M0146,Food,mid,C00754,16,4,1368,0.0617,1712.96,card,Kotak,424091,13,3,0,0,0,0,0,0,0,0,0,0,1,72
TXN0000251,2024-01-04T15:30:00,3,M0035,SaaS,mid,C00892,96,16,5427,0.0698,2485.99,card,ICICI,545110,15,3,0,0,0,0,0,0,0,1,0,0,0,43
TXN0000252,2024-01-04T00:36:00,3,M0011,Food,low,C00653,167,16,7539,0.0503,3642.46,netbanking,PNB,472118,0,3,0,6,0,0,0,0,0,0,0,0,0,25
TXN0000253,2024-01-04T08:10:00,3,M0034,Retail,high,C00570,877,51,14248,0.0283,16448.71,card,SBI,580577,8,3,0,13,0,0,0,0,0,0,0,0,0,17
TXN0000254,2024-01-04T18:00:00,3,M0034,Retail,high,C00859,229,9,5706,0.017,7721.75,upi,ICICI,550565,18,3,0,0,0,0,1,0,0,1,1,1,0,23
TXN0000255,2024-01-04T18:02:00,3,M0118,Retail,mid,C00223,948,113,4536,0.0514,2522.63,netbanking,HDFC,401206,18,3,0,7,0,0,0,0,0,1,0,0,0,56
TXN0000256,2024-01-04T10:45:00,3,M0167,SaaS,low,C00177,65,7,4221,0.1108,6744.18,wallet,Yes,434473,10,3,0,0,0,0,0,0,0,1,0,0,0,42
TXN0000257,2024-01-04T22:50:00,3,M0196,Retail,low,C00236,165,9,7902,0.1522,3726.41,upi,Kotak,487107,22,3,0,0,0,0,0,0,0,0,0,0,0,47
TXN0000258,2024-01-04T05:57:00,3,M0169,Food,low,C01250,832,75,11273,0.0124,4402.53,card,PNB,538920,5,3,0,0,0,0,0,0,0,0,0,0,0,46
TXN0000259,2024-01-04T14:14:00,3,M0111,Logistics,low,C00079,234,12,5076,0.0979,15858.21,netbanking,PNB,436149,14,3,0,0,0,0,0,0,0,0,0,0,0,15
TXN0000260,2024-01-04T10:05:00,3,M0114,Logistics,mid,C00909,174,15,1042,0.0534,6573.64,upi,HDFC,529337,10,3,0,0,0,0,0,0,0,0,0,0,0,13
TXN0000261,2024-01-04T22:06:00,3,M0170,Logistics,mid,C01228,179,16,4503,0.0867,5711.75,wallet,HDFC,580024,22,3,0,0,0,0,0,0,0,1,0,0,0,13
TXN0000262,2024-01-04T10:58:00,3,M0103,Services,low,C01468,266,20,7538,0.0121,25862.38,netbanking,Yes,415603,10,3,0,0,1,1,0,0,1,0,1,1,0,60
TXN0000263,2024-01-04T08:56:00,3,M0179,Services,low,C00103,278,11,4523,0.0905,1407.7,wallet,ICICI,516114,8,3,0,0,0,0,0,0,0,0,0,0,0,41
TXN0000264,2024-01-04T18:43:00,3,M0152,Retail,high,C01127,140,17,6944,0.0594,2303.88,netbanking,Axis,479708,18,3,0,1,0,0,0,0,0,1,1,1,0,56
TXN0000265,2024-01-04T21:56:00,3,M0148,SaaS,mid,C00242,10,1,1523,0.2298,621.09,upi,Axis,571426,21,3,0,0,0,0,1,0,0,0,1,1,0,69
TXN0000266,2024-01-04T09:23:00,3,M0044,Logistics,low,C01117,9,1,1001,0.0185,4373.73,wallet,HDFC,568853,9,3,0,0,0,0,0,0,1,0,1,1,0,72
TXN0000267,2024-01-04T12:16:00,3,M0140,Logistics,high,C00120,246,9,2935,0.0355,4383.87,card,Kotak,480414,12,3,0,0,0,0,0,1,0,0,1,1,0,35
TXN0000268,2024-01-04T08:20:00,3,M0057,Food,high,C00042,186,15,2489,0.1032,714.61,netbanking,Kotak,434080,8,3,0,0,0,0,0,1,0,1,1,1,0,18
TXN0000269,2024-01-04T15:42:00,3,M0117,SaaS,low,C01100,9,4,1652,0.2786,779.45,upi,PNB,577410,15,3,0,0,0,0,0,0,0,1,0,0,1,52
TXN0000270,2024-01-04T09:00:00,3,M0195,Food,high,C01107,127,7,7462,0.0038,4556.29,wallet,Yes,597718,9,3,0,0,0,0,0,0,0,0,0,0,0,62
TXN0000271,2024-01-04T08:10:00,3,M0139,Logistics,low,C00923,237,15,7979,0.1001,7558.66,upi,SBI,519950,8,3,0,0,0,0,0,0,0,0,0,0,0,16
TXN0000272,2024-01-05T18:00:00,4,M0118,Retail,mid,C00948,163,14,3671,0.0629,4860.43,upi,Canara,589474,18,4,0,0,0,0,0,0,1,0,0,0,0,18
TXN0000273,2024-01-05T09:23:00,4,M0111,Logistics,low,C00217,967,119,16897,0.0128,28064.52,wallet,HDFC,585815,9,4,0,0,0,0,0,0,0,0,0,0,0,33
TXN0000274,2024-01-05T15:13:00,4,M0060,Services,high,C00980,292,12,7565,0.1281,6675.52,netbanking,HDFC,572322,15,4,0,0,0,1,0,0,0,0,0,0,0,22
TXN0000275,2024-01-05T14:40:00,4,M0184,Logistics,high,C00976,5,1,1132,0.0574,9249.39,card,ICICI,417311,14,4,0,0,0,0,0,0,0,0,0,0,0,35
TXN0000276,2024-01-05T16:47:00,4,M0147,SaaS,mid,C01233,239,11,5229,0.0346,6637.31,card,SBI,587941,16,4,0,0,0,0,1,0,0,0,1,1,0,71
TXN0000277,2024-01-05T17:02:00,4,M0032,Food,low,C01424,95,7,5911,0.177,5596.13,upi,Yes,587497,17,4,0,0,0,0,0,0,0,1,0,0,0,65
TXN0000278,2024-01-05T14:39:00,4,M0112,Logistics,mid,C00935,186,20,3198,0.089,8491.78,upi,Canara,478259,14,4,0,0,0,0,0,0,0,0,0,0,0,67
TXN0000279,2024-01-05T07:50:00,4,M0040,SaaS,mid,C01192,732,56,11509,0.0446,10975.6,wallet,SBI,439540,7,4,0,0,0,0,0,1,0,0,1,1,0,24
TXN0000280,2024-01-05T11:35:00,4,M0030,B2B,high,C00859,229,9,5706,0.017,24674.31,card,ICICI,549508,11,4,0,9,1,1,0,0,0,0,0,0,0,35
TXN0000281,2024-01-05T18:19:00,4,M0015,Services,low,C00620,957,114,3817,0.0332,5338.64,upi,Kotak,569665,18,4,0,0,0,1,0,0,0,1,0,0,0,24
TXN0000282,2024-01-05T19:05:00,4,M0033,Logistics,low,C00345,5,4,1662,0.0094,6763.39,netbanking,SBI,426584,19,4,0,0,0,0,0,0,0,0,0,0,0,52
TXN0000283,2024-01-05T06:39:00,4,M0010,SaaS,high,C01093,201,11,7691,0.0981,6059.62,card,Yes,462763,6,4,0,0,0,0,0,0,0,0,0,0,0,30
TXN0000284,2024-01-05T11:15:00,4,M0117,SaaS,low,C00382,183,7,3754,0.1617,8234.28,wallet,PNB,407337,11,4,0,0,0,0,0,0,0,0,0,0,0,35
TXN0000285,2024-01-05T16:31:00,4,M0119,Retail,high,C01490,5,4,570,0.0627,1066.98,card,Yes,462895,16,4,0,0,0,0,0,0,0,0,0,0,0,66
TXN0000286,2024-01-05T18:24:00,4,M0069,SaaS,high,C00804,23,1,528,0.1041,562.53,upi,Yes,562090,18,4,0,0,0,0,1,0,0,0,1,1,0,17
TXN0000287,2024-01-05T10:23:00,4,M0087,Logistics,mid,C00379,9,2,1731,0.1003,16240.71,netbanking,ICICI,469650,10,4,0,0,0,1,0,0,0,1,0,0,1,64
TXN0000288,2024-01-05T09:57:00,4,M0073,SaaS,high,C00107,756,86,22674,0.0092,17322.53,wallet,Axis,427328,9,4,0,0,0,0,0,0,0,0,0,0,0,13
TXN0000289,2024-01-05T13:33:00,4,M0007,Food,mid,C01093,201,11,7691,0.0981,7409.68,card,Axis,495092,13,4,0,0,1,1,0,0,0,0,0,0,0,59
TXN0000290,2024-01-05T12:17:00,4,M0045,Food,high,C00886,7,2,1128,0.0251,2167.13,upi,PNB,489505,12,4,0,0,0,1,0,0,0,0,0,0,0,26
TXN0000291,2024-01-05T11:20:00,4,M0113,Services,high,C00947,734,113,24589,0.037,12524.64,netbanking,SBI,515167,11,4,0,0,0,0,0,0,0,1,1,1,0,71
TXN0000292,2024-01-05T04:01:00,4,M0094,SaaS,high,C00666,124,11,1278,0.1892,1941.3,wallet,HDFC,558391,4,4,0,0,0,0,0,0,0,0,0,0,0,56
TXN0000293,2024-01-05T15:05:00,4,M0031,Food,mid,C00445,21,1,696,0.0372,1329.3,upi,SBI,550893,15,4,0,0,0,0,0,0,0,0,0,0,1,62
TXN0000294,2024-01-05T15:52:00,4,M0063,SaaS,high,C00704,116,9,5699,0.0142,1871.47,card,SBI,400373,15,4,0,0,0,0,0,0,0,0,0,0,0,56
TXN0000295,2024-01-05T09:27:00,4,M0177,Food,low,C00454,11,3,933,0.0749,1260.24,wallet,ICICI,532557,9,4,0,0,0,0,0,0,0,0,0,0,0,24
TXN0000296,2024-01-05T08:06:00,4,M0097,Services,low,C00079,234,12,5076,0.0979,1903.34,wallet,PNB,585454,8,4,0,0,1,1,0,0,0,0,0,0,0,28
TXN0000297,2024-01-05T18:08:00,4,M0199,SaaS,mid,C00824,11,2,1295,0.1478,1207.26,upi,Kotak,466520,18,4,0,0,0,0,0,0,0,0,0,0,1,54
TXN0000298,2024-01-05T11:03:00,4,M0189,SaaS,mid,C01159,941,100,3249,0.047,654.48,wallet,Axis,417476,11,4,0,0,0,0,0,0,0,1,0,0,0,15
TXN0000299,2024-01-05T07:15:00,4,M0069,SaaS,high,C00812,82,15,6818,0.1273,5815.58,upi,Axis,501021,7,4,0,0,0,0,0,1,0,0,1,1,0,44
TXN0000300,2024-01-05T17:42:00,4,M0073,SaaS,high,C01359,892,117,5562,0.035,2655.41,upi,SBI,564156,17,4,0,0,0,0,1,0,0,0,1,1,0,39
TXN0000301,2024-01-05T21:21:00,4,M0184,Logistics,high,C00548,224,15,1904,0.043,3061.29,wallet,Yes,448460,21,4,0,0,0,1,0,0,0,0,0,0,0,63
TXN0000302,2024-01-05T08:00:00,4,M0035,SaaS,mid,C00037,235,8,7522,0.0703,2784.78,wallet,PNB,521309,8,4,0,0,0,0,0,0,0,0,0,0,0,37
TXN0000303,2024-01-05T06:27:00,4,M0009,Retail,low,C01159,941,100,3249,0.047,7007.66,netbanking,Canara,570065,6,4,0,1,1,1,0,0,0,0,0,0,1,65
TXN0000304,2024-01-05T06:49:00,4,M0163,Logistics,high,C00425,783,99,24545,0.0148,15828.35,card,ICICI,553640,6,4,0,0,0,0,0,0,0,0,0,0,0,61
TXN0000305,2024-01-05T10:40:00,4,M0089,Food,low,C00995,165,7,1895,0.1327,2081.88,wallet,Canara,505097,10,4,0,0,0,0,0,0,0,0,0,0,0,40
TXN0000306,2024-01-05T20:27:00,4,M0079,Retail,high,C00182,15,4,1563,0.0823,1831.99,wallet,Kotak,548123,20,4,0,0,0,0,1,0,0,1,0,1,1,41
TXN0000307,2024-01-05T16:08:00,4,M0112,Logistics,mid,C00161,185,11,2004,0.0423,2829.95,upi,SBI,538678,16,4,0,0,0,1,0,0,0,0,1,1,0,25
TXN0000308,2024-01-05T10:18:00,4,M0109,Services,low,C00613,294,20,7531,0.0191,4101.47,netbanking,Yes,597582,10,4,0,0,0,0,0,0,0,0,0,0,0,71
TXN0000309,2024-01-05T06:57:00,4,M0074,Services,high,C00453,155,5,5534,0.0173,3458.64,wallet,Kotak,459353,6,4,0,0,0,0,0,0,0,1,0,0,0,38
TXN0000310,2024-01-05T16:35:00,4,M0067,Food,mid,C00035,14,1,1685,0.0108,1348.74,netbanking,ICICI,465320,16,4,0,0,0,0,0,0,0,0,0,0,0,69
TXN0000311,2024-01-05T08:55:00,4,M0194,Retail,mid,C01169,23,1,727,0.1133,1519.98,wallet,Yes,488258,8,4,0,0,0,1,1,0,0,0,1,1,0,66
TXN0000312,2024-01-05T19:24:00,4,M0199,SaaS,mid,C00257,237,11,4924,0.0529,1912.07,upi,Axis,592371,19,4,0,0,0,0,0,0,0,0,0,0,0,37
TXN0000313,2024-01-05T10:21:00,4,M0091,Logistics,high,C01082,907,96,17695,0.0238,23202.36,netbanking,Yes,544847,10,4,0,0,0,0,0,0,0,1,0,0,0,32
TXN0000314,2024-01-05T21:35:00,4,M0101,Food,low,C00794,294,13,3464,0.0308,1564.8,card,Kotak,519935,21,4,0,0,0,0,0,0,0,1,0,0,0,25
TXN0000315,2024-01-05T13:44:00,4,M0167,SaaS,low,C00220,162,19,2919,0.0824,1825.68,card,Kotak,499989,13,4,0,0,0,0,0,0,0,0,0,0,0,21
TXN0000316,2024-01-05T12:12:00,4,M0167,SaaS,low,C00183,101,17,6050,0.1691,3315.77,netbanking,PNB,502457,12,4,0,0,0,0,0,0,0,0,0,0,0,33
TXN0000317,2024-01-05T23:39:00,4,M0186,B2B,mid,C00326,91,5,1505,0.2531,16261.96,card,Axis,466489,23,4,0,0,0,0,0,0,0,0,1,1,0,58
TXN0000318,2024-01-05T12:59:00,4,M0177,Food,low,C00251,10,4,1419,0.1389,1507.26,card,Kotak,568232,12,4,0,0,0,0,0,0,0,1,0,0,0,72
TXN0000319,2024-01-05T09:31:00,4,M0044,Logistics,low,C00472,10,4,545,0.0467,13395.08,wallet,ICICI,552443,9,4,0,1,0,0,0,0,0,0,1,1,0,70
TXN0000320,2024-01-05T20:26:00,4,M0197,Food,low,C00033,253,5,3025,0.0321,1515.58,netbanking,Kotak,508506,20,4,0,0,0,0,0,0,0,0,0,0,0,50
TXN0000321,2024-01-05T14:34:00,4,M0046,SaaS,high,C00540,122,5,1344,0.0962,617.05,upi,Yes,500998,14,4,0,0,0,0,0,0,0,0,0,0,0,57
TXN0000322,2024-01-05T09:15:00,4,M0065,B2B,high,C01038,6,1,755,0.0897,30007.46,upi,Axis,582685,9,4,0,1,0,0,0,0,0,0,1,1,0,38
TXN0000323,2024-01-05T18:59:00,4,M0190,Services,low,C01257,986,89,16081,0.0186,9300.99,upi,Canara,426744,18,4,0,0,0,1,0,0,0,1,0,0,0,43
TXN0000324,2024-01-05T08:01:00,4,M0099,B2B,low,C00521,13,2,672,0.1413,12758.56,card,Axis,593996,8,4,0,0,0,0,0,0,0,0,0,0,0,64
TXN0000325,2024-01-05T12:57:00,4,M0050,Logistics,high,C00414,216,6,1095,0.0964,16119.11,upi,Yes,560917,12,4,0,0,0,0,0,0,0,0,0,0,0,55
TXN0000326,2024-01-05T08:43:00,4,M0089,Food,low,C00146,81,16,1554,0.283,2961.07,wallet,Axis,470256,8,4,0,0,0,0,0,0,0,0,0,0,0,42
TXN0000327,2024-01-05T08:26:00,4,M0081,Logistics,high,C00349,156,16,5473,0.0569,5931.51,netbanking,ICICI,418700,8,4,0,11,0,0,0,0,0,0,0,0,0,71
TXN0000328,2024-01-05T10:48:00,4,M0196,Retail,low,C00840,273,17,1417,0.0485,1391.63,netbanking,SBI,411205,10,4,0,0,0,0,0,0,0,1,0,0,0,54
TXN0000329,2024-01-05T14:06:00,4,M0066,Food,mid,C01276,24,3,1037,0.1616,957.73,upi,ICICI,446341,14,4,0,14,0,0,0,0,0,1,0,0,0,65
TXN0000330,2024-01-05T16:56:00,4,M0044,Logistics,low,C00156,171,13,6238,0.025,8807.84,upi,Yes,468719,16,4,0,0,0,1,0,0,0,1,0,0,0,31
TXN0000331,2024-01-05T04:24:00,4,M0078,B2B,high,C00273,104,14,6033,0.1228,73921.21,netbanking,Yes,593134,4,4,0,0,1,1,0,0,0,0,1,1,0,30
TXN0000332,2024-01-05T12:08:00,4,M0102,Retail,high,C00636,76,15,2705,0.1601,3588.6,upi,HDFC,474533,12,4,0,0,0,0,0,0,0,1,0,0,1,25
TXN0000333,2024-01-05T20:55:00,4,M0028,Retail,mid,C00576,741,55,11106,0.0526,18390.56,upi,SBI,534660,20,4,0,0,0,0,0,0,0,1,0,0,0,47
TXN0000334,2024-01-05T11:47:00,4,M0005,Logistics,high,C00116,766,100,4386,0.0115,5828.77,upi,HDFC,484348,11,4,0,0,0,1,0,0,0,0,0,0,0,23
TXN0000335,2024-01-05T11:44:00,4,M0069,SaaS,high,C00500,105,20,3571,0.0765,2511.3,wallet,SBI,519901,11,4,0,0,0,0,0,0,0,0,0,0,0,66
TXN0000336,2024-01-05T18:13:00,4,M0058,B2B,low,C00363,794,55,16873,0.0015,37157.65,wallet,SBI,504241,18,4,0,0,0,1,0,0,0,1,0,1,0,47
TXN0000337,2024-01-05T08:57:00,4,M0078,B2B,high,C00222,96,12,4387,0.0371,12037.48,upi,Canara,485292,8,4,0,0,0,1,0,0,0,0,0,0,0,72
TXN0000338,2024-01-05T13:06:00,4,M0179,Services,low,C00040,183,19,4568,0.2166,1596.97,netbanking,Axis,419676,13,4,0,0,0,0,0,0,0,0,0,0,0,40
TXN0000339,2024-01-05T07:37:00,4,M0104,Food,low,C00239,8,2,993,0.0332,826.3,card,PNB,498794,7,4,0,0,0,0,0,0,0,0,0,0,0,37
TXN0000340,2024-01-05T11:53:00,4,M0136,Logistics,mid,C00787,228,7,4251,0.029,19363.2,netbanking,PNB,564698,11,4,0,0,0,0,0,0,0,0,1,1,0,59
TXN0000341,2024-01-05T12:40:00,4,M0076,Services,high,C00279,256,20,5503,0.1075,5543.52,upi,Canara,480476,12,4,0,13,0,0,0,0,0,0,0,0,1,47
TXN0000342,2024-01-05T11:04:00,4,M0090,Logistics,mid,C01404,136,6,5880,0.0288,13850.06,netbanking,Axis,504508,11,4,0,0,0,0,0,0,0,0,0,0,0,46
TXN0000343,2024-01-05T02:18:00,4,M0027,Services,high,C00779,231,10,1152,0.1462,1393.11,upi,SBI,504456,2,4,0,0,0,0,0,0,0,0,0,0,0,37
TXN0000344,2024-01-05T01:34:00,4,M0102,Retail,high,C00593,288,9,4220,0.0945,5846.27,upi,Yes,526475,1,4,0,14,0,0,0,0,0,0,0,0,0,47
TXN0000345,2024-01-05T19:47:00,4,M0060,Services,high,C01267,15,3,1733,0.143,3150.79,wallet,Yes,403335,19,4,0,0,0,0,0,0,0,1,1,1,0,55
TXN0000346,2024-01-05T07:56:00,4,M0088,Food,low,C01474,15,4,808,0.0462,565.82,card,Canara,541914,7,4,0,0,0,1,0,0,0,0,0,0,0,30
TXN0000347,2024-01-05T13:46:00,4,M0110,Food,high,C00919,9,1,623,0.0317,821.54,card,PNB,497612,13,4,0,0,0,1,0,0,0,1,1,1,0,26
TXN0000348,2024-01-05T04:30:00,4,M0069,SaaS,high,C00605,13,3,1579,0.0919,544.3,card,ICICI,484831,4,4,0,0,0,0,0,0,0,0,0,0,1,39
TXN0000349,2024-01-05T08:54:00,4,M0122,Retail,low,C00280,751,106,20902,0.0051,8406.42,wallet,PNB,479580,8,4,0,0,0,0,0,0,0,0,0,0,0,32
TXN0000350,2024-01-05T08:54:00,4,M0095,Food,low,C01223,878,78,4053,0.0134,1461.78,card,HDFC,400871,8,4,0,0,0,0,0,0,0,0,0,0,0,54
TXN0000351,2024-01-05T21:40:00,4,M0047,Logistics,low,C00187,270,12,1258,0.1298,12415.79,netbanking,Yes,444818,21,4,0,0,0,0,0,0,0,0,0,0,0,22
TXN0000352,2024-01-05T15:28:00,4,M0174,SaaS,low,C00709,766,99,13908,0.0162,7589.97,upi,Kotak,517502,15,4,0,0,0,0,0,0,0,1,1,1,0,26
TXN0000353,2024-01-05T07:28:00,4,M0195,Food,high,C00749,21,1,1460,0.0459,1410.58,wallet,Axis,468146,7,4,0,0,0,0,0,0,0,0,0,0,0,25
TXN0000354,2024-01-05T03:12:00,4,M0009,Retail,low,C00682,233,9,7070,0.098,2719.8,wallet,HDFC,534474,3,4,0,0,0,0,0,0,0,0,0,0,0,23
TXN0000355,2024-01-05T14:12:00,4,M0142,Retail,mid,C00139,21,2,1395,0.0205,1620.73,netbanking,Axis,485835,14,4,0,0,0,0,0,1,0,0,1,1,0,63
TXN0000356,2024-01-05T07:27:00,4,M0131,Logistics,high,C00102,143,17,5893,0.0911,4073.13,wallet,ICICI,481367,7,4,0,0,0,0,0,0,0,0,0,0,0,20
TXN0000357,2024-01-05T15:27:00,4,M0150,Retail,mid,C01238,107,9,7705,0.1555,10263.09,wallet,Axis,551372,15,4,0,6,0,0,0,0,1,0,0,0,0,65
TXN0000358,2024-01-06T11:33:00,5,M0041,B2B,low,C00194,804,87,4378,0.0061,39007.2,wallet,Yes,514829,11,5,1,0,0,0,0,0,0,0,0,1,0,35
TXN0000359,2024-01-06T11:33:00,5,M0198,Food,mid,C01004,144,8,1025,0.0719,496.63,upi,SBI,478443,11,5,1,13,0,1,0,0,0,1,0,0,0,50
TXN0000360,2024-01-06T18:33:00,5,M0115,Services,high,C00167,951,114,4815,0.0341,2450.76,wallet,ICICI,421757,18,5,1,0,0,1,0,0,0,1,0,0,0,13
TXN0000361,2024-01-06T19:07:00,5,M0053,Retail,low,C01081,245,20,7234,0.042,4923.43,card,ICICI,516731,19,5,1,11,0,1,0,0,0,1,0,0,1,32
TXN0000362,2024-01-06T18:05:00,5,M0037,Retail,mid,C01147,236,10,6707,0.0762,5152.06,upi,Yes,451159,18,5,1,0,0,1,0,0,0,0,1,1,0,59
TXN0000363,2024-01-06T14:00:00,5,M0190,Services,low,C00248,151,17,4537,0.044,2406.1,wallet,HDFC,550462,14,5,1,0,0,1,0,0,0,0,0,0,0,64
TXN0000364,2024-01-06T04:20:00,5,M0136,Logistics,mid,C00206,15,3,1692,0.1412,30444.98,card,PNB,598580,4,5,1,0,0,0,0,0,0,0,0,1,1,17
TXN0000365,2024-01-06T11:15:00,5,M0055,Services,mid,C01413,15,2,630,0.1079,1182.48,wallet,ICICI,496132,11,5,1,0,0,0,0,0,0,1,0,0,0,54
TXN0000366,2024-01-06T19:15:00,5,M0063,SaaS,high,C00176,890,74,8221,0.0135,14348.66,card,Axis,523610,19,5,1,0,0,0,0,0,0,0,0,0,0,66
TXN0000367,2024-01-06T10:15:00,5,M0040,SaaS,mid,C01115,113,12,1457,0.1206,1726.25,wallet,Yes,566358,10,5,1,7,0,1,0,0,0,0,0,0,0,67
TXN0000368,2024-01-06T22:07:00,5,M0162,Services,high,C00613,294,20,7531,0.0191,4859.1,wallet,SBI,533460,22,5,1,0,0,1,0,1,0,1,1,1,0,28
TXN0000369,2024-01-06T14:37:00,5,M0173,Food,high,C00554,25,3,1881,0.1038,1210.44,upi,SBI,445385,14,5,1,0,0,0,0,0,0,0,0,0,0,29
TXN0000370,2024-01-06T10:22:00,5,M0157,SaaS,mid,C01042,11,2,1733,0.1162,1375.11,card,HDFC,568244,10,5,1,0,0,0,0,0,0,0,0,0,0,47
TXN0000371,2024-01-06T13:33:00,5,M0030,B2B,high,C00216,198,9,6353,0.0248,19928.45,netbanking,Canara,517835,13,5,1,0,0,0,0,0,1,1,0,0,0,26
TXN0000372,2024-01-06T07:22:00,5,M0183,Retail,mid,C00017,816,60,12299,0.0135,9854.94,upi,Kotak,417778,7,5,1,0,0,1,0,0,0,1,0,0,0,67
TXN0000373,2024-01-06T11:29:00,5,M0059,Logistics,mid,C00174,247,16,4266,0.0312,14587.95,card,SBI,470968,11,5,1,0,0,0,0,0,0,0,0,0,0,65
TXN0000374,2024-01-06T17:19:00,5,M0141,Logistics,low,C01317,274,6,6197,0.1133,3340.31,wallet,Kotak,550558,17,5,1,0,0,0,0,0,0,1,0,0,0,35
TXN0000375,2024-01-06T16:11:00,5,M0020,B2B,low,C01015,763,93,15353,0.0415,92272.58,wallet,ICICI,580235,16,5,1,0,0,0,0,0,0,1,1,1,0,12
TXN0000376,2024-01-06T08:59:00,5,M0038,B2B,mid,C01118,9,3,1462,0.0622,16550.83,netbanking,Axis,507287,8,5,1,0,0,0,0,0,0,0,0,0,1,12
TXN0000377,2024-01-06T05:31:00,5,M0086,Retail,high,C00952,62,10,3676,0.0357,2978.02,card,SBI,424516,5,5,1,6,0,0,0,0,0,0,0,0,0,36
TXN0000378,2024-01-06T06:24:00,5,M0144,Retail,low,C00084,95,8,6140,0.1283,6944.87,wallet,ICICI,549285,6,5,1,0,0,0,0,0,0,0,0,0,0,16
TXN0000379,2024-01-06T11:09:00,5,M0121,Food,low,C00012,140,18,5966,0.0165,3163.47,netbanking,SBI,456275,11,5,1,0,0,0,0,0,0,1,0,0,1,17
TXN0000380,2024-01-06T10:52:00,5,M0036,Retail,low,C01360,872,68,17327,0.0162,17516.47,card,SBI,523292,10,5,1,0,0,0,0,0,0,0,0,0,0,50
TXN0000381,2024-01-06T16:17:00,5,M0076,Services,high,C01474,15,4,808,0.0462,15857.14,upi,Yes,540777,16,5,1,0,0,2,0,0,0,0,1,1,0,22
TXN0000382,2024-01-06T19:56:00,5,M0110,Food,high,C01106,884,86,14415,0.044,16622.17,upi,Kotak,481778,19,5,1,0,0,0,0,0,0,1,0,0,0,59
TXN0000383,2024-01-06T06:36:00,5,M0059,Logistics,mid,C00897,64,9,6295,0.0343,22458.83,upi,HDFC,505818,6,5,1,0,0,0,1,0,0,0,1,1,0,45
TXN0000384,2024-01-06T18:14:00,5,M0196,Retail,low,C00412,998,78,24949,0.0394,29798.5,wallet,Yes,471911,18,5,1,0,0,0,0,0,0,1,1,1,0,66
TXN0000385,2024-01-06T21:09:00,5,M0002,B2B,low,C00344,151,12,6452,0.123,42120.02,netbanking,PNB,518865,21,5,1,6,0,0,0,0,0,1,0,1,1,12
TXN0000386,2024-01-06T14:05:00,5,M0000,Logistics,low,C01057,5,2,514,0.1246,8518.36,card,SBI,579702,14,5,1,0,0,0,0,0,0,0,0,0,0,59
TXN0000387,2024-01-06T17:47:00,5,M0148,SaaS,mid,C01378,23,4,818,0.0869,1166.46,upi,PNB,525836,17,5,1,0,0,0,1,0,0,0,1,1,0,14
TXN0000388,2024-01-06T16:15:00,5,M0012,Food,low,C00047,8,2,892,0.0391,2306.04,netbanking,Kotak,486435,16,5,1,7,0,1,0,0,0,0,0,0,0,63
TXN0000389,2024-01-06T01:23:00,5,M0079,Retail,high,C00307,10,1,525,0.1779,297.73,netbanking,PNB,513231,1,5,1,0,0,0,0,0,0,0,0,0,1,18
TXN0000390,2024-01-06T17:34:00,5,M0014,Logistics,high,C01127,140,17,6944,0.0594,36358.02,wallet,SBI,408829,17,5,1,0,0,1,0,0,0,0,0,1,1,16
TXN0000391,2024-01-06T11:12:00,5,M0127,Food,low,C00536,12,4,1407,0.0616,941.55,card,Yes,428097,11,5,1,0,0,1,0,0,0,0,0,0,0,72
TXN0000392,2024-01-06T10:36:00,5,M0017,B2B,low,C01286,75,13,3108,0.007,9748.33,wallet,PNB,406168,10,5,1,0,0,0,0,1,0,1,1,1,0,27
TXN0000393,2024-01-06T17:47:00,5,M0133,SaaS,mid,C00293,25,3,1986,0.1281,1524.04,netbanking,Yes,403022,17,5,1,0,0,0,0,0,0,0,0,0,1,60
TXN0000394,2024-01-06T04:56:00,5,M0083,B2B,low,C00459,61,15,3016,0.1617,16060.17,upi,Yes,462022,4,5,1,0,0,0,0,0,1,0,0,1,1,59
TXN0000395,2024-01-06T19:16:00,5,M0160,Services,mid,C00419,844,108,13878,0.0154,17347.01,card,Canara,575158,19,5,1,0,0,0,0,0,0,0,0,0,0,12
TXN0000396,2024-01-06T11:22:00,5,M0130,Food,low,C00802,160,17,7837,0.0897,14425.1,netbanking,Kotak,524074,11,5,1,13,0,1,0,0,0,1,0,0,0,22
TXN0000397,2024-01-06T03:59:00,5,M0148,SaaS,mid,C00123,211,6,3883,0.0949,3180.54,card,Yes,471270,3,5,1,0,0,0,0,0,0,0,1,1,0,31
TXN0000398,2024-01-06T08:21:00,5,M0185,Food,high,C00858,77,7,3771,0.0765,5818.35,netbanking,Kotak,568510,8,5,1,0,0,0,0,0,0,0,0,0,0,18
TXN0000399,2024-01-06T14:05:00,5,M0171,Retail,low,C01454,216,11,5677,0.16,6825.21,card,ICICI,538473,14,5,1,0,0,0,0,0,0,0,0,0,0,38
TXN0000400,2024-01-06T20:01:00,5,M0137,B2B,mid,C00047,8,2,892,0.0391,53857.88,netbanking,ICICI,590370,20,5,1,0,1,2,0,0,0,0,1,1,0,19
TXN0000401,2024-01-06T19:15:00,5,M0181,Food,high,C00822,175,15,6992,0.2517,8721.92,upi,Canara,544378,19,5,1,0,0,0,0,0,0,0,0,0,0,70
TXN0000402,2024-01-06T21:13:00,5,M0012,Food,low,C00164,66,16,5538,0.1122,1767.8,wallet,HDFC,596402,21,5,1,0,0,0,0,0,0,0,0,0,0,36
TXN0000403,2024-01-06T18:03:00,5,M0039,Logistics,mid,C00726,937,113,7763,0.0556,18645.28,upi,ICICI,454010,18,5,1,0,0,1,0,0,0,0,0,0,0,33
TXN0000404,2024-01-06T16:53:00,5,M0135,Retail,low,C00339,982,119,13127,0.0037,20911.44,upi,ICICI,561367,16,5,1,9,0,0,0,0,0,0,0,0,0,20
TXN0000405,2024-01-06T15:24:00,5,M0051,Food,low,C01386,785,103,16955,0.0407,13342.36,upi,SBI,475181,15,5,1,0,0,0,0,0,0,0,0,0,0,57
TXN0000406,2024-01-06T22:02:00,5,M0140,Logistics,high,C00750,260,8,5929,0.0549,18095.33,wallet,SBI,442537,22,5,1,0,0,0,0,1,0,1,1,1,0,49
TXN0000407,2024-01-06T14:54:00,5,M0009,Retail,low,C00787,228,7,4251,0.029,5271.66,netbanking,SBI,423446,14,5,1,0,0,1,0,0,0,0,0,0,0,65
TXN0000408,2024-01-06T00:59:00,5,M0104,Food,low,C00610,941,55,13937,0.0074,12699.66,netbanking,Axis,584239,0,5,1,0,0,1,0,1,0,1,1,1,0,46
TXN0000409,2024-01-06T10:04:00,5,M0056,Retail,low,C01183,243,15,2751,0.0611,1161.44,upi,Yes,459934,10,5,1,0,0,0,1,0,0,1,1,1,0,70
TXN0000410,2024-01-06T19:35:00,5,M0018,SaaS,high,C00772,10,1,1602,0.0467,1348.16,upi,ICICI,400823,19,5,1,0,0,0,0,0,0,0,0,0,1,68
TXN0000411,2024-01-06T18:09:00,5,M0194,Retail,mid,C00565,261,17,2212,0.0312,4899.12,upi,SBI,543132,18,5,1,0,0,0,0,0,0,0,0,0,0,70
TXN0000412,2024-01-06T14:48:00,5,M0126,B2B,low,C00674,731,115,19078,0.0133,46157.45,wallet,SBI,459528,14,5,1,0,0,0,0,0,0,1,1,1,0,30
TXN0000413,2024-01-06T18:29:00,5,M0074,Services,high,C00891,261,9,3495,0.0819,2903.4,wallet,Axis,526131,18,5,1,0,0,0,0,0,0,1,0,0,0,18
TXN0000414,2024-01-06T01:11:00,5,M0124,Retail,low,C00651,21,1,1571,0.0791,1573.31,card,Yes,468042,1,5,1,0,0,0,0,0,0,0,0,0,1,45
TXN0000415,2024-01-06T13:19:00,5,M0103,Services,low,C00302,195,5,3958,0.0569,6133.05,card,Yes,454590,13,5,1,0,0,0,0,0,0,0,0,0,0,37
TXN0000416,2024-01-06T07:57:00,5,M0121,Food,low,C00855,10,1,1044,0.075,1253.69,wallet,Axis,446233,7,5,1,0,0,0,0,0,0,0,0,0,0,35
TXN0000417,2024-01-06T02:33:00,5,M0199,SaaS,mid,C00481,9,3,1477,0.2252,916.55,upi,Yes,450292,2,5,1,11,0,0,0,0,0,0,0,0,0,38
TXN0000418,2024-01-06T20:31:00,5,M0115,Services,high,C00118,24,4,1912,0.1164,4406.28,card,Canara,455065,20,5,1,0,0,0,0,0,0,0,0,0,1,20
TXN0000419,2024-01-06T13:38:00,5,M0116,Services,low,C01492,24,1,1137,0.1009,6142.82,wallet,Axis,408488,13,5,1,0,0,0,0,0,0,0,0,0,1,65
TXN0000420,2024-01-06T20:47:00,5,M0108,Food,high,C01184,214,11,5319,0.0395,4510.25,upi,HDFC,510704,20,5,1,0,0,0,0,0,0,0,0,0,0,40
TXN0000421,2024-01-06T20:43:00,5,M0118,Retail,mid,C00039,99,18,2442,0.1739,1919.4,netbanking,Kotak,498758,20,5,1,0,0,0,1,1,0,0,1,1,0,67
TXN0000422,2024-01-06T12:15:00,5,M0112,Logistics,mid,C00327,221,7,5770,0.1545,14006.05,netbanking,Yes,428501,12,5,1,0,0,0,1,0,0,1,1,1,0,50
TXN0000423,2024-01-06T18:11:00,5,M0057,Food,high,C00260,765,102,19361,0.0032,9623.14,upi,Kotak,547642,18,5,1,0,0,0,1,0,0,1,1,1,0,65
TXN0000424,2024-01-06T10:10:00,5,M0110,Food,high,C01471,226,11,7159,0.0178,3471.71,wallet,HDFC,532557,10,5,1,0,0,1,0,0,0,0,0,0,0,64
TXN0000425,2024-01-06T08:49:00,5,M0000,Logistics,low,C00857,994,96,3975,0.0102,22769.7,card,SBI,441124,8,5,1,0,0,0,0,0,0,1,0,0,0,25
TXN0000426,2024-01-06T05:09:00,5,M0044,Logistics,low,C00013,300,11,3983,0.0544,17702.86,netbanking,HDFC,459254,5,5,1,0,0,0,0,0,0,0,0,1,0,64
TXN0000427,2024-01-06T15:48:00,5,M0141,Logistics,low,C01147,236,10,6707,0.0762,3904.59,card,ICICI,433115,15,5,1,14,1,2,0,0,0,0,0,0,1,60
TXN0000428,2024-01-06T12:21:00,5,M0069,SaaS,high,C00185,236,5,5889,0.0713,1547.6,card,ICICI,526123,12,5,1,0,0,0,0,0,0,0,0,0,0,29
TXN0000429,2024-01-06T15:55:00,5,M0040,SaaS,mid,C00134,24,2,1976,0.0714,3131.48,card,ICICI,526253,15,5,1,0,0,0,0,0,0,0,0,0,0,20
TXN0000430,2024-01-06T19:40:00,5,M0108,Food,high,C00561,25,3,576,0.1278,666.21,upi,HDFC,549705,19,5,1,0,0,0,0,0,0,0,0,0,0,68
TXN0000431,2024-01-06T05:10:00,5,M0136,Logistics,mid,C00550,194,13,1402,0.0991,6579.62,card,ICICI,552538,5,5,1,0,0,1,1,0,0,1,1,1,0,54
TXN0000432,2024-01-06T14:40:00,5,M0012,Food,low,C01059,819,59,15027,0.0351,15974.04,netbanking,Yes,583608,14,5,1,0,0,0,0,0,0,0,0,0,0,49
TXN0000433,2024-01-06T13:27:00,5,M0046,SaaS,high,C00015,18,4,1887,0.0832,989.56,upi,Yes,561876,13,5,1,0,0,0,0,0,0,1,0,0,0,41
TXN0000434,2024-01-06T18:47:00,5,M0183,Retail,mid,C01111,200,20,5413,0.0781,2801.91,card,HDFC,593896,18,5,1,0,0,1,0,0,0,0,0,0,0,20
TXN0000435,2024-01-06T21:55:00,5,M0168,Food,high,C01197,114,5,6492,0.0567,5719.69,upi,SBI,492449,21,5,1,0,0,1,0,0,0,0,0,0,0,52
TXN0000436,2024-01-06T08:48:00,5,M0103,Services,low,C00344,151,12,6452,0.123,4407.19,card,HDFC,403524,8,5,1,1,1,1,0,0,0,0,0,0,0,37
TXN0000437,2024-01-06T11:16:00,5,M0043,Logistics,high,C01420,162,18,3883,0.1507,8826.8,upi,HDFC,588003,11,5,1,0,0,0,0,0,0,1,0,0,0,59
TXN0000438,2024-01-06T18:34:00,5,M0194,Retail,mid,C00172,224,14,4956,0.0526,4129.25,upi,SBI,520954,18,5,1,0,0,0,0,0,0,1,0,0,0,37
TXN0000439,2024-01-06T12:53:00,5,M0071,Retail,low,C00819,79,12,7293,0.1004,1372.6,netbanking,HDFC,403860,12,5,1,0,0,0,0,1,0,1,1,1,0,23
TXN0000440,2024-01-06T12:09:00,5,M0051,Food,low,C00555,100,19,3886,0.0597,2033.84,netbanking,Kotak,586791,12,5,1,0,0,0,0,0,0,0,1,1,0,20
TXN0000441,2024-01-06T20:18:00,5,M0051,Food,low,C01465,199,13,5560,0.1649,1687.26,upi,PNB,581546,20,5,1,0,0,0,0,0,0,1,0,0,0,30
TXN0000442,2024-01-06T07:35:00,5,M0046,SaaS,high,C01277,952,104,4871,0.0312,2501.65,netbanking,Axis,516731,7,5,1,0,0,2,0,0,0,0,0,0,0,16
TXN0000443,2024-01-06T12:21:00,5,M0196,Retail,low,C01016,260,18,7622,0.0549,3172.74,netbanking,Axis,499221,12,5,1,0,0,0,0,0,0,1,0,0,0,47
TXN0000444,2024-01-06T08:27:00,5,M0145,SaaS,low,C00084,95,8,6140,0.1283,2402.56,netbanking,Yes,526277,8,5,1,0,1,1,0,0,0,1,1,1,0,17
TXN0000445,2024-01-06T14:01:00,5,M0100,Retail,low,C01487,880,97,23236,0.0125,9196.88,wallet,ICICI,476965,14,5,1,0,0,0,1,0,0,0,1,1,0,70
TXN0000446,2024-01-07T18:53:00,6,M0067,Food,mid,C00564,116,9,1413,0.1264,1428.55,upi,Yes,572784,18,6,1,0,0,0,0,0,0,0,0,0,0,45
TXN0000447,2024-01-07T21:09:00,6,M0095,Food,low,C01059,819,59,15027,0.0351,14302.93,netbanking,HDFC,582846,21,6,1,0,0,1,0,0,0,0,1,1,0,47
TXN0000448,2024-01-07T11:56:00,6,M0098,Retail,mid,C00041,872,107,10990,0.0263,5082.89,wallet,Canara,574554,11,6,1,0,0,0,0,0,0,0,0,0,1,42
TXN0000449,2024-01-07T17:26:00,6,M0179,Services,low,C00246,158,9,7475,0.1369,5810.26,wallet,Yes,457155,17,6,1,0,0,1,0,0,0,0,0,0,0,50
TXN0000450,2024-01-07T11:19:00,6,M0011,Food,low,C00793,792,118,10745,0.0392,5557.75,netbanking,HDFC,575831,11,6,1,11,0,0,0,0,0,0,0,0,0,20
TXN0000451,2024-01-07T19:27:00,6,M0030,B2B,high,C01422,271,19,2285,0.0622,22216.29,upi,PNB,442692,19,6,1,0,0,0,0,0,0,0,0,0,1,69
TXN0000452,2024-01-07T13:39:00,6,M0003,SaaS,low,C00971,17,3,524,0.1054,1234.29,card,Axis,521543,13,6,1,0,0,1,0,0,0,0,0,0,0,71
TXN0000453,2024-01-07T15:10:00,6,M0001,Retail,high,C01093,201,11,7691,0.0981,3190.57,card,Yes,479295,15,6,1,0,0,2,0,0,0,0,0,0,0,56
TXN0000454,2024-01-07T15:26:00,6,M0004,Logistics,low,C00231,970,90,9656,0.0095,4551.51,card,Kotak,460817,15,6,1,0,0,0,0,0,0,0,0,0,0,61
TXN0000455,2024-01-07T17:52:00,6,M0071,Retail,low,C01348,868,116,13563,0.0197,20466.28,card,ICICI,490109,17,6,1,0,0,0,0,0,0,0,0,0,0,67
TXN0000456,2024-01-07T09:49:00,6,M0193,B2B,low,C00106,22,3,1872,0.0279,7278.78,wallet,HDFC,557044,9,6,1,0,0,0,0,0,0,0,0,0,1,31
TXN0000457,2024-01-07T13:34:00,6,M0010,SaaS,high,C00913,120,7,7354,0.1533,6987.81,wallet,SBI,570729,13,6,1,0,0,0,0,1,0,1,1,1,0,31
TXN0000458,2024-01-07T13:42:00,6,M0134,Services,low,C00668,824,82,12652,0.0095,15711.58,upi,PNB,428882,13,6,1,0,0,1,0,0,0,0,0,0,0,37
TXN0000459,2024-01-07T19:15:00,6,M0033,Logistics,low,C00031,114,19,3677,0.0731,10592.1,card,Yes,555939,19,6,1,0,0,0,0,0,0,0,0,0,0,53
TXN0000460,2024-01-07T21:09:00,6,M0064,Food,high,C00684,263,8,4737,0.1664,10555.2,card,Axis,520200,21,6,1,0,0,0,0,0,0,1,1,1,0,47
TXN0000461,2024-01-07T21:03:00,6,M0068,B2B,low,C01167,151,10,2963,0.1531,18074.32,netbanking,HDFC,492256,21,6,1,0,0,0,0,0,0,0,0,0,0,39
TXN0000462,2024-01-07T19:50:00,6,M0065,B2B,high,C01026,84,9,3649,0.1314,58111.98,card,ICICI,492347,19,6,1,0,0,0,0,0,0,0,1,1,0,43
TXN0000463,2024-01-07T08:08:00,6,M0063,SaaS,high,C01060,157,10,4057,0.1045,2328.15,netbanking,Canara,574739,8,6,1,0,0,0,1,0,0,1,0,1,1,15
TXN0000464,2024-01-07T08:26:00,6,M0065,B2B,high,C00380,17,3,1440,0.0452,27688.82,netbanking,PNB,559979,8,6,1,0,0,0,0,0,0,0,0,0,1,72
TXN0000465,2024-01-07T17:50:00,6,M0153,Food,low,C01346,8,1,1368,0.0887,2417.91,wallet,SBI,497561,17,6,1,0,0,0,0,0,0,0,0,0,0,31
TXN0000466,2024-01-07T13:55:00,6,M0031,Food,mid,C00505,18,4,1607,0.0104,887.08,card,PNB,402580,13,6,1,0,0,0,0,0,0,0,0,0,1,30
TXN0000467,2024-01-07T12:25:00,6,M0076,Services,high,C00101,290,7,3638,0.1309,5647.31,upi,Axis,478779,12,6,1,0,0,0,0,0,0,1,0,0,0,63
TXN0000468,2024-01-07T03:39:00,6,M0147,SaaS,mid,C01015,763,93,15353,0.0415,16132.85,card,Kotak,402977,3,6,1,0,1,1,0,0,0,0,1,1,0,53
TXN0000469,2024-01-07T19:01:00,6,M0038,B2B,mid,C00113,166,13,2765,0.0701,24486.24,wallet,SBI,548998,19,6,1,0,0,0,0,0,0,0,1,1,0,46
TXN0000470,2024-01-07T13:56:00,6,M0008,Retail,low,C01329,214,5,6916,0.0088,10445.52,wallet,ICICI,537938,13,6,1,0,0,0,0,1,0,0,1,1,0,42
TXN0000471,2024-01-07T18:54:00,6,M0039,Logistics,mid,C01334,8,4,1842,0.0547,27793.26,card,Canara,573139,18,6,1,0,0,0,0,0,0,0,1,1,0,18
TXN0000472,2024-01-07T15:04:00,6,M0003,SaaS,low,C00106,22,3,1872,0.0279,1524.13,upi,Axis,535170,15,6,1,0,1,1,0,0,0,1,0,0,0,14
TXN0000473,2024-01-07T19:19:00,6,M0048,SaaS,mid,C00610,941,55,13937,0.0074,26628.3,wallet,PNB,433730,19,6,1,0,0,2,0,0,0,0,1,1,0,16
TXN0000474,2024-01-07T06:48:00,6,M0001,Retail,high,C01416,206,7,6172,0.1246,7832.86,card,Yes,420567,6,6,1,9,0,0,0,0,0,0,0,0,0,28
TXN0000475,2024-01-07T11:00:00,6,M0009,Retail,low,C01239,20,3,1092,0.1306,3733.08,wallet,Yes,465241,11,6,1,0,0,2,0,0,0,1,0,0,0,37
TXN0000476,2024-01-07T05:00:00,6,M0012,Food,low,C01324,148,17,6773,0.0247,3727.07,card,SBI,446716,5,6,1,0,0,0,0,0,0,0,0,0,0,55
TXN0000477,2024-01-07T18:47:00,6,M0053,Retail,low,C01205,6,1,1678,0.0732,1238.34,wallet,HDFC,439728,18,6,1,0,0,0,0,0,0,1,0,0,0,56
TXN0000478,2024-01-07T16:45:00,6,M0086,Retail,high,C00185,236,5,5889,0.0713,9190.19,netbanking,HDFC,531894,16,6,1,0,0,1,0,0,0,0,0,0,0,60
TXN0000479,2024-01-07T22:35:00,6,M0196,Retail,low,C00884,81,15,4291,0.1355,3307.46,upi,ICICI,452348,22,6,1,10,0,0,0,0,0,0,0,0,0,63
TXN0000480,2024-01-07T09:21:00,6,M0099,B2B,low,C00775,14,3,1392,0.0331,12490.63,card,SBI,404742,9,6,1,13,0,0,0,0,0,0,0,0,0,42
TXN0000481,2024-01-07T11:17:00,6,M0173,Food,high,C00014,91,14,5154,0.0628,1781.74,upi,Canara,596795,11,6,1,0,0,0,0,0,0,0,0,0,0,16
TXN0000482,2024-01-07T09:56:00,6,M0158,Retail,low,C01172,822,88,3332,0.0419,2341.95,netbanking,Axis,403567,9,6,1,0,0,0,0,0,0,0,0,0,0,59
TXN0000483,2024-01-07T19:58:00,6,M0136,Logistics,mid,C00616,911,58,7892,0.0092,5168.48,upi,Yes,411538,19,6,1,12,0,0,0,0,0,0,0,0,0,53
TXN0000484,2024-01-07T00:34:00,6,M0022,Retail,low,C01325,235,12,1237,0.041,2252.51,upi,SBI,495639,0,6,1,0,0,0,1,0,0,0,1,1,0,33
TXN0000485,2024-01-07T17:23:00,6,M0040,SaaS,mid,C01410,23,4,940,0.1409,1974.97,netbanking,Canara,477404,17,6,1,14,0,0,0,0,0,1,0,0,0,29
TXN0000486,2024-01-07T15:44:00,6,M0161,Services,mid,C01209,15,4,790,0.0451,1304.34,wallet,Yes,564954,15,6,1,0,0,2,0,0,0,1,1,1,0,68
TXN0000487,2024-01-07T20:38:00,6,M0072,SaaS,high,C00676,205,16,3731,0.1246,2066.46,upi,PNB,436579,20,6,1,0,0,0,0,0,0,0,0,0,0,40
TXN0000488,2024-01-07T18:57:00,6,M0002,B2B,low,C00606,221,7,4962,0.1239,21582.8,card,HDFC,417786,18,6,1,0,0,0,1,0,0,0,1,1,0,52
TXN0000489,2024-01-07T12:22:00,6,M0023,Services,low,C00866,21,3,753,0.0237,2119.39,upi,PNB,469262,12,6,1,0,0,1,0,0,0,0,0,0,0,18
TXN0000490,2024-01-07T17:07:00,6,M0174,SaaS,low,C00655,24,1,1087,0.1257,1103.8,wallet,Axis,512639,17,6,1,0,0,1,0,0,0,0,0,0,0,47
TXN0000491,2024-01-07T14:25:00,6,M0060,Services,high,C00398,5,2,752,0.1093,2096.25,wallet,Canara,591636,14,6,1,0,0,0,1,0,0,1,1,1,0,66
TXN0000492,2024-01-07T02:23:00,6,M0001,Retail,high,C01315,189,15,3261,0.0741,1737.99,wallet,Kotak,467915,2,6,1,0,0,0,0,0,0,0,0,0,0,70
TXN0000493,2024-01-07T11:51:00,6,M0034,Retail,high,C00659,113,16,1445,0.1625,1432.36,card,Axis,588987,11,6,1,0,0,0,0,0,0,0,0,0,0,21
TXN0000494,2024-01-07T14:16:00,6,M0011,Food,low,C00279,256,20,5503,0.1075,2266.93,netbanking,Canara,572973,14,6,1,0,0,1,1,0,0,0,1,1,0,21
TXN0000495,2024-01-07T19:55:00,6,M0155,SaaS,mid,C00018,850,89,10361,0.0377,10501.1,upi,Axis,544471,19,6,1,0,0,0,0,0,0,1,0,0,0,12
TXN0000496,2024-01-07T18:27:00,6,M0183,Retail,mid,C00805,90,12,6845,0.0346,3296.12,upi,PNB,505331,18,6,1,0,0,0,0,0,0,0,0,0,0,13
TXN0000497,2024-01-07T09:51:00,6,M0113,Services,high,C00007,283,18,6084,0.1851,2989.61,upi,HDFC,567854,9,6,1,0,0,0,0,1,0,0,1,1,0,58
TXN0000498,2024-01-07T16:55:00,6,M0013,Logistics,high,C00270,170,17,1239,0.1579,14230.34,upi,HDFC,464254,16,6,1,12,0,0,0,0,0,1,0,0,0,44
TXN0000499,2024-01-07T21:56:00,6,M0169,Food,low,C00730,110,5,1684,0.0888,2428.53,card,Canara,596230,21,6,1,0,0,0,0,0,0,0,0,0,0,29
TXN0000500,2024-01-07T17:56:00,6,M0153,Food,low,C00158,205,6,5956,0.039,3399.99,card,SBI,434547,17,6,1,0,0,0,0,0,0,0,0,0,0,28
TXN0000501,2024-01-07T14:45:00,6,M0097,Services,low,C00207,289,14,6654,0.0346,3234.59,upi,HDFC,583449,14,6,1,0,0,0,0,0,0,0,0,0,0,39
TXN0000502,2024-01-07T14:33:00,6,M0189,SaaS,mid,C01431,750,96,16088,0.0245,5443.39,wallet,ICICI,534582,14,6,1,0,0,0,0,0,0,0,0,0,0,70
TXN0000503,2024-01-07T16:03:00,6,M0032,Food,low,C00419,844,108,13878,0.0154,6358.43,netbanking,Yes,505070,16,6,1,0,1,1,0,0,0,0,0,0,0,48
TXN0000504,2024-01-07T10:27:00,6,M0153,Food,low,C01098,21,2,1988,0.0213,886.57,wallet,ICICI,413289,10,6,1,13,0,0,0,0,0,1,0,0,1,68
TXN0000505,2024-01-07T00:26:00,6,M0036,Retail,low,C00854,25,3,1185,0.0337,901.21,netbanking,Yes,597029,0,6,1,0,0,0,0,0,0,0,0,0,0,34
TXN0000506,2024-01-07T00:03:00,6,M0025,Food,mid,C00352,777,93,22465,0.0638,7464.9,netbanking,Kotak,485221,0,6,1,7,0,1,0,0,0,1,0,0,0,28
TXN0000507,2024-01-07T15:59:00,6,M0077,Services,high,C00532,185,11,3626,0.1331,1433.84,wallet,HDFC,591414,15,6,1,9,0,1,0,0,0,1,0,0,0,27
TXN0000508,2024-01-07T21:32:00,6,M0104,Food,low,C00397,20,3,885,0.0456,1302.45,netbanking,ICICI,455729,21,6,1,0,0,0,1,0,0,0,0,1,0,49
TXN0000509,2024-01-07T13:31:00,6,M0197,Food,low,C00887,8,3,791,0.0813,1780.01,netbanking,PNB,559748,13,6,1,0,0,0,0,0,0,1,0,0,1,32
TXN0000510,2024-01-07T11:44:00,6,M0010,SaaS,high,C00950,23,4,1808,0.0475,438.12,netbanking,HDFC,436793,11,6,1,0,0,0,0,0,0,0,0,0,0,22
TXN0000511,2024-01-07T20:54:00,6,M0183,Retail,mid,C01263,11,4,1896,0.0942,1627.43,upi,Canara,450124,20,6,1,0,0,0,0,1,0,1,1,1,0,26
TXN0000512,2024-01-07T12:34:00,6,M0024,B2B,mid,C01154,150,18,5285,0.0879,53226.51,wallet,Kotak,580023,12,6,1,0,0,0,0,0,0,1,1,1,0,12
TXN0000513,2024-01-07T15:50:00,6,M0128,B2B,high,C01069,740,66,8096,0.0128,35869.81,card,SBI,512554,15,6,1,0,0,0,0,0,0,0,1,1,0,58
TXN0000514,2024-01-07T08:26:00,6,M0140,Logistics,high,C00771,123,12,6309,0.0529,26623.48,card,ICICI,497394,8,6,1,0,0,0,0,0,0,0,0,0,0,71
TXN0000515,2024-01-07T10:09:00,6,M0195,Food,high,C00184,241,14,4890,0.1259,2667.45,card,SBI,520630,10,6,1,0,0,0,0,0,0,1,0,0,0,42
TXN0000516,2024-01-07T19:03:00,6,M0030,B2B,high,C00922,111,11,7432,0.022,13819.54,wallet,HDFC,575924,19,6,1,0,0,0,0,1,0,1,1,1,0,41
TXN0000517,2024-01-07T15:28:00,6,M0114,Logistics,mid,C01189,130,15,7174,0.0537,8668.42,wallet,Axis,521312,15,6,1,0,0,0,0,0,0,0,0,0,1,16
TXN0000518,2024-01-07T10:32:00,6,M0082,B2B,high,C01011,969,71,17623,0.0588,39751.85,wallet,Axis,537658,10,6,1,0,0,0,0,0,0,1,1,1,0,13
TXN0000519,2024-01-07T14:43:00,6,M0175,Food,low,C00980,292,12,7565,0.1281,3698.67,upi,ICICI,440550,14,6,1,0,0,2,0,0,0,0,1,1,0,46
TXN0000520,2024-01-07T18:32:00,6,M0133,SaaS,mid,C01318,11,3,1462,0.0305,949.37,upi,HDFC,519192,18,6,1,0,0,0,0,0,0,1,0,0,0,61
TXN0000521,2024-01-07T15:14:00,6,M0037,Retail,mid,C01207,103,11,3847,0.1379,3479.92,netbanking,HDFC,510290,15,6,1,0,0,0,0,0,0,0,0,0,0,51
TXN0000522,2024-01-07T18:28:00,6,M0105,SaaS,high,C01062,298,6,4793,0.2582,2285.81,netbanking,Canara,577240,18,6,1,0,0,1,0,0,0,0,0,0,0,53
TXN0000523,2024-01-07T20:14:00,6,M0023,Services,low,C01074,6,4,1334,0.1,2285.44,netbanking,Canara,413475,20,6,1,0,0,0,0,0,0,0,0,0,1,60
TXN0000524,2024-01-07T14:28:00,6,M0039,Logistics,mid,C00464,277,10,7203,0.1165,17419.75,wallet,Canara,540961,14,6,1,0,0,0,0,0,0,0,1,1,0,26
TXN0000525,2024-01-07T11:32:00,6,M0163,Logistics,high,C00619,137,11,5301,0.0478,23535.68,card,PNB,590219,11,6,1,0,0,0,0,0,0,0,1,1,0,64
TXN0000526,2024-01-07T15:30:00,6,M0005,Logistics,high,C00135,132,19,2916,0.0791,2916.52,card,Canara,461216,15,6,1,0,0,0,0,0,0,0,0,0,0,47
TXN0000527,2024-01-07T19:21:00,6,M0198,Food,mid,C00426,215,12,3241,0.083,2597.45,netbanking,Kotak,540913,19,6,1,11,0,0,0,0,0,0,0,0,0,36
TXN0000528,2024-01-07T18:54:00,6,M0006,Food,low,C00955,271,17,5954,0.1364,6173.96,wallet,Kotak,594176,18,6,1,0,0,0,0,0,0,0,0,0,0,19
TXN0000529,2024-01-07T21:57:00,6,M0108,Food,high,C00130,930,66,22498,0.0304,10645.6,netbanking,Kotak,575019,21,6,1,0,0,0,0,0,0,0,0,0,0,15
TXN0000530,2024-01-07T17:51:00,6,M0180,Food,low,C01209,15,4,790,0.0451,446.9,card,Axis,407516,17,6,1,0,1,3,1,0,0,0,1,1,0,66
TXN0000531,2024-01-07T11:52:00,6,M0162,Services,high,C00712,22,1,1648,0.1887,3202.14,upi,HDFC,436582,11,6,1,0,0,0,0,0,0,0,0,0,0,70
TXN0000532,2024-01-07T17:14:00,6,M0061,Services,low,C00569,66,14,2386,0.1049,4398.86,netbanking,HDFC,424585,17,6,1,0,0,0,0,0,0,0,0,0,0,16
TXN0000533,2024-01-07T11:17:00,6,M0083,B2B,low,C00306,139,18,6979,0.0673,31518.95,wallet,Yes,513844,11,6,1,0,0,0,0,0,0,1,1,1,0,63
TXN0000534,2024-01-07T13:08:00,6,M0096,Food,mid,C00107,756,86,22674,0.0092,6119.17,card,SBI,527393,13,6,1,0,0,1,1,0,0,0,0,1,0,68
TXN0000535,2024-01-07T09:54:00,6,M0067,Food,mid,C00189,240,9,5249,0.0397,2434.42,netbanking,Kotak,579135,9,6,1,0,0,0,0,0,0,0,0,0,0,42
TXN0000536,2024-01-07T14:19:00,6,M0036,Retail,low,C00369,128,16,1165,0.0715,1973.61,card,SBI,493742,14,6,1,13,0,0,0,0,0,1,0,0,0,62
TXN0000537,2024-01-07T19:13:00,6,M0150,Retail,mid,C00937,921,82,21040,0.0016,12375.15,card,HDFC,583072,19,6,1,0,0,0,0,0,0,0,0,0,0,15
TXN0000538,2024-01-07T22:05:00,6,M0015,Services,low,C00204,104,17,7774,0.0827,9245.58,upi,Canara,543786,22,6,1,0,0,0,0,0,0,0,0,0,1,14
TXN0000539,2024-01-07T12:08:00,6,M0157,SaaS,mid,C01375,827,66,13174,0.001,5856.0,card,ICICI,497592,12,6,1,0,0,1,0,0,0,1,0,0,0,59
TXN0000540,2024-01-08T16:21:00,7,M0003,SaaS,low,C00827,171,18,1761,0.0162,1332.0,upi,PNB,507179,16,0,0,0,0,0,1,0,0,1,1,1,0,16
TXN0000541,2024-01-08T01:55:00,7,M0065,B2B,high,C00654,260,13,1503,0.1147,40960.65,card,Kotak,409793,1,0,0,0,0,0,0,0,0,0,1,1,0,67
TXN0000542,2024-01-08T11:08:00,7,M0150,Retail,mid,C00267,149,14,3810,0.0835,2126.42,card,ICICI,450447,11,0,0,0,0,0,0,0,0,1,0,0,0,23
TXN0000543,2024-01-08T15:21:00,7,M0132,Food,mid,C00775,14,3,1392,0.0331,743.47,wallet,HDFC,445419,15,0,0,0,0,1,0,0,0,0,0,0,0,39
TXN0000544,2024-01-08T15:30:00,7,M0049,Services,mid,C00548,224,15,1904,0.043,954.07,wallet,ICICI,487715,15,0,0,0,0,2,0,0,0,0,0,0,0,37
TXN0000545,2024-01-08T13:57:00,7,M0094,SaaS,high,C00680,76,14,5093,0.1005,3371.77,netbanking,Axis,465329,13,0,0,0,0,0,0,0,0,0,0,0,0,35
TXN0000546,2024-01-08T16:21:00,7,M0040,SaaS,mid,C00590,749,116,6582,0.0124,2634.6,card,SBI,475926,16,0,0,0,0,0,0,0,0,0,0,0,0,60
TXN0000547,2024-01-08T08:29:00,7,M0099,B2B,low,C01011,969,71,17623,0.0588,14388.03,wallet,Yes,531127,8,0,0,0,1,1,0,0,0,1,0,0,0,48
TXN0000548,2024-01-08T14:18:00,7,M0006,Food,low,C00845,903,109,7297,0.0375,6563.45,card,ICICI,426609,14,0,0,0,0,0,0,0,0,0,0,0,0,53
TXN0000549,2024-01-08T02:51:00,7,M0050,Logistics,high,C01422,271,19,2285,0.0622,8300.36,wallet,HDFC,545734,2,0,0,0,1,1,0,0,0,0,0,1,0,29
TXN0000550,2024-01-08T08:49:00,7,M0146,Food,mid,C00425,783,99,24545,0.0148,28755.7,netbanking,Yes,596779,8,0,0,0,0,1,0,0,0,0,0,0,1,24
TXN0000551,2024-01-08T14:51:00,7,M0153,Food,low,C00222,96,12,4387,0.0371,2202.58,wallet,PNB,588378,14,0,0,0,0,2,0,0,0,0,0,0,0,51
TXN0000552,2024-01-08T09:14:00,7,M0104,Food,low,C00924,19,1,1515,0.0429,1756.02,card,Kotak,591727,9,0,0,0,0,0,1,0,0,0,1,1,0,17
TXN0000553,2024-01-08T18:43:00,7,M0049,Services,mid,C00463,23,3,774,0.0897,1820.22,wallet,Canara,557416,18,0,0,0,0,0,0,0,0,1,0,0,1,28
TXN0000554,2024-01-08T14:42:00,7,M0139,Logistics,low,C00186,244,6,5780,0.0759,5442.41,wallet,PNB,431213,14,0,0,0,0,1,1,0,0,0,0,1,0,14
TXN0000555,2024-01-08T09:09:00,7,M0191,Logistics,high,C00148,86,15,2092,0.0132,22620.75,card,Yes,451768,9,0,0,0,0,2,0,0,0,1,0,0,0,42
TXN0000556,2024-01-08T06:50:00,7,M0144,Retail,low,C01374,5,2,1806,0.0599,4340.01,upi,SBI,479548,6,0,0,0,0,0,0,0,0,0,0,0,0,12
TXN0000557,2024-01-08T10:07:00,7,M0041,B2B,low,C01066,151,11,1906,0.0889,27691.25,upi,Axis,514331,10,0,0,0,0,0,0,0,0,0,1,1,0,43
TXN0000558,2024-01-08T06:35:00,7,M0097,Services,low,C00603,212,10,4730,0.2417,6494.49,netbanking,SBI,465405,6,0,0,0,0,0,1,0,0,1,0,1,0,30
TXN0000559,2024-01-08T10:21:00,7,M0012,Food,low,C00155,243,18,2365,0.2072,2002.82,card,Yes,446006,10,0,0,0,0,0,0,1,0,0,1,1,0,31
TXN0000560,2024-01-08T13:51:00,7,M0019,Services,mid,C00004,9,3,830,0.1613,1207.7,netbanking,Axis,415297,13,0,0,0,0,0,0,0,0,1,0,0,1,52
TXN0000561,2024-01-08T21:58:00,7,M0179,Services,low,C01496,193,13,7225,0.0594,3977.27,wallet,PNB,434935,21,0,0,0,0,0,0,0,0,0,0,0,0,35
TXN0000562,2024-01-08T22:55:00,7,M0006,Food,low,C00530,869,86,24248,0.023,8765.49,upi,PNB,507263,22,0,0,0,0,0,1,0,0,1,1,1,0,29
TXN0000563,2024-01-08T00:26:00,7,M0194,Retail,mid,C00205,974,91,11128,0.0001,6603.47,card,Kotak,403452,0,0,0,0,0,0,0,0,0,0,0,0,0,67
TXN0000564,2024-01-08T00:05:00,7,M0039,Logistics,mid,C01077,24,1,1382,0.0444,9359.46,card,Yes,574853,0,0,0,0,0,0,0,1,0,0,1,1,0,61
TXN0000565,2024-01-08T12:09:00,7,M0080,Logistics,low,C00397,20,3,885,0.0456,3403.47,netbanking,ICICI,567655,12,0,0,0,1,1,0,0,0,0,1,1,0,43
TXN0000566,2024-01-08T09:08:00,7,M0142,Retail,mid,C00083,24,4,1086,0.0349,2167.86,upi,Yes,598981,9,0,0,0,0,0,1,0,0,0,0,1,1,60
TXN0000567,2024-01-08T11:29:00,7,M0024,B2B,mid,C01343,14,3,808,0.014,14450.58,card,Yes,530474,11,0,0,0,0,0,0,0,0,0,0,0,1,57
TXN0000568,2024-01-08T07:14:00,7,M0006,Food,low,C01379,877,76,14212,0.0235,8288.11,netbanking,Yes,544847,7,0,0,0,0,0,0,0,0,0,0,0,0,43
TXN0000569,2024-01-08T02:48:00,7,M0095,Food,low,C01213,63,16,3466,0.121,2727.51,card,PNB,403872,2,0,0,0,0,0,0,0,0,0,0,0,0,36
TXN0000570,2024-01-08T18:23:00,7,M0084,B2B,mid,C00860,135,18,4293,0.257,23348.01,netbanking,HDFC,436703,18,0,0,0,0,0,1,0,0,0,1,1,0,44
TXN0000571,2024-01-08T15:40:00,7,M0071,Retail,low,C00398,5,2,752,0.1093,1568.37,netbanking,SBI,463016,15,0,0,0,0,1,0,0,0,0,0,0,0,23
TXN0000572,2024-01-08T09:29:00,7,M0054,Retail,mid,C00617,275,10,5677,0.1505,4316.29,netbanking,HDFC,500708,9,0,0,0,0,0,0,0,0,0,0,0,0,63
TXN0000573,2024-01-08T12:15:00,7,M0096,Food,mid,C00030,17,1,671,0.1258,485.08,netbanking,SBI,537720,12,0,0,0,0,0,0,0,0,1,0,0,0,13
TXN0000574,2024-01-08T20:39:00,7,M0035,SaaS,mid,C01239,20,3,1092,0.1306,1055.92,card,ICICI,494157,20,0,0,0,0,3,0,0,0,0,0,0,1,69
TXN0000575,2024-01-08T23:00:00,7,M0103,Services,low,C00783,10,3,1906,0.1498,3314.96,netbanking,HDFC,448482,23,0,0,0,0,0,0,0,0,0,0,0,1,54
TXN0000576,2024-01-08T09:23:00,7,M0149,Services,low,C00099,24,1,1989,0.1715,1610.84,card,Yes,512797,9,0,0,0,0,0,0,0,0,1,1,1,0,65
TXN0000577,2024-01-08T17:04:00,7,M0087,Logistics,mid,C00771,123,12,6309,0.0529,21176.48,netbanking,Yes,590567,17,0,0,0,0,1,0,0,0,1,0,0,0,59
TXN0000578,2024-01-08T13:04:00,7,M0059,Logistics,mid,C00169,92,14,6033,0.1224,7166.82,netbanking,Axis,577649,13,0,0,0,0,0,0,0,0,0,0,0,0,70
TXN0000579,2024-01-08T22:45:00,7,M0020,B2B,low,C01372,164,10,6204,0.1709,23167.43,card,ICICI,583577,22,0,0,0,0,0,1,0,0,0,1,1,0,15
TXN0000580,2024-01-08T21:01:00,7,M0104,Food,low,C01356,217,20,2714,0.0307,1673.06,card,ICICI,436191,21,0,0,0,0,0,0,0,0,0,0,0,0,58
TXN0000581,2024-01-08T21:05:00,7,M0072,SaaS,high,C01325,235,12,1237,0.041,1245.84,card,SBI,463776,21,0,0,0,0,1,0,0,0,1,0,0,0,21
TXN0000582,2024-01-08T13:24:00,7,M0066,Food,mid,C00895,131,18,2727,0.1277,1103.59,wallet,PNB,489783,13,0,0,0,0,0,0,0,0,0,0,0,0,33
TXN0000583,2024-01-08T03:24:00,7,M0053,Retail,low,C01072,856,104,9501,0.0112,14222.75,card,Yes,416675,3,0,0,0,0,0,0,0,0,0,1,1,0,29
TXN0000584,2024-01-08T09:53:00,7,M0080,Logistics,low,C00707,138,10,6761,0.0794,2436.86,card,SBI,473054,9,0,0,0,0,1,0,0,0,0,0,0,0,57
TXN0000585,2024-01-08T07:00:00,7,M0094,SaaS,high,C00246,158,9,7475,0.1369,1891.42,wallet,SBI,596789,7,0,0,0,1,2,0,0,0,0,0,0,0,43
TXN0000586,2024-01-08T14:13:00,7,M0045,Food,high,C01223,878,78,4053,0.0134,4159.36,card,SBI,451349,14,0,0,0,0,1,0,0,0,0,0,0,0,47
TXN0000587,2024-01-08T10:22:00,7,M0176,SaaS,low,C01432,91,8,2195,0.2033,3016.7,card,Axis,570322,10,0,0,0,0,0,0,0,0,1,0,0,0,30
TXN0000588,2024-01-08T17:09:00,7,M0115,Services,high,C01137,796,106,15017,0.0135,5749.91,wallet,Axis,506691,17,0,0,0,0,0,0,0,0,0,0,0,0,66
TXN0000589,2024-01-08T23:56:00,7,M0133,SaaS,mid,C00873,280,8,6689,0.038,2786.52,wallet,Kotak,542380,23,0,0,0,0,0,0,0,0,0,0,0,0,25
TXN0000590,2024-01-08T21:32:00,7,M0108,Food,high,C00924,19,1,1515,0.0429,1550.28,netbanking,Kotak,513997,21,0,0,0,1,1,0,0,0,0,0,0,0,13
TXN0000591,2024-01-08T17:03:00,7,M0143,Logistics,mid,C00758,105,5,6522,0.0926,19537.63,upi,ICICI,428385,17,0,0,0,0,0,0,0,0,1,0,0,0,19
TXN0000592,2024-01-08T16:45:00,7,M0121,Food,low,C00706,63,18,2785,0.0298,3364.01,upi,HDFC,473884,16,0,0,0,0,0,0,0,0,1,0,0,0,34
TXN0000593,2024-01-08T16:53:00,7,M0103,Services,low,C00788,272,13,5066,0.0347,7912.75,upi,HDFC,427029,16,0,0,0,0,0,0,0,0,0,0,0,0,32
TXN0000594,2024-01-08T19:35:00,7,M0097,Services,low,C00577,64,16,6605,0.0782,4546.18,card,Canara,583953,19,0,0,0,0,0,0,0,0,1,0,0,0,35
TXN0000595,2024-01-08T22:07:00,7,M0132,Food,mid,C00797,781,70,11551,0.0148,4192.17,upi,Canara,410927,22,0,0,0,0,2,0,0,0,0,0,0,0,33
TXN0000596,2024-01-08T16:04:00,7,M0137,B2B,mid,C00424,209,20,5164,0.1548,21098.58,card,Kotak,441739,16,0,0,0,0,0,0,0,0,0,0,0,0,18
TXN0000597,2024-01-08T05:21:00,7,M0119,Retail,high,C01434,25,1,1438,0.0566,1887.79,netbanking,Axis,441311,5,0,0,0,0,1,0,0,0,0,0,0,1,42
TXN0000598,2024-01-08T16:16:00,7,M0193,B2B,low,C00786,74,7,3571,0.0818,20615.71,card,HDFC,542702,16,0,0,0,0,1,0,0,0,1,0,0,0,70
TXN0000599,2024-01-08T19:35:00,7,M0001,Retail,high,C01096,246,10,6304,0.0403,1733.11,netbanking,SBI,483634,19,0,0,0,0,0,0,0,0,0,0,0,0,53
TXN0000600,2024-01-08T05:28:00,7,M0129,Services,low,C00798,897,108,3896,0.0264,900.59,card,HDFC,491435,5,0,0,0,0,1,0,0,0,0,1,1,0,64
TXN0000601,2024-01-08T18:53:00,7,M0177,Food,low,C01356,217,20,2714,0.0307,1585.36,netbanking,PNB,505548,18,0,0,1,1,1,0,0,0,0,0,0,0,14
TXN0000602,2024-01-08T19:12:00,7,M0155,SaaS,mid,C01248,819,99,16764,0.0629,12997.32,wallet,Yes,451452,19,0,0,0,0,0,0,0,0,0,0,0,0,56
TXN0000603,2024-01-08T18:15:00,7,M0046,SaaS,high,C00260,765,102,19361,0.0032,23500.31,upi,ICICI,486180,18,0,0,0,0,1,0,0,0,0,0,0,0,14
TXN0000604,2024-01-08T03:25:00,7,M0017,B2B,low,C00812,82,15,6818,0.1273,23775.01,wallet,Axis,457843,3,0,0,0,0,1,0,0,0,0,1,1,0,57
TXN0000605,2024-01-08T08:18:00,7,M0052,Logistics,mid,C00733,19,4,1406,0.0532,8129.14,netbanking,Axis,440833,8,0,0,0,0,0,0,0,0,1,0,0,0,72
TXN0000606,2024-01-08T12:09:00,7,M0126,B2B,low,C01418,16,4,1350,0.0837,7827.18,netbanking,HDFC,410327,12,0,0,0,0,0,0,0,0,0,0,0,0,59
TXN0000607,2024-01-08T16:05:00,7,M0172,Food,mid,C01347,944,101,3303,0.0072,909.39,upi,PNB,570839,16,0,0,0,0,0,0,0,0,1,0,0,0,53
TXN0000608,2024-01-08T20:54:00,7,M0178,Logistics,low,C01485,738,85,24212,0.0582,13065.43,upi,HDFC,537972,20,0,0,0,0,0,0,0,0,0,1,1,0,16
TXN0000609,2024-01-08T19:19:00,7,M0141,Logistics,low,C00908,186,16,5237,0.1913,10954.31,card,HDFC,562958,19,0,0,0,0,0,0,0,0,1,0,0,0,28
TXN0000610,2024-01-08T06:49:00,7,M0180,Food,low,C00451,19,4,1309,0.0308,1334.53,netbanking,Canara,582821,6,0,0,8,0,0,0,0,0,0,0,0,1,66
TXN0000611,2024-01-08T23:55:00,7,M0000,Logistics,low,C00711,292,16,1422,0.0271,14133.13,card,HDFC,560660,23,0,0,0,0,0,1,0,0,0,1,1,0,50
TXN0000612,2024-01-08T06:37:00,7,M0114,Logistics,mid,C01267,15,3,1733,0.143,10074.36,upi,PNB,527355,6,0,0,0,0,1,0,0,0,0,0,0,1,18
TXN0000613,2024-01-08T07:33:00,7,M0130,Food,low,C01014,296,20,1740,0.211,1073.41,card,Canara,505255,7,0,0,12,0,0,0,0,0,1,0,0,0,39
TXN0000614,2024-01-08T13:36:00,7,M0110,Food,high,C00890,739,84,21155,0.0579,7801.2,upi,Canara,476397,13,0,0,0,0,0,0,0,0,1,0,0,0,32
TXN0000615,2024-01-08T15:30:00,7,M0144,Retail,low,C01096,246,10,6304,0.0403,2417.84,upi,Yes,407687,15,0,0,1,1,1,0,0,0,0,0,0,0,72
TXN0000616,2024-01-08T21:24:00,7,M0074,Services,high,C00255,186,11,4750,0.0264,5656.54,upi,Canara,421044,21,0,0,0,0,0,0,0,0,0,0,0,0,31
TXN0000617,2024-01-08T17:11:00,7,M0134,Services,low,C00877,943,111,21778,0.0075,10883.6,card,HDFC,437039,17,0,0,0,0,0,0,0,0,1,0,0,0,18
TXN0000618,2024-01-08T15:31:00,7,M0187,SaaS,high,C00307,10,1,525,0.1779,1099.88,wallet,Axis,431212,15,0,0,0,0,1,0,0,0,1,0,0,0,22
TXN0000619,2024-01-08T08:08:00,7,M0010,SaaS,high,C00027,238,5,7271,0.1136,7562.58,netbanking,HDFC,582789,8,0,0,0,0,0,0,0,0,0,0,0,0,62
TXN0000620,2024-01-08T10:42:00,7,M0176,SaaS,low,C00188,165,11,4361,0.0928,10516.04,netbanking,Kotak,466362,10,0,0,0,0,0,0,0,0,1,0,0,0,33
TXN0000621,2024-01-08T20:34:00,7,M0185,Food,high,C00134,24,2,1976,0.0714,721.04,card,Yes,571681,20,0,0,0,0,1,0,0,0,0,0,0,0,22
TXN0000622,2024-01-08T09:01:00,7,M0106,Services,high,C01012,10,1,716,0.1008,4261.31,wallet,Axis,572199,9,0,0,0,0,1,0,0,0,1,0,0,0,27
TXN0000623,2024-01-08T11:46:00,7,M0186,B2B,mid,C00881,257,14,5596,0.1712,9315.57,card,HDFC,582699,11,0,0,0,0,0,0,1,0,1,1,1,0,59
TXN0000624,2024-01-09T21:42:00,8,M0036,Retail,low,C01208,24,4,1125,0.262,1075.02,card,HDFC,478616,21,1,0,0,0,0,0,0,0,1,0,0,0,23
TXN0000625,2024-01-09T20:08:00,8,M0143,Logistics,mid,C00192,882,86,9792,0.023,9226.71,netbanking,Axis,420622,20,1,0,0,0,0,0,0,0,0,0,0,0,18
TXN0000626,2024-01-09T02:55:00,8,M0028,Retail,mid,C00291,19,1,1376,0.0577,1279.78,wallet,SBI,575069,2,1,0,0,0,0,0,0,0,0,1,1,0,45
TXN0000627,2024-01-09T17:22:00,8,M0093,SaaS,mid,C01015,763,93,15353,0.0415,5817.8,card,Yes,424580,17,1,0,0,0,2,0,0,0,0,0,0,0,71
TXN0000628,2024-01-09T16:44:00,8,M0077,Services,high,C00704,116,9,5699,0.0142,7525.8,wallet,Kotak,500996,16,1,0,0,0,1,1,0,0,0,1,1,0,66
TXN0000629,2024-01-09T22:46:00,8,M0022,Retail,low,C01367,216,9,6780,0.1966,3242.67,wallet,PNB,441886,22,1,0,0,0,0,0,0,1,0,0,0,0,15
TXN0000630,2024-01-09T12:01:00,8,M0108,Food,high,C01169,23,1,727,0.1133,382.78,netbanking,SBI,432779,12,1,0,0,0,2,0,0,0,0,0,0,1,38
TXN0000631,2024-01-09T08:48:00,8,M0112,Logistics,mid,C00466,11,3,1294,0.1314,9971.47,netbanking,SBI,414990,8,1,0,0,0,0,0,0,0,0,0,0,0,27
TXN0000632,2024-01-09T07:11:00,8,M0102,Retail,high,C00609,8,1,1452,0.0926,744.28,upi,Yes,476756,7,1,0,0,0,0,0,0,0,0,0,0,0,52
TXN0000633,2024-01-09T17:41:00,8,M0066,Food,mid,C00397,20,3,885,0.0456,1971.26,wallet,Canara,431117,17,1,0,0,0,2,0,0,0,1,0,0,0,13
TXN0000634,2024-01-09T16:29:00,8,M0104,Food,low,C00301,17,3,1823,0.0261,1623.06,card,ICICI,594940,16,1,0,0,0,0,0,0,0,0,0,0,0,26
TXN0000635,2024-01-09T09:36:00,8,M0158,Retail,low,C00318,944,112,4962,0.0793,1563.67,wallet,Canara,400256,9,1,0,0,0,0,0,0,0,1,0,0,0,66
TXN0000636,2024-01-09T19:11:00,8,M0152,Retail,high,C01267,15,3,1733,0.143,1656.63,upi,Axis,595238,19,1,0,0,0,2,0,1,0,0,1,1,0,68
TXN0000637,2024-01-09T12:25:00,8,M0014,Logistics,high,C00348,244,5,1394,0.0422,9967.9,wallet,Yes,478013,12,1,0,0,0,0,0,1,0,0,1,1,0,58
TXN0000638,2024-01-09T06:04:00,8,M0037,Retail,mid,C00491,109,6,7422,0.1327,9490.19,netbanking,ICICI,463880,6,1,0,0,0,0,0,0,0,0,1,1,0,18
TXN0000639,2024-01-09T08:50:00,8,M0139,Logistics,low,C00635,196,19,4283,0.129,4347.74,wallet,Axis,508877,8,1,0,0,0,0,1,0,0,1,1,1,0,48
TXN0000640,2024-01-09T17:15:00,8,M0173,Food,high,C01367,216,9,6780,0.1966,6424.62,netbanking,SBI,421179,17,1,0,1,1,1,0,0,0,0,0,0,1,61
TXN0000641,2024-01-09T12:17:00,8,M0012,Food,low,C00970,220,11,6117,0.0537,7568.39,netbanking,ICICI,428869,12,1,0,0,0,0,0,0,0,0,0,0,1,17
TXN0000642,2024-01-09T09:23:00,8,M0159,Services,low,C00542,75,16,6280,0.0499,7603.98,wallet,Canara,592508,9,1,0,0,0,1,0,0,0,1,0,0,0,60
TXN0000643,2024-01-09T19:15:00,8,M0172,Food,mid,C01026,84,9,3649,0.1314,2228.86,netbanking,Canara,454387,19,1,0,0,0,1,0,0,0,1,0,0,1,66
TXN0000644,2024-01-09T04:46:00,8,M0134,Services,low,C00978,173,15,2099,0.0457,11819.21,upi,Kotak,477888,4,1,0,0,0,0,0,0,0,0,1,1,0,23
TXN0000645,2024-01-09T10:43:00,8,M0126,B2B,low,C00868,196,12,3869,0.046,16563.84,card,ICICI,557539,10,1,0,0,0,0,0,0,0,0,1,1,0,38
TXN0000646,2024-01-09T14:36:00,8,M0053,Retail,low,C00851,191,8,6786,0.0145,3193.33,card,Canara,579021,14,1,0,0,0,0,0,0,0,0,0,0,0,37
TXN0000647,2024-01-09T10:11:00,8,M0186,B2B,mid,C00464,277,10,7203,0.1165,32278.1,card,Kotak,416885,10,1,0,0,0,1,0,0,0,1,0,0,0,36
TXN0000648,2024-01-09T13:17:00,8,M0190,Services,low,C01404,136,6,5880,0.0288,4948.32,wallet,Yes,577509,13,1,0,0,0,1,0,0,0,0,0,0,1,62
TXN0000649,2024-01-09T13:18:00,8,M0186,B2B,mid,C01066,151,11,1906,0.0889,61278.75,wallet,Yes,509447,13,1,0,0,0,1,0,0,0,0,0,1,0,47
TXN0000650,2024-01-09T18:54:00,8,M0158,Retail,low,C01094,932,69,17616,0.0048,5791.02,netbanking,Yes,517606,18,1,0,0,0,1,0,0,0,0,0,0,0,60
TXN0000651,2024-01-09T11:31:00,8,M0106,Services,high,C00211,21,4,738,0.1348,1878.18,upi,PNB,539041,11,1,0,0,0,0,0,0,0,1,0,0,0,15
TXN0000652,2024-01-09T17:07:00,8,M0029,Retail,high,C00424,209,20,5164,0.1548,1784.61,netbanking,HDFC,597738,17,1,0,0,0,1,0,0,0,0,0,0,0,50
TXN0000653,2024-01-09T11:18:00,8,M0014,Logistics,high,C00496,858,106,15356,0.0145,14740.42,upi,SBI,526308,11,1,0,0,0,0,0,0,0,0,0,0,0,25
TXN0000654,2024-01-09T17:20:00,8,M0154,Retail,low,C01294,194,19,3596,0.0608,1006.77,upi,SBI,585248,17,1,0,0,0,0,0,0,0,0,0,0,0,19
TXN0000655,2024-01-09T09:16:00,8,M0178,Logistics,low,C01110,168,20,6680,0.0808,8427.04,wallet,PNB,536659,9,1,0,0,0,0,0,0,0,0,0,0,0,51
TXN0000656,2024-01-09T10:56:00,8,M0011,Food,low,C01332,12,1,573,0.2078,921.9,upi,Canara,526734,10,1,0,0,0,0,0,0,0,0,0,0,1,33
TXN0000657,2024-01-09T05:13:00,8,M0166,SaaS,mid,C00190,104,19,5367,0.0534,2768.77,upi,Canara,572192,5,1,0,0,0,1,0,0,0,1,1,1,0,12
TXN0000658,2024-01-09T16:47:00,8,M0180,Food,low,C00369,128,16,1165,0.0715,554.31,card,PNB,481964,16,1,0,9,0,1,0,0,0,1,0,0,0,69
TXN0000659,2024-01-09T09:18:00,8,M0139,Logistics,low,C00204,104,17,7774,0.0827,14217.42,netbanking,HDFC,582899,9,1,0,0,0,1,0,0,0,0,0,0,0,34
TXN0000660,2024-01-09T10:17:00,8,M0179,Services,low,C00186,244,6,5780,0.0759,4275.99,card,Canara,410205,10,1,0,0,1,2,0,1,0,0,1,1,0,20
TXN0000661,2024-01-09T19:24:00,8,M0076,Services,high,C00665,272,7,1097,0.067,2977.6,card,HDFC,566244,19,1,0,0,0,0,0,0,0,1,0,0,0,36
TXN0000662,2024-01-09T23:38:00,8,M0182,Retail,high,C00781,193,11,3984,0.0716,2638.72,card,HDFC,562820,23,1,0,0,0,0,0,0,0,0,0,0,0,31
TXN0000663,2024-01-09T10:24:00,8,M0032,Food,low,C00574,293,16,1883,0.0092,4108.95,card,Kotak,454706,10,1,0,0,0,0,0,0,0,1,0,0,0,59
TXN0000664,2024-01-09T17:32:00,8,M0134,Services,low,C00780,270,19,3194,0.1202,2825.34,netbanking,Yes,405458,17,1,0,0,0,1,0,0,0,1,0,0,0,64
TXN0000665,2024-01-09T18:35:00,8,M0005,Logistics,high,C01182,78,11,6381,0.0772,16685.52,card,PNB,558610,18,1,0,0,0,0,0,0,0,0,0,0,0,32
TXN0000666,2024-01-09T12:21:00,8,M0053,Retail,low,C00660,137,20,7112,0.0513,9181.94,netbanking,Kotak,435749,12,1,0,0,0,0,0,1,0,0,1,1,0,25
TXN0000667,2024-01-09T11:24:00,8,M0070,Services,low,C00583,15,2,1989,0.0074,5169.31,upi,PNB,553155,11,1,0,0,0,1,0,0,0,0,0,0,0,51
TXN0000668,2024-01-09T18:45:00,8,M0112,Logistics,mid,C00168,12,3,1562,0.291,4472.55,wallet,HDFC,579889,18,1,0,0,0,0,0,0,0,0,0,0,1,30
TXN0000669,2024-01-09T08:44:00,8,M0066,Food,mid,C01152,17,2,1212,0.0396,3533.76,netbanking,Yes,599090,8,1,0,0,0,0,0,0,0,0,1,1,0,62
TXN0000670,2024-01-09T21:31:00,8,M0104,Food,low,C00836,932,88,5871,0.004,7942.55,wallet,ICICI,523634,21,1,0,0,0,1,1,0,0,0,1,1,0,22
TXN0000671,2024-01-09T23:43:00,8,M0084,B2B,mid,C00912,124,12,1883,0.0678,39808.63,upi,PNB,599384,23,1,0,0,0,0,0,0,0,0,1,1,0,30
TXN0000672,2024-01-09T14:03:00,8,M0146,Food,mid,C00500,105,20,3571,0.0765,3425.05,wallet,Yes,422035,14,1,0,7,0,1,0,0,0,0,0,0,0,25
TXN0000673,2024-01-09T11:58:00,8,M0000,Logistics,low,C00602,23,3,1178,0.0684,10875.06,card,PNB,456526,11,1,0,9,0,0,0,0,0,0,0,0,1,25
TXN0000674,2024-01-09T15:47:00,8,M0160,Services,mid,C01218,166,13,3533,0.0365,2118.76,upi,Canara,457629,15,1,0,0,0,0,0,0,0,0,0,0,0,31
TXN0000675,2024-01-09T08:26:00,8,M0071,Retail,low,C00731,109,20,3603,0.1668,2144.52,netbanking,Canara,498129,8,1,0,14,0,0,0,0,0,0,0,0,0,53
TXN0000676,2024-01-09T07:22:00,8,M0061,Services,low,C00584,250,13,2244,0.038,9692.5,netbanking,HDFC,469504,7,1,0,9,0,0,0,0,0,1,0,0,0,67
TXN0000677,2024-01-09T15:22:00,8,M0122,Retail,low,C00862,226,19,6713,0.0589,4440.65,upi,HDFC,408472,15,1,0,0,0,0,1,0,0,1,1,1,0,66
TXN0000678,2024-01-09T11:32:00,8,M0071,Retail,low,C00068,788,109,6849,0.0242,7600.76,netbanking,SBI,452503,11,1,0,0,0,0,0,0,0,1,0,0,0,38
TXN0000679,2024-01-09T16:00:00,8,M0110,Food,high,C00065,198,19,4385,0.0174,12813.68,netbanking,Yes,510471,16,1,0,0,0,0,1,0,0,0,1,1,0,60
TXN0000680,2024-01-09T19:05:00,8,M0153,Food,low,C01027,177,10,5728,0.0384,4248.21,netbanking,Canara,517618,19,1,0,0,0,0,0,0,0,1,0,0,0,53
TXN0000681,2024-01-09T00:46:00,8,M0195,Food,high,C01326,15,3,1882,0.0626,1115.83,netbanking,SBI,496694,0,1,0,0,0,0,0,0,0,0,0,0,1,49
TXN0000682,2024-01-09T09:10:00,8,M0095,Food,low,C00034,13,3,843,0.0994,883.05,wallet,Axis,563352,9,1,0,0,0,0,0,0,0,1,0,0,1,21
TXN0000683,2024-01-09T11:19:00,8,M0017,B2B,low,C00518,19,3,1702,0.1195,53344.53,netbanking,SBI,468458,11,1,0,0,0,0,0,0,0,0,1,1,0,64
TXN0000684,2024-01-09T10:01:00,8,M0032,Food,low,C00005,9,1,1256,0.1416,455.24,wallet,PNB,481289,10,1,0,0,0,0,0,0,0,0,0,0,0,42
TXN0000685,2024-01-09T09:26:00,8,M0077,Services,high,C00195,125,20,2752,0.0288,2464.38,wallet,Yes,490106,9,1,0,0,0,0,0,0,0,0,0,0,0,15
TXN0000686,2024-01-09T08:35:00,8,M0147,SaaS,mid,C01070,15,4,1722,0.1733,2026.35,card,ICICI,554034,8,1,0,0,0,1,0,0,0,0,0,0,1,48
TXN0000687,2024-01-09T09:45:00,8,M0023,Services,low,C01121,100,13,1753,0.1255,1752.14,upi,ICICI,445452,9,1,0,0,0,0,0,0,0,0,0,0,0,42
TXN0000688,2024-01-09T09:21:00,8,M0049,Services,mid,C00604,289,17,7719,0.0208,7221.08,wallet,Canara,539676,9,1,0,0,0,0,0,0,0,0,0,0,0,69
TXN0000689,2024-01-09T16:20:00,8,M0012,Food,low,C01262,170,20,3485,0.2024,1558.49,card,ICICI,437056,16,1,0,0,0,0,0,0,0,0,0,0,0,69
TXN0000690,2024-01-09T10:05:00,8,M0153,Food,low,C00546,258,17,7010,0.2528,3284.85,upi,HDFC,415433,10,1,0,0,0,0,0,0,0,0,0,0,0,66
TXN0000691,2024-01-09T16:08:00,8,M0179,Services,low,C01488,807,73,14962,0.0496,9525.11,wallet,SBI,570494,16,1,0,0,0,0,0,0,0,0,0,0,0,48
TXN0000692,2024-01-09T14:59:00,8,M0199,SaaS,mid,C00781,193,11,3984,0.0716,1681.6,wallet,SBI,599246,14,1,0,1,1,2,0,0,0,0,0,0,0,15
TXN0000693,2024-01-09T10:31:00,8,M0180,Food,low,C00412,998,78,24949,0.0394,22995.14,upi,Yes,577443,10,1,0,0,0,1,0,0,0,0,1,1,0,63
TXN0000694,2024-01-09T15:33:00,8,M0164,Logistics,high,C00047,8,2,892,0.0391,10195.76,netbanking,Canara,469072,15,1,0,0,0,3,0,0,0,0,0,0,0,56
TXN0000695,2024-01-09T13:46:00,8,M0155,SaaS,mid,C00698,85,12,7043,0.0717,3137.8,card,Axis,534957,13,1,0,12,0,0,0,0,0,0,0,0,0,71
TXN0000696,2024-01-09T12:58:00,8,M0130,Food,low,C00906,217,13,6576,0.0693,5388.01,upi,ICICI,590556,12,1,0,8,0,0,0,0,0,0,0,0,0,12
TXN0000697,2024-01-09T18:57:00,8,M0071,Retail,low,C00987,215,20,1589,0.0775,3274.07,netbanking,Yes,591326,18,1,0,0,0,0,0,0,0,1,1,1,0,57
TXN0000698,2024-01-09T18:16:00,8,M0145,SaaS,low,C00593,288,9,4220,0.0945,1675.41,wallet,Canara,456374,18,1,0,0,0,1,0,0,0,0,0,0,0,33
TXN0000699,2024-01-09T09:32:00,8,M0186,B2B,mid,C00452,881,68,12766,0.0175,27883.43,card,Yes,573941,9,1,0,0,0,0,0,0,0,0,0,0,0,23
TXN0000700,2024-01-09T09:13:00,8,M0040,SaaS,mid,C01076,72,10,1334,0.0015,758.91,wallet,HDFC,560120,9,1,0,0,0,0,0,1,0,1,0,1,0,63
TXN0000701,2024-01-09T10:20:00,8,M0141,Logistics,low,C00448,10,3,1642,0.0153,8085.78,netbanking,SBI,531844,10,1,0,0,0,1,0,0,0,0,0,0,0,46
TXN0000702,2024-01-09T10:33:00,8,M0181,Food,high,C00936,11,4,980,0.0532,1704.94,wallet,PNB,467416,10,1,0,0,0,0,0,0,0,1,0,0,0,38
TXN0000703,2024-01-09T15:19:00,8,M0091,Logistics,high,C00651,21,1,1571,0.0791,4170.34,card,HDFC,428903,15,1,0,9,0,1,0,0,0,1,0,0,1,14
TXN0000704,2024-01-09T08:59:00,8,M0021,SaaS,mid,C00670,6,4,1295,0.065,1560.34,upi,Kotak,514266,8,1,0,0,0,1,0,0,0,1,0,0,0,17
TXN0000705,2024-01-09T18:12:00,8,M0162,Services,high,C01036,209,8,7172,0.1514,10407.84,wallet,Canara,427348,18,1,0,0,0,0,0,0,0,0,0,0,0,29
TXN0000706,2024-01-09T20:02:00,8,M0106,Services,high,C00032,273,7,4852,0.0093,2841.47,netbanking,Axis,503569,20,1,0,0,0,0,0,0,0,0,0,0,0,31
TXN0000707,2024-01-09T08:33:00,8,M0159,Services,low,C01174,13,1,894,0.1125,714.94,netbanking,Yes,589439,8,1,0,7,0,0,0,0,0,0,0,0,0,65
TXN0000708,2024-01-09T16:29:00,8,M0168,Food,high,C00445,21,1,696,0.0372,1141.15,netbanking,Kotak,596185,16,1,0,0,0,1,0,0,0,0,0,0,1,51
TXN0000709,2024-01-09T07:32:00,8,M0198,Food,mid,C00045,17,2,1127,0.1252,1119.01,netbanking,Axis,576209,7,1,0,0,0,0,0,0,0,0,0,0,0,51
TXN0000710,2024-01-09T09:49:00,8,M0138,Services,mid,C00364,805,83,13477,0.0482,9040.4,netbanking,Yes,479427,9,1,0,0,0,0,0,0,0,1,0,0,0,62
TXN0000711,2024-01-09T23:27:00,8,M0181,Food,high,C00430,876,104,3418,0.0136,2590.44,upi,Canara,506146,23,1,0,10,0,0,0,0,0,0,0,0,0,31
TXN0000712,2024-01-09T12:03:00,8,M0028,Retail,mid,C00708,95,17,2515,0.1802,1204.2,upi,Kotak,581989,12,1,0,0,0,0,0,0,0,1,0,0,0,34
TXN0000713,2024-01-09T09:14:00,8,M0093,SaaS,mid,C00959,25,3,1865,0.1485,3138.65,netbanking,SBI,462334,9,1,0,0,0,1,0,0,0,0,0,0,1,35
TXN0000714,2024-01-09T19:31:00,8,M0089,Food,low,C01131,246,15,4665,0.1882,9076.87,netbanking,ICICI,450703,19,1,0,0,0,0,0,0,0,1,1,1,0,59
TXN0000715,2024-01-09T12:19:00,8,M0188,Logistics,mid,C01341,25,1,695,0.0686,17756.02,wallet,Axis,476243,12,1,0,0,0,1,0,1,0,0,0,1,1,32
TXN0000716,2024-01-09T03:29:00,8,M0146,Food,mid,C00696,22,2,823,0.2265,463.24,upi,HDFC,598699,3,1,0,0,0,1,0,1,0,0,1,1,0,72
TXN0000717,2024-01-10T03:34:00,9,M0117,SaaS,low,C01173,790,93,14363,0.0125,11720.13,card,PNB,516698,3,2,0,0,0,0,0,0,0,1,0,1,0,24
TXN0000718,2024-01-10T13:26:00,9,M0109,Services,low,C00996,298,17,6726,0.0867,6750.42,netbanking,ICICI,597468,13,2,0,0,0,0,1,1,0,1,1,1,0,29
TXN0000719,2024-01-10T10:31:00,9,M0048,SaaS,mid,C00096,97,5,3271,0.041,7386.35,wallet,ICICI,582060,10,2,0,0,0,0,0,0,0,0,0,0,0,24
TXN0000720,2024-01-10T19:49:00,9,M0180,Food,low,C01367,216,9,6780,0.1966,3225.56,wallet,Axis,591223,19,2,0,0,1,2,0,0,0,0,0,0,0,28
TXN0000721,2024-01-10T18:24:00,9,M0181,Food,high,C00139,21,2,1395,0.0205,519.52,card,Yes,441698,18,2,0,0,0,1,0,0,0,1,0,0,0,18
TXN0000722,2024-01-10T19:09:00,9,M0149,Services,low,C01001,6,3,514,0.1072,3874.04,netbanking,Axis,447412,19,2,0,0,0,0,0,0,0,0,0,0,1,29
TXN0000723,2024-01-10T19:57:00,9,M0073,SaaS,high,C00156,171,13,6238,0.025,6774.25,card,HDFC,454021,19,2,0,1,0,1,0,0,0,0,1,1,0,46
TXN0000724,2024-01-10T22:27:00,9,M0025,Food,mid,C01413,15,2,630,0.1079,849.66,upi,Kotak,573506,22,2,0,0,0,1,0,0,0,1,0,0,1,32
TXN0000725,2024-01-10T21:00:00,9,M0068,B2B,low,C00122,285,15,6138,0.0613,22492.28,wallet,Canara,514161,21,2,0,0,0,0,0,0,0,0,1,1,0,61
TXN0000726,2024-01-10T00:26:00,9,M0119,Retail,high,C00772,10,1,1602,0.0467,814.38,wallet,HDFC,572168,0,2,0,0,0,1,0,0,0,0,0,0,0,64
TXN0000727,2024-01-10T10:21:00,9,M0147,SaaS,mid,C00455,13,2,734,0.0307,1289.32,upi,PNB,465581,10,2,0,6,0,0,0,0,0,0,0,0,0,48
TXN0000728,2024-01-10T09:08:00,9,M0184,Logistics,high,C01453,12,2,1129,0.0896,16688.07,upi,Axis,504098,9,2,0,14,0,0,0,0,0,1,0,0,1,37
TXN0000729,2024-01-10T22:59:00,9,M0118,Retail,mid,C00022,195,15,7187,0.1177,4621.33,card,ICICI,511003,22,2,0,0,0,0,0,0,0,0,0,0,1,13
TXN0000730,2024-01-10T09:00:00,9,M0140,Logistics,high,C01449,25,4,501,0.0588,7878.09,upi,HDFC,507021,9,2,0,0,0,0,0,0,0,1,0,0,1,63
TXN0000731,2024-01-10T09:36:00,9,M0083,B2B,low,C00172,224,14,4956,0.0526,24213.8,upi,ICICI,439463,9,2,0,0,0,1,0,0,0,1,1,1,0,17
TXN0000732,2024-01-10T14:59:00,9,M0146,Food,mid,C00676,205,16,3731,0.1246,2671.39,netbanking,PNB,531155,14,2,0,0,0,1,0,0,0,1,0,0,0,48
TXN0000733,2024-01-10T14:14:00,9,M0077,Services,high,C00150,11,1,908,0.0473,1106.76,wallet,Canara,521841,14,2,0,0,0,0,0,0,0,0,0,0,0,15
TXN0000734,2024-01-10T21:41:00,9,M0002,B2B,low,C00794,294,13,3464,0.0308,17446.39,card,HDFC,459676,21,2,0,0,0,1,0,0,0,1,0,0,0,62
TXN0000735,2024-01-10T18:31:00,9,M0107,SaaS,mid,C01479,922,53,17547,0.0327,13273.03,wallet,Axis,430688,18,2,0,0,0,0,0,0,0,0,0,0,0,36
TXN0000736,2024-01-10T05:38:00,9,M0005,Logistics,high,C00698,85,12,7043,0.0717,16841.84,upi,ICICI,413428,5,2,0,0,1,1,0,0,0,0,1,1,0,42
TXN0000737,2024-01-10T16:22:00,9,M0100,Retail,low,C00628,6,1,1373,0.0525,3581.59,upi,Axis,552035,16,2,0,0,0,0,0,0,1,0,0,0,1,55
TXN0000738,2024-01-10T17:46:00,9,M0097,Services,low,C01082,907,96,17695,0.0238,4359.13,upi,Canara,515528,17,2,0,0,0,1,0,0,0,0,0,0,0,35
TXN0000739,2024-01-10T14:52:00,9,M0119,Retail,high,C00083,24,4,1086,0.0349,2500.57,upi,Canara,599043,14,2,0,0,0,1,0,0,0,0,0,0,0,20
TXN0000740,2024-01-10T18:26:00,9,M0141,Logistics,low,C01222,809,61,11869,0.0028,12131.2,card,Axis,466120,18,2,0,0,0,0,0,0,0,1,0,0,0,37
TXN0000741,2024-01-10T21:25:00,9,M0181,Food,high,C00056,14,4,645,0.1133,523.97,netbanking,Axis,526456,21,2,0,0,0,0,0,0,0,1,0,0,1,62
TXN0000742,2024-01-10T13:21:00,9,M0097,Services,low,C00542,75,16,6280,0.0499,5299.51,card,HDFC,484930,13,2,0,0,0,1,0,0,0,0,0,0,0,60
TXN0000743,2024-01-10T13:55:00,9,M0077,Services,high,C00270,170,17,1239,0.1579,1180.86,card,ICICI,465301,13,2,0,8,0,1,0,0,0,0,0,0,0,14
TXN0000744,2024-01-10T21:37:00,9,M0023,Services,low,C01272,201,11,2005,0.0898,15727.91,upi,Kotak,441289,21,2,0,0,0,0,0,0,0,0,0,0,0,63
TXN0000745,2024-01-10T21:36:00,9,M0104,Food,low,C00355,808,56,14823,0.0001,8534.55,upi,HDFC,446870,21,2,0,0,0,0,0,0,0,0,0,0,1,55
TXN0000746,2024-01-10T18:05:00,9,M0020,B2B,low,C00307,10,1,525,0.1779,6978.33,wallet,SBI,572634,18,2,0,0,0,2,0,0,0,1,1,1,0,67
TXN0000747,2024-01-10T10:47:00,9,M0068,B2B,low,C00831,205,13,3911,0.051,12187.82,wallet,HDFC,526165,10,2,0,0,0,0,0,1,0,0,1,1,0,30
TXN0000748,2024-01-10T11:31:00,9,M0188,Logistics,mid,C01111,200,20,5413,0.0781,4973.32,card,Axis,435279,11,2,0,6,0,1,0,0,0,1,0,0,0,59
TXN0000749,2024-01-10T15:29:00,9,M0169,Food,low,C01088,872,67,11861,0.0525,3659.58,wallet,SBI,407263,15,2,0,0,0,0,0,1,0,0,1,1,0,48
TXN0000750,2024-01-10T14:46:00,9,M0033,Logistics,low,C00094,229,11,6256,0.1821,4339.6,wallet,Yes,532519,14,2,0,0,0,0,0,0,0,0,0,0,0,33
TXN0000751,2024-01-10T15:01:00,9,M0137,B2B,mid,C01293,247,18,5415,0.1497,29695.32,wallet,Axis,552783,15,2,0,0,0,0,0,0,0,0,0,0,0,34
TXN0000752,2024-01-10T17:11:00,9,M0153,Food,low,C00163,25,2,1240,0.1129,1060.34,wallet,Canara,445049,17,2,0,0,0,0,0,0,0,1,0,0,0,24
TXN0000753,2024-01-10T12:31:00,9,M0162,Services,high,C00626,200,15,3220,0.0394,8968.32,upi,SBI,560794,12,2,0,0,0,0,0,0,0,1,0,0,0,63
TXN0000754,2024-01-10T12:55:00,9,M0057,Food,high,C00553,21,2,1667,0.1014,1455.64,card,Canara,508842,12,2,0,0,0,0,1,0,0,0,1,1,0,37
TXN0000755,2024-01-10T07:23:00,9,M0097,Services,low,C01422,271,19,2285,0.0622,7395.82,upi,ICICI,577935,7,2,0,7,0,2,0,0,0,0,0,0,0,18
TXN0000756,2024-01-10T08:19:00,9,M0181,Food,high,C00232,9,1,1034,0.0886,1260.54,card,Axis,456997,8,2,0,0,0,0,0,0,0,0,0,0,0,59
TXN0000757,2024-01-10T14:40:00,9,M0069,SaaS,high,C00918,794,115,11397,0.0088,9123.81,upi,Yes,465325,14,2,0,0,0,0,0,0,0,1,0,0,0,22
TXN0000758,2024-01-10T10:46:00,9,M0042,Logistics,mid,C00883,196,10,1155,0.0425,11249.01,wallet,Kotak,518825,10,2,0,0,0,0,0,0,0,0,0,0,0,53
TXN0000759,2024-01-10T09:47:00,9,M0079,Retail,high,C00616,911,58,7892,0.0092,2493.42,card,HDFC,592599,9,2,0,0,0,1,0,0,0,0,0,0,0,63
TXN0000760,2024-01-10T22:43:00,9,M0068,B2B,low,C01169,23,1,727,0.1133,16067.64,card,Canara,546259,22,2,0,0,0,2,0,0,0,0,0,0,1,24
TXN0000761,2024-01-10T01:30:00,9,M0063,SaaS,high,C01046,18,4,553,0.0474,515.61,card,PNB,481323,1,2,0,0,0,0,0,0,0,1,1,1,0,30
TXN0000762,2024-01-10T17:29:00,9,M0194,Retail,mid,C00974,94,15,2436,0.1347,2769.47,upi,Canara,585781,17,2,0,0,0,0,0,0,0,0,0,0,0,32
TXN0000763,2024-01-10T22:40:00,9,M0136,Logistics,mid,C01021,277,6,5906,0.0539,3433.67,card,Yes,497586,22,2,0,0,0,0,1,0,0,1,0,1,1,26
TXN0000764,2024-01-10T02:45:00,9,M0130,Food,low,C00072,298,15,2545,0.0745,3522.07,wallet,Yes,493832,2,2,0,0,0,0,0,0,0,1,0,0,0,71
TXN0000765,2024-01-10T13:41:00,9,M0100,Retail,low,C00885,157,13,1745,0.0382,3074.77,netbanking,PNB,462245,13,2,0,0,0,0,0,0,0,1,0,0,0,61
TXN0000766,2024-01-10T04:09:00,9,M0000,Logistics,low,C00938,118,6,4811,0.096,9224.03,upi,Kotak,449767,4,2,0,0,0,0,0,1,0,0,1,1,0,39
TXN0000767,2024-01-10T05:13:00,9,M0006,Food,low,C01034,206,20,3242,0.1247,1839.99,upi,Kotak,502429,5,2,0,0,0,1,0,0,0,0,1,1,0,27
TXN0000768,2024-01-10T11:33:00,9,M0142,Retail,mid,C01071,123,9,6974,0.0782,4463.11,card,PNB,525470,11,2,0,0,0,0,0,0,0,1,0,0,0,42
TXN0000769,2024-01-10T17:35:00,9,M0039,Logistics,mid,C01463,786,110,7400,0.052,10457.24,card,HDFC,539845,17,2,0,0,0,0,0,0,0,0,0,0,0,50
TXN0000770,2024-01-10T23:23:00,9,M0113,Services,high,C01065,288,10,5394,0.1014,8466.49,netbanking,HDFC,513975,23,2,0,0,0,0,0,0,0,0,1,1,0,38
TXN0000771,2024-01-10T18:57:00,9,M0115,Services,high,C00763,20,4,972,0.1707,812.4,upi,HDFC,564054,18,2,0,0,0,0,0,0,0,1,0,0,1,71
TXN0000772,2024-01-10T13:22:00,9,M0037,Retail,mid,C00033,253,5,3025,0.0321,3587.84,wallet,Canara,428381,13,2,0,0,0,1,0,0,0,1,0,0,0,38
TXN0000773,2024-01-10T08:54:00,9,M0027,Services,high,C00760,16,2,1193,0.0457,1527.02,netbanking,HDFC,532980,8,2,0,0,0,0,0,0,0,0,0,0,0,54
TXN0000774,2024-01-10T15:15:00,9,M0144,Retail,low,C01200,782,68,18104,0.0362,11837.42,upi,HDFC,407840,15,2,0,0,0,0,0,0,0,1,0,0,0,32
TXN0000775,2024-01-10T22:17:00,9,M0040,SaaS,mid,C01259,95,11,5481,0.2295,8936.51,card,Yes,426155,22,2,0,0,0,1,0,0,0,0,0,0,0,22
TXN0000776,2024-01-10T08:15:00,9,M0037,Retail,mid,C00689,20,1,513,0.005,1739.32,upi,SBI,494221,8,2,0,0,0,0,0,1,0,0,1,1,0,48
TXN0000777,2024-01-10T13:40:00,9,M0188,Logistics,mid,C00089,216,12,6305,0.0219,15481.75,upi,SBI,457018,13,2,0,0,0,0,0,0,0,0,1,1,0,47
TXN0000778,2024-01-10T14:24:00,9,M0075,Retail,mid,C00564,116,9,1413,0.1264,1884.34,netbanking,SBI,403883,14,2,0,0,0,1,0,0,0,0,0,0,0,28
TXN0000779,2024-01-10T19:12:00,9,M0177,Food,low,C01137,796,106,15017,0.0135,3627.43,upi,SBI,499682,19,2,0,7,0,1,0,0,0,0,0,0,0,63
TXN0000780,2024-01-10T09:36:00,9,M0031,Food,mid,C00539,88,12,6184,0.0646,7385.86,card,Yes,499186,9,2,0,14,0,0,0,0,0,0,0,0,0,21
TXN0000781,2024-01-10T16:13:00,9,M0077,Services,high,C01487,880,97,23236,0.0125,12943.2,upi,ICICI,547420,16,2,0,0,0,1,0,0,0,0,1,1,0,72
TXN0000782,2024-01-10T10:07:00,9,M0087,Logistics,mid,C00175,128,19,3030,0.0547,11743.26,upi,PNB,518812,10,2,0,0,0,0,0,0,0,0,1,1,0,44
TXN0000783,2024-01-10T09:30:00,9,M0117,SaaS,low,C01078,5,2,1178,0.0571,221.31,card,Canara,469605,9,2,0,0,0,0,0,0,0,0,0,0,1,51
TXN0000784,2024-01-10T09:47:00,9,M0134,Services,low,C00921,228,9,1469,0.0468,1856.18,wallet,Canara,491905,9,2,0,0,0,0,0,0,0,1,0,0,0,53
TXN0000785,2024-01-10T19:05:00,9,M0142,Retail,mid,C00093,16,3,624,0.0975,1389.99,netbanking,Axis,503852,19,2,0,0,0,0,0,1,0,0,1,1,0,13
TXN0000786,2024-01-10T11:38:00,9,M0015,Services,low,C00575,241,8,3584,0.1231,1032.37,card,PNB,427924,11,2,0,0,0,0,0,0,0,1,0,0,0,69
TXN0000787,2024-01-10T20:41:00,9,M0116,Services,low,C00959,25,3,1865,0.1485,1949.78,upi,ICICI,515959,20,2,0,0,0,1,0,0,0,0,1,1,0,39
TXN0000788,2024-01-10T10:51:00,9,M0013,Logistics,high,C00074,19,1,1979,0.0283,15365.93,netbanking,Yes,442404,10,2,0,0,0,0,0,0,0,0,0,0,0,42
TXN0000789,2024-01-10T00:59:00,9,M0198,Food,mid,C01392,141,9,4275,0.1374,1767.02,upi,Canara,569763,0,2,0,0,0,0,0,0,0,1,0,0,0,41
TXN0000790,2024-01-10T13:45:00,9,M0055,Services,mid,C01163,818,101,13424,0.0147,10723.21,card,SBI,525609,13,2,0,0,0,0,0,0,0,0,0,0,0,41
TXN0000791,2024-01-10T21:15:00,9,M0169,Food,low,C00189,240,9,5249,0.0397,2315.45,upi,Canara,460029,21,2,0,0,0,1,0,0,0,0,0,0,0,20
TXN0000792,2024-01-10T02:44:00,9,M0030,B2B,high,C01468,266,20,7538,0.0121,16730.97,wallet,HDFC,426640,2,2,0,0,0,2,0,0,0,0,0,1,0,52
TXN0000793,2024-01-10T09:42:00,9,M0165,Services,low,C00671,931,72,24151,0.0159,36127.95,card,HDFC,486315,9,2,0,0,0,0,0,0,0,0,0,1,0,36
TXN0000794,2024-01-10T06:20:00,9,M0013,Logistics,high,C00014,91,14,5154,0.0628,20052.03,upi,SBI,422995,6,2,0,0,0,1,0,0,0,1,0,0,0,55
TXN0000795,2024-01-10T08:54:00,9,M0189,SaaS,mid,C01138,18,4,1038,0.3389,1159.78,wallet,Canara,433516,8,2,0,0,0,0,0,0,0,0,0,0,0,16
TXN0000796,2024-01-10T13:56:00,9,M0015,Services,low,C00540,122,5,1344,0.0962,3476.53,card,SBI,418827,13,2,0,0,0,1,0,0,0,0,0,0,0,20
TXN0000797,2024-01-10T13:25:00,9,M0035,SaaS,mid,C00042,186,15,2489,0.1032,1275.59,upi,PNB,559265,13,2,0,0,0,1,0,0,0,0,0,0,0,32
TXN0000798,2024-01-10T12:17:00,9,M0160,Services,mid,C01248,819,99,16764,0.0629,11888.73,card,SBI,489991,12,2,0,0,0,1,0,1,0,0,1,1,0,21
TXN0000799,2024-01-10T15:39:00,9,M0162,Services,high,C00823,200,17,1758,0.0443,1384.78,netbanking,Axis,595819,15,2,0,0,0,0,0,0,0,0,0,0,0,58
TXN0000800,2024-01-10T20:04:00,9,M0138,Services,mid,C00890,739,84,21155,0.0579,13073.02,wallet,ICICI,487541,20,2,0,0,0,1,0,0,0,0,1,1,0,55
TXN0000801,2024-01-10T18:33:00,9,M0168,Food,high,C01421,87,15,5114,0.0752,1055.2,card,Canara,444118,18,2,0,0,0,0,0,0,0,1,0,0,0,58
TXN0000802,2024-01-10T08:32:00,9,M0101,Food,low,C00809,22,1,606,0.0443,944.54,wallet,Axis,557717,8,2,0,0,0,1,0,0,0,0,0,0,0,66
TXN0000803,2024-01-10T22:52:00,9,M0148,SaaS,mid,C00646,9,2,523,0.1528,1152.48,wallet,Canara,403106,22,2,0,0,0,0,0,0,0,0,1,1,0,21
TXN0000804,2024-01-10T12:06:00,9,M0090,Logistics,mid,C00804,23,1,528,0.1041,18673.61,card,HDFC,594803,12,2,0,1,0,1,0,0,0,0,1,1,0,48
TXN0000805,2024-01-10T07:29:00,9,M0042,Logistics,mid,C01286,75,13,3108,0.007,4486.81,card,ICICI,445027,7,2,0,0,0,1,0,0,0,1,1,1,0,39
TXN0000806,2024-01-10T00:08:00,9,M0090,Logistics,mid,C00595,91,7,1935,0.1952,8938.85,card,Canara,560713,0,2,0,0,0,0,0,1,0,0,1,1,0,25
TXN0000807,2024-01-11T06:45:00,10,M0101,Food,low,C00668,824,82,12652,0.0095,9710.59,netbanking,SBI,433769,6,3,0,0,0,2,0,1,0,1,1,1,0,56
TXN0000808,2024-01-11T10:09:00,10,M0012,Food,low,C00026,18,3,1611,0.0667,1138.75,wallet,Yes,453663,10,3,0,0,0,0,0,0,0,0,0,0,1,61
TXN0000809,2024-01-11T20:07:00,10,M0146,Food,mid,C00289,838,113,11799,0.0085,14272.9,netbanking,HDFC,465202,20,3,0,0,0,0,0,0,0,1,0,0,0,35
TXN0000810,2024-01-11T14:00:00,10,M0071,Retail,low,C00517,15,2,1142,0.0701,925.58,wallet,SBI,535194,14,3,0,12,0,0,0,1,1,1,0,1,1,18
TXN0000811,2024-01-11T17:06:00,10,M0030,B2B,high,C00734,20,3,635,0.1512,18275.24,upi,Yes,531914,17,3,0,0,0,0,0,0,0,1,0,0,1,41
TXN0000812,2024-01-11T21:47:00,10,M0165,Services,low,C00911,25,1,557,0.0825,2435.71,upi,ICICI,422790,21,3,0,0,0,0,0,1,0,0,0,1,1,22
TXN0000813,2024-01-11T08:28:00,10,M0083,B2B,low,C00654,260,13,1503,0.1147,23530.49,netbanking,HDFC,585256,8,3,0,9,0,1,0,0,0,0,0,0,1,65
TXN0000814,2024-01-11T20:23:00,10,M0139,Logistics,low,C00884,81,15,4291,0.1355,3652.31,wallet,Canara,484194,20,3,0,0,0,1,0,0,0,0,0,0,0,66
TXN0000815,2024-01-11T23:51:00,10,M0022,Retail,low,C00219,7,1,1716,0.0124,5010.24,upi,ICICI,501988,23,3,0,0,0,0,1,0,1,0,0,1,1,69
TXN0000816,2024-01-11T03:48:00,10,M0091,Logistics,high,C01086,992,108,19509,0.0238,39170.78,wallet,HDFC,402034,3,3,0,0,0,0,0,0,0,1,1,1,0,41
TXN0000817,2024-01-11T13:36:00,10,M0110,Food,high,C01394,256,12,4023,0.0716,3234.99,card,Canara,551339,13,3,0,0,0,0,0,0,0,0,0,0,0,20
TXN0000818,2024-01-11T17:59:00,10,M0119,Retail,high,C00215,256,18,4067,0.245,22724.33,netbanking,SBI,534575,17,3,0,0,0,0,0,1,0,0,1,1,0,72
TXN0000819,2024-01-11T07:49:00,10,M0143,Logistics,mid,C01259,95,11,5481,0.2295,10505.55,wallet,Axis,530139,7,3,0,0,1,2,0,0,0,0,0,0,0,51
TXN0000820,2024-01-11T15:16:00,10,M0186,B2B,mid,C01338,7,2,1332,0.074,12583.5,netbanking,Kotak,571492,15,3,0,0,0,0,0,0,0,0,0,0,1,65
TXN0000821,2024-01-11T21:46:00,10,M0090,Logistics,mid,C01163,818,101,13424,0.0147,7340.75,upi,Canara,558851,21,3,0,0,0,1,0,0,0,0,0,0,0,39
TXN0000822,2024-01-11T18:59:00,10,M0093,SaaS,mid,C01036,209,8,7172,0.1514,8139.99,upi,Canara,581776,18,3,0,0,0,1,0,0,0,0,0,0,0,53
TXN0000823,2024-01-11T20:43:00,10,M0171,Retail,low,C00200,274,10,1297,0.0557,1792.06,card,Yes,474061,20,3,0,0,0,0,0,0,1,0,0,0,0,38
TXN0000824,2024-01-11T14:43:00,10,M0148,SaaS,mid,C01203,13,3,700,0.0223,1074.39,wallet,Axis,482198,14,3,0,0,0,0,0,0,0,0,0,0,1,63
TXN0000825,2024-01-11T15:03:00,10,M0030,B2B,high,C00583,15,2,1989,0.0074,27298.6,netbanking,Yes,496506,15,3,0,0,0,1,0,0,0,0,0,0,1,14
TXN0000826,2024-01-11T22:16:00,10,M0038,B2B,mid,C00075,161,7,7977,0.0608,19280.76,card,ICICI,566426,22,3,0,0,0,0,0,0,0,0,1,1,0,60
TXN0000827,2024-01-11T11:57:00,10,M0003,SaaS,low,C00857,994,96,3975,0.0102,1878.12,netbanking,Axis,575950,11,3,0,0,0,1,0,0,1,1,0,0,0,35
TXN0000828,2024-01-11T22:13:00,10,M0082,B2B,high,C00696,22,2,823,0.2265,25005.62,card,Canara,507463,22,3,0,0,0,1,0,0,0,1,0,1,1,58
TXN0000829,2024-01-11T03:33:00,10,M0153,Food,low,C00126,6,4,711,0.1739,200,upi,SBI,579739,3,3,0,0,0,0,0,0,0,1,0,0,1,40
TXN0000830,2024-01-11T12:38:00,10,M0095,Food,low,C00690,20,2,922,0.0354,1165.79,card,Kotak,481091,12,3,0,0,0,0,0,1,0,0,0,1,1,50
TXN0000831,2024-01-11T17:35:00,10,M0121,Food,low,C00335,74,20,5337,0.0794,6100.94,wallet,SBI,429484,17,3,0,0,0,0,0,0,1,0,0,0,0,13
TXN0000832,2024-01-11T13:41:00,10,M0122,Retail,low,C00174,247,16,4266,0.0312,5733.87,wallet,SBI,543524,13,3,0,0,0,1,0,0,0,1,0,0,0,24
TXN0000833,2024-01-11T17:47:00,10,M0038,B2B,mid,C00325,126,10,1254,0.1405,34937.58,netbanking,Kotak,509040,17,3,0,0,0,0,1,1,0,0,1,1,0,49
TXN0000834,2024-01-11T11:54:00,10,M0082,B2B,high,C00281,123,14,1264,0.0655,32488.66,netbanking,Yes,446369,11,3,0,0,0,0,0,0,0,1,1,1,0,47
TXN0000835,2024-01-11T20:16:00,10,M0119,Retail,high,C01423,8,4,1688,0.1325,1259.78,wallet,HDFC,513764,20,3,0,0,0,0,1,1,0,0,1,1,0,44
TXN0000836,2024-01-11T14:09:00,10,M0128,B2B,high,C01242,801,109,18019,0.0054,17213.19,wallet,Kotak,431333,14,3,0,0,0,0,1,0,0,1,1,1,0,24
TXN0000837,2024-01-11T17:34:00,10,M0126,B2B,low,C00152,16,4,1319,0.1659,10574.65,netbanking,ICICI,437839,17,3,0,0,0,0,0,0,0,0,0,0,1,69
TXN0000838,2024-01-11T09:23:00,10,M0031,Food,mid,C00356,182,11,1794,0.0139,392.06,upi,Canara,400724,9,3,0,0,0,0,0,0,0,1,0,0,0,12
TXN0000839,2024-01-11T13:57:00,10,M0177,Food,low,C01053,172,16,7541,0.0741,10398.05,netbanking,Canara,556526,13,3,0,10,0,0,0,0,0,0,0,0,0,53
TXN0000840,2024-01-11T00:43:00,10,M0075,Retail,mid,C00844,101,14,6949,0.0502,13130.54,netbanking,HDFC,438953,0,3,0,0,0,0,0,0,0,1,1,1,0,42
TXN0000841,2024-01-11T17:39:00,10,M0041,B2B,low,C01405,22,1,758,0.1553,47197.26,wallet,Kotak,569979,17,3,0,0,0,0,1,0,0,0,1,1,0,54
TXN0000842,2024-01-11T10:55:00,10,M0085,SaaS,mid,C01310,784,79,24837,0.0081,6509.34,netbanking,SBI,414721,10,3,0,0,0,0,0,0,0,0,0,0,0,19
TXN0000843,2024-01-11T21:50:00,10,M0089,Food,low,C01472,807,92,5392,0.0039,2034.79,wallet,PNB,594395,21,3,0,0,0,0,0,0,0,0,0,0,0,50
TXN0000844,2024-01-11T20:49:00,10,M0114,Logistics,mid,C00776,14,4,962,0.1036,9132.26,netbanking,PNB,535321,20,3,0,0,0,0,0,0,0,1,0,0,0,49
TXN0000845,2024-01-11T19:21:00,10,M0156,Services,mid,C00071,14,4,804,0.0899,2196.01,card,SBI,467747,19,3,0,0,0,0,0,0,0,1,0,0,0,21
TXN0000846,2024-01-11T18:55:00,10,M0112,Logistics,mid,C01210,5,3,1470,0.1267,19812.74,card,ICICI,463638,18,3,0,0,0,0,0,0,0,0,0,0,1,19
TXN0000847,2024-01-11T16:44:00,10,M0128,B2B,high,C01363,830,106,14828,0.0184,25616.36,wallet,Kotak,440596,16,3,0,0,0,0,0,0,0,0,1,1,0,43
TXN0000848,2024-01-11T19:33:00,10,M0169,Food,low,C00274,16,2,1546,0.0683,351.39,wallet,Kotak,559606,19,3,0,0,0,0,0,0,0,1,0,0,0,31
TXN0000849,2024-01-11T21:06:00,10,M0098,Retail,mid,C00010,111,19,3864,0.0703,1914.88,upi,Kotak,490213,21,3,0,8,0,0,0,0,0,0,0,0,0,69
TXN0000850,2024-01-11T12:58:00,10,M0046,SaaS,high,C00867,176,15,2934,0.1788,783.21,wallet,Kotak,418159,12,3,0,0,0,0,0,0,0,1,0,0,0,70
TXN0000851,2024-01-11T16:13:00,10,M0156,Services,mid,C00278,116,14,1267,0.0687,4113.86,card,Kotak,498796,16,3,0,0,0,0,0,0,0,0,0,0,0,13
TXN0000852,2024-01-11T13:15:00,10,M0028,Retail,mid,C00313,188,6,2469,0.0733,2845.42,card,Axis,416279,13,3,0,0,0,0,0,0,0,0,0,0,0,13
TXN0000853,2024-01-11T03:20:00,10,M0168,Food,high,C00857,994,96,3975,0.0102,1903.11,wallet,SBI,570542,3,3,0,1,1,2,0,0,0,0,1,1,0,16
TXN0000854,2024-01-11T10:55:00,10,M0137,B2B,mid,C00847,82,20,2057,0.0392,27797.11,card,HDFC,528854,10,3,0,0,0,0,0,0,0,1,1,1,0,69
TXN0000855,2024-01-11T17:19:00,10,M0124,Retail,low,C01105,6,2,864,0.0973,1496.19,upi,SBI,564751,17,3,0,0,0,1,0,0,0,0,0,0,0,23
TXN0000856,2024-01-11T11:37:00,10,M0086,Retail,high,C00285,799,102,4942,0.075,6564.87,card,SBI,581581,11,3,0,0,0,0,0,1,0,0,1,1,0,40
TXN0000857,2024-01-11T16:53:00,10,M0009,Retail,low,C00672,25,1,1404,0.0267,1219.98,upi,Axis,513401,16,3,0,0,0,0,0,0,0,0,0,0,0,30
TXN0000858,2024-01-11T21:44:00,10,M0032,Food,low,C00906,217,13,6576,0.0693,3891.8,wallet,Canara,547072,21,3,0,0,0,1,0,0,0,1,0,0,0,17
TXN0000859,2024-01-11T09:14:00,10,M0190,Services,low,C00014,91,14,5154,0.0628,3246.19,card,Axis,570491,9,3,0,0,0,2,0,0,0,0,0,0,0,65
TXN0000860,2024-01-11T05:21:00,10,M0115,Services,high,C01023,277,12,6737,0.1289,9686.06,wallet,Axis,595418,5,3,0,0,0,0,0,0,0,0,1,1,0,22
TXN0000861,2024-01-11T04:46:00,10,M0140,Logistics,high,C00705,160,20,7633,0.1856,31345.9,wallet,Canara,570194,4,3,0,0,0,0,0,0,0,1,1,1,0,38
TXN0000862,2024-01-11T11:37:00,10,M0122,Retail,low,C01142,239,20,1936,0.0703,5158.05,upi,Kotak,473016,11,3,0,0,0,0,0,0,0,0,0,0,0,28
TXN0000863,2024-01-11T08:45:00,10,M0191,Logistics,high,C01374,5,2,1806,0.0599,6358.54,upi,PNB,442383,8,3,0,0,0,1,0,0,0,0,0,0,0,72
TXN0000864,2024-01-11T10:10:00,10,M0080,Logistics,low,C01193,262,17,3211,0.1334,26977.08,upi,SBI,588327,10,3,0,0,0,0,1,0,0,0,1,1,0,27
TXN0000865,2024-01-11T06:48:00,10,M0147,SaaS,mid,C01047,82,16,3732,0.0328,3905.73,upi,ICICI,495938,6,3,0,0,0,1,0,0,0,1,0,0,0,29
TXN0000866,2024-01-11T15:28:00,10,M0050,Logistics,high,C00667,24,2,1269,0.1222,7351.08,netbanking,Yes,529666,15,3,0,0,0,0,0,0,0,0,0,0,0,48
TXN0000867,2024-01-11T20:15:00,10,M0094,SaaS,high,C00753,245,8,2753,0.1068,940.12,upi,Axis,563647,20,3,0,0,0,0,0,0,0,1,0,0,0,32
TXN0000868,2024-01-11T18:04:00,10,M0033,Logistics,low,C01357,5,3,659,0.0843,10562.01,netbanking,Yes,439043,18,3,0,0,0,0,0,0,0,1,0,0,1,62
TXN0000869,2024-01-11T15:16:00,10,M0170,Logistics,mid,C00277,164,20,4404,0.1783,9281.92,card,ICICI,444179,15,3,0,0,0,0,1,0,0,1,0,1,0,30
TXN0000870,2024-01-11T18:14:00,10,M0002,B2B,low,C01438,223,12,1229,0.2301,15171.49,upi,Yes,588332,18,3,0,0,0,0,0,0,0,1,1,1,0,42
TXN0000871,2024-01-11T02:59:00,10,M0146,Food,mid,C00649,917,54,4240,0.0152,2760.05,upi,ICICI,453463,2,3,0,0,0,0,0,0,0,0,0,0,1,58
TXN0000872,2024-01-11T12:12:00,10,M0059,Logistics,mid,C00536,12,4,1407,0.0616,23885.51,card,ICICI,430539,12,3,0,0,0,2,0,0,0,0,0,0,1,51
TXN0000873,2024-01-11T23:02:00,10,M0022,Retail,low,C01425,25,4,1901,0.0218,3382.16,upi,PNB,577583,23,3,0,0,0,0,0,0,0,0,0,0,1,22
TXN0000874,2024-01-11T14:37:00,10,M0048,SaaS,mid,C00239,8,2,993,0.0332,1594.32,card,ICICI,515938,14,3,0,0,0,1,0,1,0,1,1,1,0,39
TXN0000875,2024-01-11T22:45:00,10,M0160,Services,mid,C00816,19,4,737,0.0138,545.15,wallet,Kotak,409375,22,3,0,0,0,0,0,0,0,0,0,0,0,19
TXN0000876,2024-01-11T18:15:00,10,M0061,Services,low,C01479,922,53,17547,0.0327,7343.08,upi,Canara,518956,18,3,0,0,1,1,0,0,0,0,0,0,0,34
TXN0000877,2024-01-11T19:48:00,10,M0181,Food,high,C01337,137,13,4759,0.0393,2632.8,wallet,HDFC,449273,19,3,0,6,0,0,0,0,0,0,0,0,0,36
TXN0000878,2024-01-11T12:00:00,10,M0197,Food,low,C00421,155,8,1375,0.2041,512.28,card,Axis,580885,12,3,0,0,0,0,0,0,0,1,0,0,0,18
TXN0000879,2024-01-11T18:37:00,10,M0190,Services,low,C01395,20,2,590,0.0494,728.44,wallet,Yes,540120,18,3,0,0,0,0,0,0,0,1,0,0,1,68
TXN0000880,2024-01-11T15:41:00,10,M0178,Logistics,low,C01109,246,13,2185,0.0325,13403.38,card,Yes,544286,15,3,0,0,0,0,0,0,0,0,0,0,0,34
TXN0000881,2024-01-11T20:26:00,10,M0080,Logistics,low,C00230,19,3,1131,0.0522,2227.19,wallet,Axis,503908,20,3,0,0,0,0,0,0,0,0,0,0,0,24
TXN0000882,2024-01-11T17:26:00,10,M0037,Retail,mid,C00492,12,1,822,0.0267,1718.32,wallet,Axis,528737,17,3,0,0,0,0,0,0,0,1,0,0,1,37
TXN0000883,2024-01-11T08:28:00,10,M0058,B2B,low,C00216,198,9,6353,0.0248,24012.16,upi,Yes,515189,8,3,0,0,0,1,1,0,0,1,1,1,0,31
TXN0000884,2024-01-11T07:19:00,10,M0182,Retail,high,C00438,15,4,1953,0.1344,857.54,wallet,HDFC,487253,7,3,0,0,0,0,1,0,0,0,1,1,0,29
TXN0000885,2024-01-11T11:15:00,10,M0097,Services,low,C00718,996,52,12606,0.0099,13431.09,card,Kotak,577381,11,3,0,10,0,0,0,0,0,0,0,0,0,29
TXN0000886,2024-01-11T12:00:00,10,M0086,Retail,high,C01160,13,3,1349,0.0094,1492.03,card,PNB,553890,12,3,0,0,0,0,1,0,0,1,1,1,0,20
TXN0000887,2024-01-11T18:47:00,10,M0176,SaaS,low,C00202,287,9,7971,0.0742,8118.55,wallet,HDFC,553479,18,3,0,0,0,0,0,0,0,1,0,0,0,57
TXN0000888,2024-01-11T19:50:00,10,M0154,Retail,low,C01174,13,1,894,0.1125,1039.08,wallet,Canara,408893,19,3,0,0,0,1,0,0,1,0,0,0,0,63
TXN0000889,2024-01-11T10:45:00,10,M0124,Retail,low,C01168,266,17,7311,0.0744,2935.03,upi,Canara,582272,10,3,0,0,0,0,0,0,0,0,0,0,0,39
TXN0000890,2024-01-11T22:07:00,10,M0033,Logistics,low,C00972,154,6,1551,0.1387,5985.59,netbanking,Yes,553374,22,3,0,13,0,0,0,0,0,0,0,0,0,19
TXN0000891,2024-01-11T08:17:00,10,M0104,Food,low,C01457,175,14,4484,0.2094,1801.66,upi,SBI,579067,8,3,0,0,0,0,0,0,0,1,0,0,0,53
TXN0000892,2024-01-11T17:02:00,10,M0086,Retail,high,C00918,794,115,11397,0.0088,6251.77,card,Yes,587074,17,3,0,0,0,1,0,0,0,1,0,0,0,68
TXN0000893,2024-01-11T16:51:00,10,M0138,Services,mid,C00413,170,12,4947,0.0694,5581.3,netbanking,PNB,471806,16,3,0,0,0,0,0,0,0,0,0,0,0,42
TXN0000894,2024-01-11T20:46:00,10,M0024,B2B,mid,C00169,92,14,6033,0.1224,17612.02,upi,Canara,590767,20,3,0,0,0,1,0,0,0,1,0,0,0,38
TXN0000895,2024-01-11T09:45:00,10,M0030,B2B,high,C00155,243,18,2365,0.2072,16811.57,netbanking,Canara,455806,9,3,0,0,0,1,0,0,0,0,0,0,0,54
TXN0000896,2024-01-11T13:18:00,10,M0132,Food,mid,C01119,9,1,1815,0.0138,1293.28,card,Yes,424853,13,3,0,0,0,0,0,0,0,0,0,0,1,58
TXN0000897,2024-01-11T08:10:00,10,M0197,Food,low,C01136,979,55,14910,0.0392,16661.94,card,Axis,549708,8,3,0,0,0,0,0,0,0,0,0,0,0,16
TXN0000898,2024-01-11T13:06:00,10,M0104,Food,low,C00629,174,16,3559,0.0527,1227.26,upi,PNB,587064,13,3,0,6,0,0,1,0,0,0,0,1,0,63
TXN0000899,2024-01-11T19:48:00,10,M0148,SaaS,mid,C00460,233,15,4931,0.0947,1538.4,netbanking,Canara,507312,19,3,0,0,0,0,0,0,0,1,0,0,0,38
TXN0000900,2024-01-11T10:20:00,10,M0088,Food,low,C00121,79,10,7331,0.1149,5188.38,netbanking,Canara,524945,10,3,0,0,0,0,0,0,0,1,0,0,0,70
TXN0000901,2024-01-11T18:03:00,10,M0010,SaaS,high,C00396,14,4,1990,0.0986,686.6,netbanking,Yes,445044,18,3,0,0,0,0,0,0,0,0,0,0,0,40
TXN0000902,2024-01-11T09:48:00,10,M0057,Food,high,C00494,209,16,3846,0.0782,1946.96,netbanking,Canara,504782,9,3,0,0,0,0,0,1,0,0,1,1,0,20
TXN0000903,2024-01-11T15:37:00,10,M0087,Logistics,mid,C01450,183,14,6286,0.0681,11943.13,card,SBI,529123,15,3,0,0,0,0,1,0,0,1,0,1,0,28
TXN0000904,2024-01-11T11:49:00,10,M0033,Logistics,low,C00306,139,18,6979,0.0673,11579.82,card,ICICI,409265,11,3,0,0,0,1,0,0,0,1,0,0,0,42
TXN0000905,2024-01-12T16:16:00,11,M0001,Retail,high,C01112,167,12,6759,0.0311,6179.07,card,Kotak,496242,16,4,0,0,0,0,1,0,0,0,0,1,0,17
TXN0000906,2024-01-12T15:00:00,11,M0032,Food,low,C00737,14,4,754,0.1322,3069.2,wallet,PNB,541650,15,4,0,0,0,0,0,0,1,0,0,0,1,52
TXN0000907,2024-01-12T10:46:00,11,M0098,Retail,mid,C00605,13,3,1579,0.0919,1291.6,netbanking,Axis,586984,10,4,0,0,0,0,0,0,0,0,0,0,1,24
TXN0000908,2024-01-12T15:16:00,11,M0165,Services,low,C01233,239,11,5229,0.0346,3734.18,card,Axis,421050,15,4,0,0,0,1,0,0,0,1,0,0,0,22
TXN0000909,2024-01-12T19:26:00,11,M0024,B2B,mid,C01216,914,76,5925,0.0032,26545.32,wallet,HDFC,505715,19,4,0,0,0,0,0,0,0,1,1,1,0,31
TXN0000910,2024-01-12T19:36:00,11,M0126,B2B,low,C00855,10,1,1044,0.075,18276.25,wallet,PNB,444275,19,4,0,6,0,1,0,0,0,0,0,0,1,48
TXN0000911,2024-01-12T10:36:00,11,M0194,Retail,mid,C00820,792,100,15240,0.0131,3898.25,netbanking,PNB,494973,10,4,0,0,0,0,0,0,0,0,0,0,0,35
TXN0000912,2024-01-12T09:03:00,11,M0050,Logistics,high,C00152,16,4,1319,0.1659,7656.51,card,Yes,592893,9,4,0,0,1,1,0,0,0,0,0,0,1,25
TXN0000913,2024-01-12T17:18:00,11,M0184,Logistics,high,C01442,13,1,1831,0.0407,12621.43,upi,ICICI,552111,17,4,0,0,0,0,0,0,0,0,1,1,0,31
TXN0000914,2024-01-12T17:47:00,11,M0140,Logistics,high,C01063,16,2,1323,0.0664,6328.17,card,Canara,534767,17,4,0,0,0,0,0,0,0,0,0,0,0,72
TXN0000915,2024-01-12T05:52:00,11,M0071,Retail,low,C00187,270,12,1258,0.1298,1826.55,netbanking,ICICI,403795,5,4,0,0,0,1,1,0,0,0,1,1,0,64
TXN0000916,2024-01-12T14:19:00,11,M0063,SaaS,high,C01465,199,13,5560,0.1649,2230.18,netbanking,SBI,531379,14,4,0,0,0,1,0,0,0,1,0,0,0,33
TXN0000917,2024-01-12T18:19:00,11,M0099,B2B,low,C00894,209,14,1372,0.0327,25575.52,upi,PNB,533198,18,4,0,0,0,0,0,0,0,1,0,0,0,14
TXN0000918,2024-01-12T09:32:00,11,M0101,Food,low,C00323,257,11,4702,0.0794,3602.72,card,Yes,465833,9,4,0,0,0,0,0,0,0,0,0,0,0,23
TXN0000919,2024-01-12T11:52:00,11,M0028,Retail,mid,C00382,183,7,3754,0.1617,8934.94,netbanking,HDFC,455558,11,4,0,0,0,0,0,0,0,1,0,0,0,29
TXN0000920,2024-01-12T16:56:00,11,M0117,SaaS,low,C00881,257,14,5596,0.1712,6062.87,wallet,Yes,492051,16,4,0,0,0,1,1,0,0,0,1,1,0,44
TXN0000921,2024-01-12T15:02:00,11,M0182,Retail,high,C01437,172,14,2265,0.197,865.51,wallet,HDFC,426323,15,4,0,0,0,0,0,0,0,0,0,0,0,32
TXN0000922,2024-01-12T13:50:00,11,M0191,Logistics,high,C00000,855,97,12338,0.0029,20660.28,upi,Yes,546521,13,4,0,0,0,0,0,0,0,0,0,0,0,53
TXN0000923,2024-01-12T14:12:00,11,M0023,Services,low,C01224,168,17,1803,0.2423,1627.31,card,PNB,539527,14,4,0,0,0,0,0,0,0,0,0,0,0,62
TXN0000924,2024-01-12T21:38:00,11,M0169,Food,low,C01008,20,4,1754,0.1233,615.38,upi,Canara,584023,21,4,0,0,0,0,0,0,0,0,0,0,0,21
TXN0000925,2024-01-12T18:17:00,11,M0151,Food,low,C00450,253,6,6741,0.0816,2656.37,card,Canara,577267,18,4,0,0,0,0,0,0,0,0,0,0,0,43
TXN0000926,2024-01-12T17:16:00,11,M0092,Food,low,C01069,740,66,8096,0.0128,4882.63,upi,Axis,415609,17,4,0,0,0,1,0,0,0,0,0,0,0,65
TXN0000927,2024-01-12T06:07:00,11,M0094,SaaS,high,C00150,11,1,908,0.0473,913.79,card,Axis,451292,6,4,0,0,0,1,0,0,0,0,0,0,0,49
TXN0000928,2024-01-12T21:03:00,11,M0190,Services,low,C01040,22,4,786,0.1055,4148.3,upi,HDFC,552745,21,4,0,0,0,0,0,0,0,0,0,0,0,48
TXN0000929,2024-01-12T19:53:00,11,M0195,Food,high,C00828,99,20,5319,0.1355,1120.13,wallet,Yes,469104,19,4,0,0,0,0,0,1,0,0,0,1,1,13
TXN0000930,2024-01-12T17:53:00,11,M0103,Services,low,C00023,973,107,11493,0.023,12297.93,netbanking,HDFC,527693,17,4,0,0,0,0,0,0,0,0,0,0,0,29
TXN0000931,2024-01-12T01:39:00,11,M0020,B2B,low,C00624,65,14,6233,0.047,9774.87,netbanking,Canara,506492,1,4,0,0,0,0,0,0,0,0,1,1,0,68
TXN0000932,2024-01-12T21:18:00,11,M0153,Food,low,C00707,138,10,6761,0.0794,2672.37,upi,SBI,579930,21,4,0,0,0,1,0,0,0,0,0,0,0,40
TXN0000933,2024-01-12T07:46:00,11,M0099,B2B,low,C00173,100,19,4404,0.0825,13027.32,wallet,Canara,570515,7,4,0,0,0,0,0,0,0,0,0,0,0,36
TXN0000934,2024-01-12T10:10:00,11,M0040,SaaS,mid,C01019,794,116,24749,0.0205,53611.62,card,Yes,438786,10,4,0,0,0,0,0,0,0,0,1,1,0,33
TXN0000935,2024-01-12T03:33:00,11,M0038,B2B,mid,C00699,115,19,2458,0.0619,41268.02,upi,Yes,439373,3,4,0,0,0,0,0,0,1,0,1,1,0,58
TXN0000936,2024-01-12T17:32:00,11,M0058,B2B,low,C00676,205,16,3731,0.1246,17353.99,upi,HDFC,558474,17,4,0,0,0,2,0,0,0,1,0,0,0,68
TXN0000937,2024-01-12T19:58:00,11,M0148,SaaS,mid,C00554,25,3,1881,0.1038,1122.8,card,Canara,526278,19,4,0,0,0,1,0,0,0,0,0,0,0,56
TXN0000938,2024-01-12T07:59:00,11,M0077,Services,high,C00092,746,97,10119,0.0086,9119.3,upi,HDFC,578537,7,4,0,0,0,0,0,0,0,1,0,0,0,31
TXN0000939,2024-01-12T18:48:00,11,M0041,B2B,low,C00836,932,88,5871,0.004,18852.75,wallet,Axis,584096,18,4,0,0,0,1,0,0,0,0,0,0,0,46
TXN0000940,2024-01-12T10:47:00,11,M0036,Retail,low,C00400,99,11,6695,0.0759,6803.27,netbanking,HDFC,465412,10,4,0,0,0,0,0,0,0,0,0,0,0,47
TXN0000941,2024-01-12T11:24:00,11,M0188,Logistics,mid,C01079,120,13,2720,0.1461,7901.83,card,HDFC,564041,11,4,0,0,0,0,0,0,0,1,0,0,0,55
TXN0000942,2024-01-12T15:06:00,11,M0055,Services,mid,C01467,110,13,3091,0.1456,8541.11,netbanking,Axis,400994,15,4,0,10,0,0,0,0,0,1,0,0,0,63
TXN0000943,2024-01-12T07:50:00,11,M0099,B2B,low,C00167,951,114,4815,0.0341,18067.97,wallet,ICICI,432107,7,4,0,0,0,1,0,0,0,0,0,0,0,26
TXN0000944,2024-01-12T15:01:00,11,M0062,B2B,low,C00566,81,17,5110,0.0665,13642.28,netbanking,PNB,564337,15,4,0,0,0,0,0,0,0,0,0,0,0,44
TXN0000945,2024-01-12T17:59:00,11,M0023,Services,low,C00975,145,5,5985,0.0929,4803.42,card,Canara,475619,17,4,0,0,0,0,0,0,0,1,0,0,0,70
TXN0000946,2024-01-12T09:38:00,11,M0053,Retail,low,C00439,200,16,1597,0.205,1276.7,card,PNB,545640,9,4,0,0,0,0,0,0,0,0,0,0,0,58
TXN0000947,2024-01-12T23:48:00,11,M0127,Food,low,C00523,973,109,20713,0.0508,9074.02,card,SBI,431699,23,4,0,0,0,0,1,0,0,0,0,1,1,66
TXN0000948,2024-01-12T13:50:00,11,M0128,B2B,high,C00850,147,16,7302,0.0202,58917.07,upi,Kotak,589247,13,4,0,0,0,0,0,0,0,0,1,1,0,65
TXN0000949,2024-01-12T22:02:00,11,M0110,Food,high,C01167,151,10,2963,0.1531,3741.65,netbanking,ICICI,429482,22,4,0,0,0,1,0,0,0,0,0,0,0,67
TXN0000950,2024-01-12T14:05:00,11,M0110,Food,high,C00719,167,19,7043,0.1785,3376.51,wallet,Yes,551882,14,4,0,0,0,0,0,0,0,0,0,0,0,64
TXN0000951,2024-01-12T09:04:00,11,M0141,Logistics,low,C01280,146,17,1316,0.1056,13521.52,wallet,SBI,528152,9,4,0,0,0,0,0,0,0,0,0,0,0,43
TXN0000952,2024-01-12T18:27:00,11,M0121,Food,low,C00999,828,83,16395,0.0109,7221.82,upi,Kotak,446964,18,4,0,0,0,0,0,0,0,0,0,0,0,20
TXN0000953,2024-01-12T19:54:00,11,M0049,Services,mid,C00410,17,3,1752,0.01,2938.47,netbanking,SBI,596446,19,4,0,0,0,0,0,0,0,0,0,0,1,43
TXN0000954,2024-01-12T14:00:00,11,M0158,Retail,low,C00320,211,6,4563,0.1454,5060.88,upi,Kotak,564846,14,4,0,0,0,0,0,0,0,0,0,0,0,48
TXN0000955,2024-01-12T13:59:00,11,M0022,Retail,low,C00701,19,4,1356,0.0281,5009.3,upi,HDFC,447507,13,4,0,1,0,0,0,0,0,0,1,1,0,39
TXN0000956,2024-01-12T13:24:00,11,M0078,B2B,high,C00458,228,14,6680,0.1174,31266.96,upi,Yes,494873,13,4,0,0,0,0,0,0,0,0,1,1,0,24
TXN0000957,2024-01-12T16:19:00,11,M0040,SaaS,mid,C01001,6,3,514,0.1072,824.51,wallet,Yes,506509,16,4,0,0,0,1,0,0,0,0,0,0,1,67
TXN0000958,2024-01-12T03:48:00,11,M0164,Logistics,high,C01406,854,117,21647,0.0155,22621.85,netbanking,Axis,582677,3,4,0,0,0,0,0,0,0,0,1,1,0,38
TXN0000959,2024-01-12T11:31:00,11,M0070,Services,low,C00556,22,2,1268,0.1906,2068.13,wallet,PNB,562272,11,4,0,0,0,0,0,0,0,0,0,0,0,28
TXN0000960,2024-01-12T19:15:00,11,M0113,Services,high,C00160,790,83,11529,0.027,2808.16,netbanking,HDFC,495563,19,4,0,0,0,0,0,0,0,0,1,1,0,50
TXN0000961,2024-01-12T19:33:00,11,M0165,Services,low,C00011,15,3,642,0.1639,2251.91,upi,Canara,537619,19,4,0,0,0,0,0,0,1,1,0,0,1,25
TXN0000962,2024-01-12T14:11:00,11,M0050,Logistics,high,C01493,217,8,4914,0.0859,15798.94,wallet,Axis,520218,14,4,0,0,0,0,0,0,0,0,0,0,0,68
TXN0000963,2024-01-12T11:11:00,11,M0070,Services,low,C00178,20,4,1085,0.1022,1324.85,wallet,PNB,453995,11,4,0,0,0,0,0,0,0,1,0,0,1,37
TXN0000964,2024-01-12T23:50:00,11,M0119,Retail,high,C00575,241,8,3584,0.1231,3742.68,wallet,Kotak,429218,23,4,0,0,0,1,0,0,0,1,0,0,0,15
TXN0000965,2024-01-12T05:05:00,11,M0181,Food,high,C01178,209,14,2357,0.1801,471.52,netbanking,Kotak,555162,5,4,0,0,0,0,0,1,0,0,1,1,0,52
TXN0000966,2024-01-12T20:28:00,11,M0120,Food,low,C00414,216,6,1095,0.0964,537.04,card,PNB,408311,20,4,0,0,0,0,0,0,0,0,0,0,0,58
TXN0000967,2024-01-12T12:30:00,11,M0103,Services,low,C01081,245,20,7234,0.042,5086.09,upi,Axis,549418,12,4,0,0,0,1,0,0,0,1,0,0,0,41
TXN0000968,2024-01-12T22:43:00,11,M0064,Food,high,C00745,236,8,4418,0.0669,3335.11,upi,Canara,551723,22,4,0,0,0,0,0,0,0,1,0,0,0,63
TXN0000969,2024-01-12T20:52:00,11,M0192,B2B,mid,C00828,99,20,5319,0.1355,43950.79,netbanking,Canara,539174,20,4,0,1,1,1,1,0,0,0,1,1,0,24
TXN0000970,2024-01-12T11:13:00,11,M0002,B2B,low,C00466,11,3,1294,0.1314,4697.59,upi,HDFC,449582,11,4,0,0,0,1,0,0,0,0,0,0,1,67
TXN0000971,2024-01-12T19:16:00,11,M0129,Services,low,C00501,292,11,5087,0.1788,17463.29,upi,Yes,594624,19,4,0,0,0,0,0,0,0,1,0,0,0,23
TXN0000972,2024-01-12T12:54:00,11,M0160,Services,mid,C00068,788,109,6849,0.0242,3627.55,card,PNB,499902,12,4,0,0,0,1,0,0,0,1,0,0,0,50
TXN0000973,2024-01-12T19:17:00,11,M0042,Logistics,mid,C00503,751,111,15163,0.0191,19288.31,netbanking,Axis,424488,19,4,0,0,0,0,0,0,0,0,1,1,0,12
TXN0000974,2024-01-12T18:02:00,11,M0005,Logistics,high,C00598,256,19,3365,0.1542,1794.95,wallet,Canara,453627,18,4,0,0,0,0,0,0,0,0,0,0,0,59
TXN0000975,2024-01-12T16:15:00,11,M0038,B2B,mid,C00554,25,3,1881,0.1038,38964.38,card,SBI,514449,16,4,0,1,1,2,0,0,0,0,1,1,0,49
TXN0000976,2024-01-12T11:41:00,11,M0090,Logistics,mid,C00201,734,88,21610,0.0185,18407.97,upi,PNB,590822,11,4,0,6,0,0,0,0,0,0,0,0,0,33
TXN0000977,2024-01-12T07:51:00,11,M0077,Services,high,C00536,12,4,1407,0.0616,3868.29,card,Kotak,475525,7,4,0,0,1,2,0,0,0,1,0,0,0,27
TXN0000978,2024-01-12T15:23:00,11,M0085,SaaS,mid,C00054,249,8,7248,0.0399,2863.8,card,SBI,517083,15,4,0,6,0,0,0,0,0,0,0,0,0,40
TXN0000979,2024-01-12T08:18:00,11,M0196,Retail,low,C00925,268,15,7613,0.1884,2909.66,upi,HDFC,529357,8,4,0,0,0,0,0,0,0,1,0,0,0,33
TXN0000980,2024-01-12T12:57:00,11,M0093,SaaS,mid,C01228,179,16,4503,0.0867,1526.26,upi,SBI,486479,12,4,0,0,0,0,0,0,0,1,0,0,0,69
TXN0000981,2024-01-12T09:46:00,11,M0007,Food,mid,C00345,5,4,1662,0.0094,2029.91,upi,Kotak,496421,9,4,0,0,0,1,0,0,0,0,0,0,0,24
TXN0000982,2024-01-12T19:03:00,11,M0070,Services,low,C00211,21,4,738,0.1348,2012.47,wallet,SBI,432250,19,4,0,0,0,1,0,0,0,0,0,0,1,54
TXN0000983,2024-01-12T19:26:00,11,M0054,Retail,mid,C00416,120,7,4760,0.1133,6235.57,wallet,HDFC,476992,19,4,0,0,0,0,1,0,0,0,0,1,1,35
TXN0000984,2024-01-13T06:45:00,12,M0174,SaaS,low,C00965,103,7,6500,0.2055,4994.01,wallet,HDFC,537235,6,5,1,0,0,0,0,0,0,0,0,0,0,45
TXN0000985,2024-01-13T22:02:00,12,M0129,Services,low,C01118,9,3,1462,0.0622,1534.47,upi,Axis,579823,22,5,1,12,0,0,0,0,0,1,0,0,1,25
TXN0000986,2024-01-13T08:00:00,12,M0146,Food,mid,C00887,8,3,791,0.0813,418.95,netbanking,Kotak,517910,8,5,1,14,0,1,0,0,0,0,0,0,0,38
TXN0000987,2024-01-13T20:56:00,12,M0197,Food,low,C00927,914,55,3972,0.0048,2174.64,netbanking,Canara,472900,20,5,1,0,0,0,0,0,0,0,0,0,0,31
TXN0000988,2024-01-13T08:43:00,12,M0070,Services,low,C00061,128,6,7251,0.1482,2645.08,wallet,Canara,479259,8,5,1,0,0,0,0,0,0,0,0,0,0,31
TXN0000989,2024-01-13T21:16:00,12,M0099,B2B,low,C01078,5,2,1178,0.0571,21720.05,netbanking,SBI,451376,21,5,1,0,0,1,0,0,0,1,0,0,1,21
TXN0000990,2024-01-13T01:35:00,12,M0160,Services,mid,C00775,14,3,1392,0.0331,5034.9,upi,SBI,436465,1,5,1,0,0,2,0,0,0,0,0,0,0,27
TXN0000991,2024-01-13T07:24:00,12,M0170,Logistics,mid,C01331,932,79,12508,0.025,42405.28,wallet,ICICI,453412,7,5,1,0,0,0,0,0,0,0,1,1,0,31
TXN0000992,2024-01-13T09:59:00,12,M0180,Food,low,C01066,151,11,1906,0.0889,3486.26,netbanking,Canara,531705,9,5,1,0,0,2,0,0,0,0,0,0,0,15
TXN0000993,2024-01-13T13:27:00,12,M0090,Logistics,mid,C00690,20,2,922,0.0354,25956.24,wallet,Yes,450563,13,5,1,0,0,1,0,0,0,0,0,0,1,23
TXN0000994,2024-01-13T16:27:00,12,M0010,SaaS,high,C00125,751,107,21732,0.0222,9065.76,upi,Yes,575812,16,5,1,0,0,0,0,0,0,1,1,1,0,33
TXN0000995,2024-01-13T10:54:00,12,M0104,Food,low,C00766,267,5,7258,0.0094,4782.51,wallet,PNB,507677,10,5,1,0,0,0,1,0,0,1,1,1,0,66
TXN0000996,2024-01-13T18:08:00,12,M0125,Retail,low,C01375,827,66,13174,0.001,10909.19,upi,HDFC,495323,18,5,1,0,0,1,0,0,0,0,0,0,0,45
TXN0000997,2024-01-13T18:58:00,12,M0068,B2B,low,C00715,271,14,4702,0.0777,19149.03,wallet,HDFC,584363,18,5,1,0,0,0,0,0,0,0,1,1,0,39
TXN0000998,2024-01-13T20:32:00,12,M0024,B2B,mid,C00231,970,90,9656,0.0095,40605.08,card,HDFC,512225,20,5,1,0,0,1,1,0,0,0,1,1,0,21
TXN0000999,2024-01-13T10:51:00,12,M0035,SaaS,mid,C00222,96,12,4387,0.0371,2184.28,wallet,Kotak,465250,10,5,1,0,0,1,0,0,0,1,0,0,0,39
TXN0001000,2024-01-13T09:25:00,12,M0105,SaaS,high,C00719,167,19,7043,0.1785,3693.73,wallet,SBI,414192,9,5,1,0,1,1,0,0,0,0,0,0,0,69
TXN0001001,2024-01-13T07:00:00,12,M0121,Food,low,C00117,169,17,6812,0.1292,1008.74,wallet,ICICI,418611,7,5,1,0,0,0,0,0,0,1,0,0,1,45
TXN0001002,2024-01-13T08:11:00,12,M0023,Services,low,C00784,14,4,1494,0.0944,2142.7,netbanking,Yes,421469,8,5,1,0,0,0,0,0,0,0,0,0,1,42
TXN0001003,2024-01-13T19:45:00,12,M0014,Logistics,high,C00905,997,85,9286,0.052,13468.31,netbanking,Yes,593780,19,5,1,0,0,0,1,0,0,1,1,1,0,58
TXN0001004,2024-01-13T10:32:00,12,M0008,Retail,low,C00623,774,92,18298,0.0518,19276.11,wallet,Axis,462420,10,5,1,0,0,0,0,1,1,0,1,1,0,61
TXN0001005,2024-01-13T20:00:00,12,M0094,SaaS,high,C01433,153,18,6378,0.052,2591.12,upi,Canara,402811,20,5,1,0,0,0,0,0,0,0,0,0,0,40
TXN0001006,2024-01-13T17:39:00,12,M0015,Services,low,C00227,197,11,1422,0.0498,4049.93,netbanking,PNB,538722,17,5,1,0,0,0,0,0,0,0,0,0,0,40
TXN0001007,2024-01-13T22:15:00,12,M0095,Food,low,C00075,161,7,7977,0.0608,3720.03,netbanking,Yes,554576,22,5,1,0,0,1,0,0,0,0,1,1,0,61
TXN0001008,2024-01-13T13:13:00,12,M0140,Logistics,high,C00387,8,4,762,0.1501,3745.12,netbanking,Yes,439122,13,5,1,11,0,0,0,0,0,0,0,0,0,24
TXN0001009,2024-01-13T21:24:00,12,M0094,SaaS,high,C00956,207,6,7039,0.0199,1545.82,card,Canara,429008,21,5,1,0,0,0,1,0,0,0,1,1,0,38
TXN0001010,2024-01-13T19:04:00,12,M0006,Food,low,C00263,223,7,1895,0.1805,2893.2,upi,ICICI,554551,19,5,1,0,0,0,0,0,0,0,0,0,0,64
TXN0001011,2024-01-13T20:08:00,12,M0142,Retail,mid,C00137,101,11,7563,0.169,5942.01,wallet,Canara,413042,20,5,1,0,0,0,0,0,0,0,0,0,0,41
TXN0001012,2024-01-13T22:06:00,12,M0034,Retail,high,C01428,178,8,7583,0.1156,4404.19,netbanking,Yes,502326,22,5,1,0,0,0,0,0,0,0,0,0,0,19
TXN0001013,2024-01-13T19:54:00,12,M0151,Food,low,C00342,78,16,6771,0.0366,2164.72,card,Yes,411766,19,5,1,0,0,0,0,0,0,0,0,0,0,39
TXN0001014,2024-01-13T11:07:00,12,M0119,Retail,high,C00544,19,3,1611,0.17,1744.76,netbanking,Kotak,456665,11,5,1,0,0,0,0,0,0,0,0,0,1,50
TXN0001015,2024-01-13T11:49:00,12,M0148,SaaS,mid,C01208,24,4,1125,0.262,1121.8,upi,SBI,500014,11,5,1,0,0,1,1,1,0,1,1,1,0,17
TXN0001016,2024-01-13T03:40:00,12,M0145,SaaS,low,C00860,135,18,4293,0.257,1857.44,wallet,Yes,460854,3,5,1,0,0,1,0,0,0,0,1,1,0,23
TXN0001017,2024-01-13T16:49:00,12,M0108,Food,high,C01412,93,13,3187,0.0774,1348.3,netbanking,ICICI,518504,16,5,1,0,0,0,0,0,0,0,0,0,0,63
TXN0001018,2024-01-13T16:32:00,12,M0032,Food,low,C00281,123,14,1264,0.0655,1127.67,upi,Yes,485368,16,5,1,0,0,1,0,0,0,0,0,0,0,43
TXN0001019,2024-01-13T12:13:00,12,M0185,Food,high,C00988,21,3,1506,0.0789,2233.32,netbanking,Canara,492200,12,5,1,0,0,0,0,0,0,0,0,0,1,69
TXN0001020,2024-01-13T03:50:00,12,M0117,SaaS,low,C00323,257,11,4702,0.0794,1562.69,upi,PNB,540467,3,5,1,0,1,1,0,0,0,0,0,0,0,41
TXN0001021,2024-01-13T11:48:00,12,M0001,Retail,high,C01066,151,11,1906,0.0889,2331.16,wallet,Canara,468273,11,5,1,0,1,3,0,0,0,0,0,0,0,65
TXN0001022,2024-01-13T06:34:00,12,M0149,Services,low,C00307,10,1,525,0.1779,859.07,card,Yes,517518,6,5,1,0,0,2,0,0,0,0,0,0,0,45
TXN0001023,2024-01-13T15:55:00,12,M0078,B2B,high,C01029,18,2,615,0.0338,21235.07,netbanking,Yes,474404,15,5,1,0,0,0,0,0,0,1,1,1,0,70
TXN0001024,2024-01-13T09:24:00,12,M0045,Food,high,C00252,212,15,4155,0.0065,4153.91,netbanking,Axis,472402,9,5,1,0,0,0,0,0,0,0,0,0,0,70
TXN0001025,2024-01-13T16:46:00,12,M0159,Services,low,C00697,211,15,4432,0.0478,6301.08,netbanking,ICICI,502546,16,5,1,0,0,0,0,0,0,1,0,0,0,28
TXN0001026,2024-01-13T07:21:00,12,M0161,Services,mid,C00174,247,16,4266,0.0312,2406.41,netbanking,ICICI,450264,7,5,1,0,0,2,0,0,0,1,0,0,0,37
TXN0001027,2024-01-13T10:38:00,12,M0092,Food,low,C01496,193,13,7225,0.0594,5771.96,netbanking,Canara,543865,10,5,1,0,0,1,1,0,0,1,1,1,0,33
TXN0001028,2024-01-13T19:55:00,12,M0045,Food,high,C00622,93,11,6935,0.0169,4338.51,upi,Axis,534540,19,5,1,0,0,0,0,0,0,0,0,0,0,37
TXN0001029,2024-01-13T19:26:00,12,M0147,SaaS,mid,C01190,14,4,1510,0.2709,942.02,netbanking,Kotak,514252,19,5,1,0,0,0,1,0,0,0,0,1,1,45
TXN0001030,2024-01-13T06:34:00,12,M0100,Retail,low,C00825,20,4,1135,0.0724,1489.19,wallet,Kotak,471594,6,5,1,0,0,0,0,0,0,0,0,0,0,70
TXN0001031,2024-01-13T14:01:00,12,M0080,Logistics,low,C00391,807,67,9563,0.0069,36351.15,wallet,SBI,461819,14,5,1,0,0,0,0,0,0,0,1,1,0,71
TXN0001032,2024-01-13T17:47:00,12,M0183,Retail,mid,C00025,771,67,7942,0.0048,6869.62,netbanking,SBI,463371,17,5,1,8,0,0,0,0,0,0,0,0,0,14
TXN0001033,2024-01-13T07:58:00,12,M0114,Logistics,mid,C00970,220,11,6117,0.0537,8890.15,wallet,Canara,479268,7,5,1,0,0,1,0,0,0,0,0,0,0,68
TXN0001034,2024-01-13T18:53:00,12,M0127,Food,low,C00996,298,17,6726,0.0867,3475.14,wallet,SBI,474359,18,5,1,0,0,1,1,0,0,0,1,1,0,20
TXN0001035,2024-01-13T20:27:00,12,M0088,Food,low,C00566,81,17,5110,0.0665,1793.32,card,Yes,583321,20,5,1,0,0,1,0,0,0,0,0,0,0,18
TXN0001036,2024-01-13T08:24:00,12,M0141,Logistics,low,C00346,23,1,1516,0.0407,15372.54,upi,Kotak,447355,8,5,1,0,0,0,0,0,0,1,0,0,0,69
TXN0001037,2024-01-13T15:37:00,12,M0116,Services,low,C01332,12,1,573,0.2078,1142.33,wallet,HDFC,490749,15,5,1,0,0,1,0,0,1,0,0,0,1,66
TXN0001038,2024-01-13T17:35:00,12,M0167,SaaS,low,C00006,750,95,9883,0.0209,5501.66,wallet,PNB,432832,17,5,1,0,0,0,0,0,0,1,0,0,0,71
TXN0001039,2024-01-13T15:52:00,12,M0002,B2B,low,C00666,124,11,1278,0.1892,44809.35,netbanking,Yes,426429,15,5,1,0,0,0,0,0,0,0,1,1,0,24
TXN0001040,2024-01-13T11:06:00,12,M0181,Food,high,C00070,765,85,16596,0.0072,16559.49,wallet,Kotak,489817,11,5,1,0,0,0,0,0,0,1,1,1,0,67
TXN0001041,2024-01-13T15:54:00,12,M0109,Services,low,C00469,906,112,18797,0.0674,9531.87,wallet,Canara,410364,15,5,1,0,0,0,1,0,0,1,0,1,0,64
TXN0001042,2024-01-13T12:56:00,12,M0173,Food,high,C00353,227,10,5975,0.0345,1484.52,netbanking,SBI,431458,12,5,1,0,0,0,0,0,0,1,0,0,0,59
TXN0001043,2024-01-13T13:52:00,12,M0081,Logistics,high,C01190,14,4,1510,0.2709,5956.99,upi,PNB,442460,13,5,1,1,1,1,1,0,0,1,1,1,0,39
TXN0001044,2024-01-13T09:53:00,12,M0187,SaaS,high,C00684,263,8,4737,0.1664,5931.54,netbanking,ICICI,577605,9,5,1,0,0,1,0,1,0,1,1,1,0,16
TXN0001045,2024-01-13T02:05:00,12,M0128,B2B,high,C00313,188,6,2469,0.0733,11961.18,wallet,Axis,448160,2,5,1,0,0,1,0,0,0,1,1,1,0,50
TXN0001046,2024-01-13T02:12:00,12,M0146,Food,mid,C00979,877,53,10504,0.0387,4011.26,upi,HDFC,477130,2,5,1,0,0,0,0,0,0,1,1,1,0,12
TXN0001047,2024-01-13T18:36:00,12,M0161,Services,mid,C00598,256,19,3365,0.1542,2664.97,card,Yes,510955,18,5,1,0,0,1,1,0,0,0,1,1,0,41
TXN0001048,2024-01-13T18:45:00,12,M0033,Logistics,low,C01345,202,7,1860,0.0767,4243.67,wallet,Canara,592820,18,5,1,0,0,0,0,0,0,0,0,0,0,16
TXN0001049,2024-01-13T07:13:00,12,M0055,Services,mid,C01024,136,10,1176,0.0902,2204.61,wallet,Axis,410180,7,5,1,0,0,0,1,0,0,1,1,1,0,28
TXN0001050,2024-01-13T13:53:00,12,M0081,Logistics,high,C00699,115,19,2458,0.0619,13249.94,wallet,Kotak,590818,13,5,1,0,0,1,0,0,0,1,0,0,0,52
TXN0001051,2024-01-13T20:06:00,12,M0027,Services,high,C00712,22,1,1648,0.1887,2644.63,card,Canara,421273,20,5,1,10,0,1,0,0,0,0,0,0,0,13
TXN0001052,2024-01-13T20:00:00,12,M0105,SaaS,high,C00466,11,3,1294,0.1314,1394.43,netbanking,Yes,578897,20,5,1,0,0,2,1,0,0,0,0,1,1,60
TXN0001053,2024-01-13T18:02:00,12,M0056,Retail,low,C01379,877,76,14212,0.0235,6450.94,card,SBI,427748,18,5,1,0,0,1,0,0,0,1,0,0,0,14
TXN0001054,2024-01-13T15:31:00,12,M0116,Services,low,C00286,272,12,7237,0.0316,1989.31,netbanking,Canara,540880,15,5,1,0,0,0,1,0,0,0,1,1,0,29
TXN0001055,2024-01-13T06:26:00,12,M0024,B2B,mid,C00047,8,2,892,0.0391,25118.47,wallet,Canara,421538,6,5,1,10,0,3,0,0,0,1,0,0,1,19
TXN0001056,2024-01-13T09:20:00,12,M0128,B2B,high,C00948,163,14,3671,0.0629,23492.01,wallet,PNB,538965,9,5,1,0,0,0,1,0,0,0,1,1,0,42
TXN0001057,2024-01-13T05:13:00,12,M0168,Food,high,C00525,196,14,3844,0.122,4017.24,card,Kotak,505891,5,5,1,0,0,0,1,0,0,1,0,1,0,41
TXN0001058,2024-01-13T21:43:00,12,M0005,Logistics,high,C00578,267,6,6126,0.0334,16010.61,netbanking,ICICI,533720,21,5,1,0,0,0,0,0,0,1,0,0,0,35
TXN0001059,2024-01-13T02:17:00,12,M0152,Retail,high,C00165,165,18,7744,0.1186,11160.79,wallet,Kotak,407427,2,5,1,0,0,0,0,0,0,0,1,1,0,62
TXN0001060,2024-01-13T06:41:00,12,M0176,SaaS,low,C00677,22,3,664,0.2321,659.18,card,HDFC,499399,6,5,1,0,0,0,0,0,1,1,0,0,1,59
TXN0001061,2024-01-13T03:55:00,12,M0102,Retail,high,C01330,256,7,6365,0.0174,4851.16,card,Yes,452472,3,5,1,0,0,0,1,0,0,0,1,1,0,32
TXN0001062,2024-01-13T16:39:00,12,M0198,Food,mid,C00869,17,2,715,0.0491,210.52,netbanking,SBI,505244,16,5,1,10,0,0,0,0,0,0,0,0,1,51
TXN0001063,2024-01-13T15:52:00,12,M0094,SaaS,high,C00122,285,15,6138,0.0613,3848.33,upi,Axis,575548,15,5,1,0,0,1,0,0,0,0,0,0,0,68
TXN0001064,2024-01-13T02:51:00,12,M0165,Services,low,C00351,767,93,8574,0.0491,6088.37,wallet,Axis,494558,2,5,1,0,0,0,1,0,0,0,1,1,0,30
TXN0001065,2024-01-13T12:31:00,12,M0033,Logistics,low,C00733,19,4,1406,0.0532,2706.3,upi,HDFC,513969,12,5,1,0,0,1,0,0,1,0,1,1,0,67
TXN0001066,2024-01-13T07:47:00,12,M0130,Food,low,C00277,164,20,4404,0.1783,2028.1,netbanking,PNB,405425,7,5,1,0,0,1,0,0,0,1,0,0,0,13
TXN0001067,2024-01-13T09:22:00,12,M0065,B2B,high,C00049,879,66,23901,0.0391,27199.23,card,SBI,565736,9,5,1,0,0,0,0,0,0,0,1,1,0,40
TXN0001068,2024-01-13T16:57:00,12,M0144,Retail,low,C00293,25,3,1986,0.1281,1984.29,netbanking,Axis,576681,16,5,1,9,0,1,0,0,0,0,0,0,0,45
TXN0001069,2024-01-13T14:09:00,12,M0066,Food,mid,C00547,197,17,2555,0.0928,3864.23,netbanking,Yes,586451,14,5,1,0,0,0,0,0,0,0,0,0,0,58
TXN0001070,2024-01-13T17:31:00,12,M0129,Services,low,C00237,75,20,6400,0.086,1456.38,netbanking,HDFC,442310,17,5,1,0,0,0,0,0,0,0,0,0,0,37
TXN0001071,2024-01-13T11:52:00,12,M0170,Logistics,mid,C00264,25,4,1179,0.0072,7868.08,upi,SBI,544816,11,5,1,0,0,0,1,0,0,0,1,1,0,19
TXN0001072,2024-01-14T15:02:00,13,M0089,Food,low,C00013,300,11,3983,0.0544,4673.15,wallet,PNB,528547,15,6,1,0,0,0,0,0,0,1,0,0,0,25
TXN0001073,2024-01-14T20:14:00,13,M0159,Services,low,C00430,876,104,3418,0.0136,2682.06,card,ICICI,490364,20,6,1,0,0,1,0,0,0,1,0,0,0,36
TXN0001074,2024-01-14T09:57:00,13,M0000,Logistics,low,C01002,254,13,4980,0.0896,9289.37,netbanking,Axis,530211,9,6,1,0,0,0,0,0,0,0,0,0,0,42
TXN0001075,2024-01-14T00:36:00,13,M0063,SaaS,high,C00228,23,2,1481,0.0503,2839.74,upi,Canara,563236,0,6,1,0,0,0,1,0,0,1,1,1,0,40
TXN0001076,2024-01-14T10:21:00,13,M0058,B2B,low,C00215,256,18,4067,0.245,19047.39,upi,SBI,507996,10,6,1,0,0,1,0,1,0,1,1,1,0,50
TXN0001077,2024-01-14T20:48:00,13,M0015,Services,low,C00966,6,2,1405,0.1134,3329.82,upi,SBI,461493,20,6,1,0,0,0,0,0,0,0,0,0,0,63
TXN0001078,2024-01-14T11:29:00,13,M0158,Retail,low,C01277,952,104,4871,0.0312,3801.31,upi,PNB,400793,11,6,1,0,0,0,0,0,0,1,1,1,0,16
TXN0001079,2024-01-14T09:01:00,13,M0119,Retail,high,C00688,102,19,2995,0.0255,3615.51,netbanking,HDFC,554062,9,6,1,0,0,0,0,1,0,0,1,1,0,31
TXN0001080,2024-01-14T12:57:00,13,M0085,SaaS,mid,C00088,270,16,1887,0.1236,454.42,netbanking,SBI,410318,12,6,1,0,0,0,0,0,0,0,0,0,0,26
TXN0001081,2024-01-14T21:43:00,13,M0166,SaaS,mid,C01133,187,8,7592,0.01,2184.07,netbanking,ICICI,511606,21,6,1,0,0,0,0,0,0,0,0,0,0,57
TXN0001082,2024-01-14T12:57:00,13,M0192,B2B,mid,C00773,866,52,18391,0.0182,5965.11,netbanking,Canara,470971,12,6,1,0,0,0,0,0,0,0,0,0,0,17
TXN0001083,2024-01-14T12:05:00,13,M0013,Logistics,high,C00809,22,1,606,0.0443,7413.09,netbanking,Axis,428708,12,6,1,0,0,1,0,0,0,1,0,0,0,55
TXN0001084,2024-01-14T20:15:00,13,M0171,Retail,low,C01223,878,78,4053,0.0134,3362.79,wallet,Yes,503261,20,6,1,0,0,1,0,0,0,1,0,0,0,39
TXN0001085,2024-01-14T11:57:00,13,M0178,Logistics,low,C01207,103,11,3847,0.1379,13008.5,netbanking,Canara,572944,11,6,1,0,0,1,0,0,0,0,1,1,0,62
TXN0001086,2024-01-14T10:21:00,13,M0150,Retail,mid,C00235,294,6,5292,0.0091,3323.15,card,PNB,571275,10,6,1,0,0,0,0,0,0,0,0,0,0,25
TXN0001087,2024-01-14T19:15:00,13,M0007,Food,mid,C00414,216,6,1095,0.0964,1668.11,wallet,Canara,407238,19,6,1,0,0,1,0,0,0,0,0,0,0,39
TXN0001088,2024-01-14T07:17:00,13,M0011,Food,low,C00050,180,20,4608,0.0752,2646.54,netbanking,Kotak,451635,7,6,1,0,0,0,0,0,0,0,0,0,0,54
TXN0001089,2024-01-14T06:22:00,13,M0186,B2B,mid,C01304,94,10,6928,0.1232,24633.75,card,Kotak,599311,6,6,1,0,0,0,0,0,0,0,0,0,0,16
TXN0001090,2024-01-14T09:04:00,13,M0070,Services,low,C00348,244,5,1394,0.0422,2404.11,card,SBI,453727,9,6,1,0,0,1,0,0,0,0,0,0,0,49
TXN0001091,2024-01-14T02:29:00,13,M0134,Services,low,C00326,91,5,1505,0.2531,1028.55,netbanking,PNB,518850,2,6,1,0,0,0,0,0,0,0,1,1,0,35
TXN0001092,2024-01-14T00:20:00,13,M0170,Logistics,mid,C00544,19,3,1611,0.17,10651.85,netbanking,Yes,515388,0,6,1,0,1,1,0,0,0,0,1,1,0,62
TXN0001093,2024-01-14T11:30:00,13,M0170,Logistics,mid,C00921,228,9,1469,0.0468,12679.7,netbanking,SBI,553646,11,6,1,0,0,1,0,0,0,0,0,0,0,32
TXN0001094,2024-01-14T14:34:00,13,M0047,Logistics,low,C00144,25,4,628,0.0275,7737.3,wallet,ICICI,580076,14,6,1,0,0,0,0,0,0,0,0,0,1,14
TXN0001095,2024-01-14T16:27:00,13,M0106,Services,high,C01243,240,17,5202,0.0226,3918.74,card,ICICI,467356,16,6,1,0,0,0,0,0,0,1,0,0,1,46
TXN0001096,2024-01-14T20:06:00,13,M0178,Logistics,low,C00388,901,61,10282,0.0078,2824.05,netbanking,SBI,582591,20,6,1,0,0,0,0,0,0,1,0,0,0,37
TXN0001097,2024-01-14T15:59:00,13,M0026,Retail,high,C00703,274,19,3286,0.0064,1682.16,wallet,ICICI,572158,15,6,1,0,0,0,0,0,0,0,0,0,0,37
TXN0001098,2024-01-14T16:13:00,13,M0108,Food,high,C01264,200,9,1946,0.0981,778.21,netbanking,PNB,412035,16,6,1,14,0,0,0,0,0,0,0,0,0,59
TXN0001099,2024-01-14T12:38:00,13,M0149,Services,low,C00227,197,11,1422,0.0498,2238.34,netbanking,ICICI,527204,12,6,1,0,1,1,0,0,0,0,0,0,0,39
TXN0001100,2024-01-14T23:05:00,13,M0123,Logistics,high,C01156,783,61,24286,0.0003,35543.62,netbanking,SBI,402366,23,6,1,0,0,0,1,0,0,0,1,1,0,41
TXN0001101,2024-01-14T06:02:00,13,M0040,SaaS,mid,C00206,15,3,1692,0.1412,2594.5,upi,ICICI,502416,6,6,1,0,0,0,0,0,0,0,0,0,1,52
TXN0001102,2024-01-14T03:09:00,13,M0060,Services,high,C01232,24,1,1095,0.0993,915.13,netbanking,Kotak,417182,3,6,1,10,0,0,0,0,0,0,0,0,1,15
TXN0001103,2024-01-14T21:03:00,13,M0036,Retail,low,C00579,15,4,1845,0.033,2254.65,wallet,HDFC,436625,21,6,1,0,0,0,0,0,0,1,0,0,0,71
TXN0001104,2024-01-14T14:15:00,13,M0051,Food,low,C00176,890,74,8221,0.0135,4349.36,netbanking,Kotak,515562,14,6,1,0,0,0,0,0,0,0,0,0,0,40
TXN0001105,2024-01-14T10:59:00,13,M0091,Logistics,high,C00974,94,15,2436,0.1347,17460.9,card,Kotak,446984,10,6,1,0,0,1,0,0,0,1,0,0,0,20
TXN0001106,2024-01-14T19:40:00,13,M0017,B2B,low,C00708,95,17,2515,0.1802,15866.51,netbanking,SBI,475503,19,6,1,0,0,1,1,0,0,0,1,1,0,25
TXN0001107,2024-01-14T23:22:00,13,M0180,Food,low,C01157,222,19,5123,0.1224,3683.25,upi,PNB,576512,23,6,1,0,0,0,0,0,0,1,0,0,0,65
TXN0001108,2024-01-14T10:05:00,13,M0180,Food,low,C00801,126,10,6631,0.1262,13878.41,card,PNB,554203,10,6,1,0,0,0,0,1,0,1,1,1,0,56
TXN0001109,2024-01-14T20:28:00,13,M0194,Retail,mid,C01449,25,4,501,0.0588,1759.72,netbanking,Canara,427898,20,6,1,0,0,1,0,0,0,0,0,0,0,24
TXN0001110,2024-01-14T16:13:00,13,M0138,Services,mid,C00762,162,16,4897,0.165,10341.31,wallet,ICICI,525680,16,6,1,0,0,0,0,0,0,0,0,0,0,41
TXN0001111,2024-01-14T12:13:00,13,M0167,SaaS,low,C00056,14,4,645,0.1133,639.21,upi,Yes,477774,12,6,1,0,0,1,0,0,0,0,0,0,0,33
TXN0001112,2024-01-14T22:48:00,13,M0030,B2B,high,C00953,11,2,921,0.0534,18019.48,netbanking,PNB,485775,22,6,1,0,0,0,0,0,0,1,0,0,0,62
TXN0001113,2024-01-14T10:11:00,13,M0163,Logistics,high,C00468,210,7,5232,0.0611,14832.33,netbanking,Yes,492570,10,6,1,8,0,0,0,0,0,0,0,0,0,35
TXN0001114,2024-01-14T13:26:00,13,M0184,Logistics,high,C00405,14,3,1450,0.0132,7781.35,wallet,HDFC,542900,13,6,1,0,0,0,1,1,0,0,1,1,0,21
TXN0001115,2024-01-14T15:12:00,13,M0045,Food,high,C01209,15,4,790,0.0451,852.49,netbanking,PNB,434887,15,6,1,0,0,2,0,0,0,1,0,0,1,63
TXN0001116,2024-01-14T10:38:00,13,M0110,Food,high,C01386,785,103,16955,0.0407,12840.1,upi,HDFC,514898,10,6,1,0,0,0,0,1,0,0,1,1,0,37
TXN0001117,2024-01-14T14:27:00,13,M0110,Food,high,C00803,10,1,1321,0.1485,883.42,upi,Yes,487920,14,6,1,0,0,0,0,0,0,0,0,0,0,52
TXN0001118,2024-01-14T11:36:00,13,M0109,Services,low,C00338,744,95,21600,0.0159,17844.27,wallet,SBI,524145,11,6,1,0,0,0,0,0,0,0,0,0,0,29
TXN0001119,2024-01-14T09:40:00,13,M0119,Retail,high,C00362,805,65,17714,0.0025,3850.19,netbanking,PNB,422789,9,6,1,0,0,0,0,0,0,0,1,1,0,67
TXN0001120,2024-01-14T13:33:00,13,M0131,Logistics,high,C00810,753,50,11311,0.0145,8398.09,netbanking,ICICI,536351,13,6,1,0,0,0,0,0,0,0,0,0,0,32
TXN0001121,2024-01-14T04:35:00,13,M0106,Services,high,C00177,65,7,4221,0.1108,2594.21,card,Kotak,522923,4,6,1,0,0,0,0,0,0,1,1,1,0,20
TXN0001122,2024-01-14T22:15:00,13,M0165,Services,low,C00416,120,7,4760,0.1133,4079.58,upi,Yes,447285,22,6,1,0,0,1,0,0,0,0,0,0,0,27
TXN0001123,2024-01-14T21:15:00,13,M0148,SaaS,mid,C00203,225,13,6886,0.0333,3380.86,upi,SBI,464069,21,6,1,0,0,0,0,0,0,0,0,0,0,39
TXN0001124,2024-01-14T20:15:00,13,M0123,Logistics,high,C00383,290,6,7598,0.2306,15537.4,upi,Canara,498623,20,6,1,0,0,0,0,0,0,0,0,0,0,68
TXN0001125,2024-01-14T09:55:00,13,M0054,Retail,mid,C00356,182,11,1794,0.0139,2236.89,upi,Canara,402829,9,6,1,0,0,1,0,0,0,1,0,0,0,23
TXN0001126,2024-01-14T13:55:00,13,M0008,Retail,low,C00521,13,2,672,0.1413,2901.27,upi,HDFC,498214,13,6,1,0,0,0,0,0,0,0,0,0,1,25
TXN0001127,2024-01-14T07:47:00,13,M0045,Food,high,C00543,202,16,7598,0.0093,6579.08,wallet,Canara,547849,7,6,1,0,0,0,0,0,0,1,0,0,0,45
TXN0001128,2024-01-14T16:06:00,13,M0190,Services,low,C00440,21,2,1351,0.1088,1388.63,card,HDFC,447059,16,6,1,0,0,0,1,0,0,0,0,1,1,44
TXN0001129,2024-01-14T09:01:00,13,M0101,Food,low,C00525,196,14,3844,0.122,3680.31,netbanking,Axis,567959,9,6,1,0,0,1,1,0,0,1,1,1,0,55
TXN0001130,2024-01-14T13:49:00,13,M0003,SaaS,low,C00739,126,20,6687,0.0675,5462.19,wallet,Canara,416327,13,6,1,0,0,0,0,0,0,0,0,0,0,28
TXN0001131,2024-01-14T00:41:00,13,M0111,Logistics,low,C00925,268,15,7613,0.1884,12736.47,upi,ICICI,530429,0,6,1,0,0,1,0,0,0,0,0,0,0,41
TXN0001132,2024-01-14T14:07:00,13,M0164,Logistics,high,C01218,166,13,3533,0.0365,15479.93,upi,PNB,451235,14,6,1,0,0,1,0,0,0,0,1,1,0,16
TXN0001133,2024-01-14T05:43:00,13,M0158,Retail,low,C01221,170,16,6408,0.0274,3173.67,netbanking,Canara,548567,5,6,1,0,0,0,0,0,0,0,0,0,0,37
TXN0001134,2024-01-14T22:50:00,13,M0049,Services,mid,C01291,190,16,2760,0.0634,3798.77,upi,Axis,542189,22,6,1,0,0,0,1,0,0,0,1,1,0,48
TXN0001135,2024-01-14T18:25:00,13,M0015,Services,low,C00254,18,3,1362,0.0629,1826.54,upi,Canara,510668,18,6,1,6,0,0,0,0,0,1,0,0,0,69
TXN0001136,2024-01-14T14:16:00,13,M0123,Logistics,high,C00955,271,17,5954,0.1364,34182.2,card,HDFC,561813,14,6,1,0,0,1,0,0,0,0,0,1,0,53
TXN0001137,2024-01-14T14:50:00,13,M0176,SaaS,low,C00373,259,5,2423,0.0326,1941.81,netbanking,Canara,579427,14,6,1,0,0,0,0,0,0,1,0,0,0,69
TXN0001138,2024-01-14T14:25:00,13,M0065,B2B,high,C00061,128,6,7251,0.1482,74439.46,wallet,Axis,553494,14,6,1,0,0,1,0,0,0,0,1,1,0,60
TXN0001139,2024-01-14T15:35:00,13,M0100,Retail,low,C01386,785,103,16955,0.0407,5646.27,card,Kotak,400779,15,6,1,0,1,1,0,0,0,0,0,0,0,15
TXN0001140,2024-01-14T18:07:00,13,M0026,Retail,high,C00841,186,14,1303,0.0839,1714.44,card,PNB,444912,18,6,1,0,0,0,0,0,0,0,0,0,0,38
TXN0001141,2024-01-14T10:17:00,13,M0046,SaaS,high,C00444,14,1,1558,0.2692,771.5,upi,ICICI,522470,10,6,1,0,0,0,0,0,0,0,0,0,1,28
TXN0001142,2024-01-14T08:52:00,13,M0075,Retail,mid,C01162,25,4,605,0.233,959.58,card,ICICI,432248,8,6,1,0,0,0,0,0,0,0,0,0,1,60
TXN0001143,2024-01-14T16:18:00,13,M0125,Retail,low,C01314,82,9,3281,0.0539,9229.58,wallet,Yes,569121,16,6,1,0,0,0,0,0,0,1,0,0,0,27
TXN0001144,2024-01-14T09:41:00,13,M0000,Logistics,low,C00125,751,107,21732,0.0222,15177.92,card,Kotak,485008,9,6,1,0,1,1,0,0,0,0,0,0,0,13
TXN0001145,2024-01-14T22:57:00,13,M0185,Food,high,C01030,903,105,7868,0.0201,2473.2,upi,Kotak,565649,22,6,1,0,0,0,0,0,0,0,0,0,0,59
TXN0001146,2024-01-14T11:55:00,13,M0190,Services,low,C01209,15,4,790,0.0451,1416.28,wallet,HDFC,501124,11,6,1,1,1,3,0,0,0,0,0,0,1,66
TXN0001147,2024-01-14T00:06:00,13,M0197,Food,low,C00545,130,10,1564,0.0778,1071.08,upi,SBI,525985,0,6,1,1,0,0,0,0,0,0,1,1,0,51
TXN0001148,2024-01-14T07:59:00,13,M0138,Services,mid,C00851,191,8,6786,0.0145,5221.91,wallet,Canara,532449,7,6,1,13,0,1,0,0,0,1,0,0,0,71
TXN0001149,2024-01-14T11:41:00,13,M0015,Services,low,C01325,235,12,1237,0.041,3544.15,netbanking,Kotak,519788,11,6,1,0,0,1,0,0,0,0,0,0,0,56
TXN0001150,2024-01-15T08:14:00,14,M0054,Retail,mid,C01003,891,80,14836,0.0225,14761.23,wallet,PNB,404159,8,0,0,0,0,0,0,1,0,0,1,1,0,18
TXN0001151,2024-01-15T17:34:00,14,M0010,SaaS,high,C00755,8,2,1515,0.1589,1701.53,netbanking,PNB,594530,17,0,0,0,0,0,1,0,0,1,1,1,0,34
TXN0001152,2024-01-15T22:27:00,14,M0196,Retail,low,C01129,210,6,3376,0.0541,4204.42,upi,SBI,422825,22,0,0,0,0,0,0,0,0,0,0,0,0,20
TXN0001153,2024-01-15T19:18:00,14,M0099,B2B,low,C00338,744,95,21600,0.0159,43663.24,card,Yes,506241,19,0,0,0,0,1,0,0,0,0,1,1,0,63
TXN0001154,2024-01-15T18:37:00,14,M0070,Services,low,C01312,5,3,916,0.0576,692.57,netbanking,Yes,590688,18,0,0,0,0,0,0,0,0,1,0,0,1,16
TXN0001155,2024-01-15T12:50:00,14,M0043,Logistics,high,C00349,156,16,5473,0.0569,44763.99,card,Canara,554399,12,0,0,0,0,0,0,0,0,0,1,1,0,51
TXN0001156,2024-01-15T12:56:00,14,M0070,Services,low,C01152,17,2,1212,0.0396,8249.0,netbanking,Kotak,409973,12,0,0,6,0,1,0,0,0,1,0,0,0,28
TXN0001157,2024-01-15T21:18:00,14,M0194,Retail,mid,C00183,101,17,6050,0.1691,2422.76,wallet,PNB,584924,21,0,0,0,0,0,0,0,0,1,0,0,0,30
TXN0001158,2024-01-15T18:01:00,14,M0106,Services,high,C00144,25,4,628,0.0275,1027.47,card,Canara,437728,18,0,0,13,0,1,0,0,0,0,0,0,0,69
TXN0001159,2024-01-15T09:32:00,14,M0089,Food,low,C01235,111,8,1550,0.0381,1934.68,card,Axis,416031,9,0,0,0,0,0,0,1,0,0,1,1,0,30
TXN0001160,2024-01-15T16:55:00,14,M0022,Retail,low,C01083,194,5,2367,0.1078,2990.03,upi,HDFC,552135,16,0,0,13,0,0,0,0,0,0,0,0,0,58
TXN0001161,2024-01-15T12:15:00,14,M0185,Food,high,C00846,300,16,7520,0.1088,4149.52,upi,Yes,582402,12,0,0,0,0,0,0,0,0,0,0,0,0,59
TXN0001162,2024-01-15T10:13:00,14,M0184,Logistics,high,C00227,197,11,1422,0.0498,7046.93,upi,Axis,495741,10,0,0,0,1,2,1,0,0,0,1,1,0,31
TXN0001163,2024-01-15T02:01:00,14,M0167,SaaS,low,C01065,288,10,5394,0.1014,1553.96,upi,Kotak,480139,2,0,0,0,0,1,0,0,0,0,1,1,0,22
TXN0001164,2024-01-15T09:16:00,14,M0027,Services,high,C00860,135,18,4293,0.257,11477.39,card,Yes,443969,9,0,0,10,0,2,0,0,0,1,0,0,0,59
TXN0001165,2024-01-15T12:07:00,14,M0198,Food,mid,C00739,126,20,6687,0.0675,3778.85,netbanking,Yes,421640,12,0,0,0,1,1,0,0,0,0,0,0,0,51
TXN0001166,2024-01-15T09:53:00,14,M0149,Services,low,C00137,101,11,7563,0.169,13018.71,upi,Yes,444531,9,0,0,0,0,1,0,0,0,1,0,0,1,68
TXN0001167,2024-01-15T10:31:00,14,M0188,Logistics,mid,C01077,24,1,1382,0.0444,6208.08,wallet,Canara,411400,10,0,0,0,0,0,0,0,0,0,0,0,0,60
TXN0001168,2024-01-15T22:57:00,14,M0058,B2B,low,C00867,176,15,2934,0.1788,22974.92,upi,Canara,526761,22,0,0,0,0,1,0,1,0,1,1,1,0,52
TXN0001169,2024-01-15T04:15:00,14,M0126,B2B,low,C00494,209,16,3846,0.0782,5001.32,netbanking,Yes,526204,4,0,0,0,0,1,0,0,0,1,0,0,0,34
TXN0001170,2024-01-15T21:55:00,14,M0073,SaaS,high,C01326,15,3,1882,0.0626,793.12,wallet,PNB,536595,21,0,0,0,0,1,0,0,0,1,0,0,0,34
TXN0001171,2024-01-15T19:43:00,14,M0190,Services,low,C00958,823,62,15895,0.0317,5348.28,wallet,Kotak,506779,19,0,0,0,0,0,0,0,0,0,0,0,0,68
TXN0001172,2024-01-15T20:04:00,14,M0094,SaaS,high,C00642,294,16,1731,0.1075,751.62,wallet,ICICI,555571,20,0,0,0,0,0,0,0,0,0,0,0,0,53
TXN0001173,2024-01-15T17:19:00,14,M0181,Food,high,C00879,15,1,1779,0.1522,2748.12,wallet,Axis,422354,17,0,0,0,0,0,0,0,0,0,0,0,0,15
TXN0001174,2024-01-15T17:24:00,14,M0088,Food,low,C00331,24,2,1825,0.0553,1304.92,upi,SBI,526530,17,0,0,0,0,0,0,0,0,0,0,0,1,57
TXN0001175,2024-01-15T22:48:00,14,M0196,Retail,low,C00020,162,12,2208,0.21,1219.63,netbanking,Axis,501792,22,0,0,0,0,0,0,0,1,0,1,1,0,23
TXN0001176,2024-01-15T12:41:00,14,M0049,Services,mid,C00024,184,12,3249,0.0951,2942.32,netbanking,HDFC,586105,12,0,0,0,0,0,0,0,0,0,0,0,1,22
TXN0001177,2024-01-15T17:19:00,14,M0120,Food,low,C00416,120,7,4760,0.1133,1837.92,card,HDFC,463657,17,0,0,0,1,2,0,0,0,0,0,0,0,55
TXN0001178,2024-01-15T13:26:00,14,M0109,Services,low,C01377,16,3,1214,0.1358,3894.26,card,ICICI,522324,13,0,0,0,0,0,0,0,0,0,0,0,0,63
TXN0001179,2024-01-15T09:41:00,14,M0053,Retail,low,C01305,226,19,4107,0.0527,2754.08,netbanking,HDFC,450461,9,0,0,0,0,0,0,0,0,0,0,0,0,51
TXN0001180,2024-01-15T10:01:00,14,M0012,Food,low,C01468,266,20,7538,0.0121,1531.07,netbanking,SBI,580688,10,0,0,0,0,1,0,0,0,0,0,0,0,38
TXN0001181,2024-01-15T19:53:00,14,M0115,Services,high,C00200,274,10,1297,0.0557,2727.13,netbanking,SBI,474459,19,0,0,0,0,1,0,0,0,0,0,0,0,62
TXN0001182,2024-01-15T18:38:00,14,M0138,Services,mid,C01236,957,100,4823,0.0537,2101.56,netbanking,ICICI,472492,18,0,0,0,0,0,0,0,0,0,1,1,0,38
TXN0001183,2024-01-15T06:54:00,14,M0068,B2B,low,C01176,13,4,908,0.0867,11346.32,netbanking,Kotak,585711,6,0,0,0,0,0,0,0,0,0,0,0,1,13
TXN0001184,2024-01-15T14:18:00,14,M0033,Logistics,low,C01152,17,2,1212,0.0396,2012.97,card,PNB,489983,14,0,0,0,1,2,0,0,0,1,0,0,1,59
TXN0001185,2024-01-15T17:47:00,14,M0008,Retail,low,C01448,213,20,3457,0.0779,4915.52,card,PNB,404001,17,0,0,0,0,0,0,0,0,0,0,0,0,30
TXN0001186,2024-01-15T11:35:00,14,M0022,Retail,low,C00315,14,2,1450,0.0587,2284.56,upi,Axis,566169,11,0,0,0,0,0,0,0,0,0,0,0,0,47
TXN0001187,2024-01-15T19:27:00,14,M0025,Food,mid,C00136,918,106,18128,0.0252,10884.13,netbanking,PNB,526618,19,0,0,0,0,0,0,0,1,0,0,0,0,49
TXN0001188,2024-01-15T19:31:00,14,M0161,Services,mid,C01426,201,11,7965,0.1505,2422.03,card,ICICI,502883,19,0,0,0,0,0,0,0,0,0,0,0,0,49
TXN0001189,2024-01-15T14:34:00,14,M0190,Services,low,C00699,115,19,2458,0.0619,1974.53,netbanking,Axis,424777,14,0,0,0,0,2,0,0,0,0,0,0,0,23
TXN0001190,2024-01-15T13:32:00,14,M0108,Food,high,C00859,229,9,5706,0.017,1921.7,wallet,HDFC,410717,13,0,0,0,0,0,0,0,0,0,0,0,0,54
TXN0001191,2024-01-15T21:16:00,14,M0014,Logistics,high,C00071,14,4,804,0.0899,7111.41,upi,Kotak,427429,21,0,0,0,0,1,0,0,0,0,0,0,1,32
TXN0001192,2024-01-15T07:12:00,14,M0147,SaaS,mid,C00774,781,76,14008,0.0117,7568.11,upi,HDFC,451463,7,0,0,0,0,0,0,0,0,0,0,0,0,67
TXN0001193,2024-01-15T14:04:00,14,M0191,Logistics,high,C00029,264,17,6932,0.0507,12071.59,wallet,PNB,522751,14,0,0,0,0,0,0,0,0,0,0,0,0,52
TXN0001194,2024-01-15T21:57:00,14,M0099,B2B,low,C00338,744,95,21600,0.0159,69650.0,wallet,Axis,539920,21,0,0,0,1,2,1,0,0,1,1,1,0,56
TXN0001195,2024-01-15T16:36:00,14,M0167,SaaS,low,C00398,5,2,752,0.1093,647.5,upi,Canara,432088,16,0,0,0,0,0,0,0,0,0,0,0,1,17
TXN0001196,2024-01-15T20:04:00,14,M0141,Logistics,low,C00667,24,2,1269,0.1222,4898.17,card,HDFC,459682,20,0,0,0,0,1,0,0,0,1,0,0,0,40
TXN0001197,2024-01-15T15:58:00,14,M0081,Logistics,high,C00896,126,19,3236,0.055,6305.81,netbanking,Canara,573641,15,0,0,0,0,0,0,0,0,0,0,0,0,33
TXN0001198,2024-01-15T13:16:00,14,M0192,B2B,mid,C00953,11,2,921,0.0534,5565.23,netbanking,SBI,484708,13,0,0,0,1,1,0,0,0,0,0,0,0,65
TXN0001199,2024-01-15T07:59:00,14,M0154,Retail,low,C01174,13,1,894,0.1125,2834.7,netbanking,PNB,529615,7,0,0,0,0,2,0,0,0,0,0,0,0,15
TXN0001200,2024-01-15T14:32:00,14,M0169,Food,low,C00847,82,20,2057,0.0392,4380.99,wallet,HDFC,465175,14,0,0,0,0,1,0,0,0,1,0,0,0,59
TXN0001201,2024-01-15T08:34:00,14,M0088,Food,low,C00771,123,12,6309,0.0529,2375.19,netbanking,Canara,539058,8,0,0,0,0,1,0,0,0,0,0,0,0,37
TXN0001202,2024-01-15T08:10:00,14,M0049,Services,mid,C01096,246,10,6304,0.0403,6336.44,card,PNB,552044,8,0,0,0,0,2,0,0,0,0,0,0,0,28
TXN0001203,2024-01-15T20:13:00,14,M0123,Logistics,high,C00855,10,1,1044,0.075,10617.36,wallet,ICICI,549631,20,0,0,0,0,1,1,0,0,1,0,1,1,19
TXN0001204,2024-01-15T10:49:00,14,M0156,Services,mid,C00317,15,1,1846,0.0784,1234.94,wallet,SBI,491361,10,0,0,0,0,0,0,0,0,0,0,0,0,67
TXN0001205,2024-01-15T10:17:00,14,M0187,SaaS,high,C00194,804,87,4378,0.0061,5408.37,card,Yes,505470,10,0,0,0,0,0,0,0,0,1,0,0,1,70
TXN0001206,2024-01-15T10:19:00,14,M0040,SaaS,mid,C01034,206,20,3242,0.1247,1119.91,wallet,SBI,424216,10,0,0,0,0,1,1,0,0,0,0,1,0,62
TXN0001207,2024-01-15T14:58:00,14,M0093,SaaS,mid,C00122,285,15,6138,0.0613,3782.59,upi,SBI,494765,14,0,0,14,0,2,0,0,0,1,0,0,0,50
TXN0001208,2024-01-15T20:13:00,14,M0166,SaaS,mid,C01310,784,79,24837,0.0081,8670.69,upi,Canara,441339,20,0,0,0,0,1,1,0,0,0,1,1,0,21
TXN0001209,2024-01-15T20:19:00,14,M0131,Logistics,high,C00029,264,17,6932,0.0507,7778.93,card,HDFC,459962,20,0,0,9,1,1,0,0,0,1,0,0,0,72
TXN0001210,2024-01-15T11:11:00,14,M0176,SaaS,low,C00200,274,10,1297,0.0557,1074.15,wallet,SBI,442687,11,0,0,1,1,2,0,0,0,0,0,0,0,60
TXN0001211,2024-01-15T17:49:00,14,M0026,Retail,high,C01298,215,13,7519,0.0801,4633.66,upi,Canara,468641,17,0,0,0,0,0,1,0,0,0,1,1,0,44
TXN0001212,2024-01-15T20:17:00,14,M0162,Services,high,C01278,877,118,18188,0.0099,5437.94,wallet,Axis,438666,20,0,0,0,0,0,1,0,0,0,1,1,0,15
TXN0001213,2024-01-15T11:47:00,14,M0045,Food,high,C01399,25,1,1736,0.1858,2452.75,upi,SBI,463932,11,0,0,0,0,0,0,0,0,1,0,0,0,34
TXN0001214,2024-01-15T06:34:00,14,M0163,Logistics,high,C00062,23,4,1800,0.1931,15599.12,upi,SBI,547562,6,0,0,0,0,0,0,0,0,0,0,0,1,56
TXN0001215,2024-01-15T08:52:00,14,M0042,Logistics,mid,C00599,124,5,4757,0.0733,18370.21,netbanking,SBI,429009,8,0,0,0,0,0,0,0,0,0,1,1,0,47
TXN0001216,2024-01-15T22:54:00,14,M0000,Logistics,low,C00246,158,9,7475,0.1369,12828.84,upi,Axis,557492,22,0,0,0,0,0,1,0,0,1,1,1,0,64
TXN0001217,2024-01-15T08:16:00,14,M0176,SaaS,low,C00345,5,4,1662,0.0094,836.56,card,Canara,568390,8,0,0,0,0,1,0,0,0,1,0,0,0,50
TXN0001218,2024-01-15T14:22:00,14,M0149,Services,low,C01212,15,4,1504,0.1759,539.72,card,SBI,554870,14,0,0,0,0,0,1,0,0,0,1,1,0,63
TXN0001219,2024-01-15T19:42:00,14,M0005,Logistics,high,C00681,6,3,1976,0.0131,4163.56,wallet,Kotak,475743,19,0,0,0,0,0,0,0,0,0,0,0,0,26
TXN0001220,2024-01-15T13:16:00,14,M0145,SaaS,low,C00219,7,1,1716,0.0124,2118.62,netbanking,PNB,486390,13,0,0,0,0,1,1,0,0,0,1,1,0,25
TXN0001221,2024-01-15T11:00:00,14,M0122,Retail,low,C00601,218,11,1400,0.0448,4007.68,upi,HDFC,450583,11,0,0,0,0,0,0,0,0,0,0,0,1,44
TXN0001222,2024-01-15T18:43:00,14,M0163,Logistics,high,C00315,14,2,1450,0.0587,2896.27,netbanking,Canara,515646,18,0,0,0,1,1,0,0,0,0,0,0,0,39
TXN0001223,2024-01-15T05:42:00,14,M0107,SaaS,mid,C01148,288,11,1637,0.1877,868.29,card,Canara,501049,5,0,0,0,0,0,0,0,0,1,0,0,0,65
TXN0001224,2024-01-15T09:39:00,14,M0131,Logistics,high,C00471,90,12,4396,0.1901,13594.46,netbanking,Axis,447406,9,0,0,0,0,0,0,0,0,0,1,1,0,41
TXN0001225,2024-01-15T15:53:00,14,M0060,Services,high,C00594,111,19,1738,0.0355,850.42,upi,PNB,520277,15,0,0,0,0,0,0,0,0,0,0,0,0,35
TXN0001226,2024-01-15T09:24:00,14,M0099,B2B,low,C00688,102,19,2995,0.0255,99664.38,card,PNB,541933,9,0,0,0,0,1,0,0,0,0,1,1,0,18
TXN0001227,2024-01-15T13:56:00,14,M0013,Logistics,high,C01062,298,6,4793,0.2582,29308.82,wallet,Canara,417918,13,0,0,0,0,0,0,0,0,0,1,1,0,71
TXN0001228,2024-01-15T12:14:00,14,M0147,SaaS,mid,C01204,24,4,1562,0.0722,754.57,upi,SBI,500934,12,0,0,0,0,0,0,0,0,0,0,0,1,22
TXN0001229,2024-01-15T18:53:00,14,M0140,Logistics,high,C00136,918,106,18128,0.0252,17658.26,upi,PNB,406771,18,0,0,1,1,1,0,0,0,1,0,0,0,58
TXN0001230,2024-01-15T10:23:00,14,M0178,Logistics,low,C00712,22,1,1648,0.1887,12608.35,wallet,Canara,405714,10,0,0,0,0,1,0,0,0,1,0,0,1,60
TXN0001231,2024-01-15T19:17:00,14,M0159,Services,low,C00523,973,109,20713,0.0508,5079.15,wallet,HDFC,439058,19,0,0,0,0,1,1,0,0,0,1,1,0,19
TXN0001232,2024-01-15T11:47:00,14,M0013,Logistics,high,C01488,807,73,14962,0.0496,17082.5,wallet,SBI,498260,11,0,0,0,0,1,0,0,0,0,0,0,0,70
TXN0001233,2024-01-15T11:52:00,14,M0152,Retail,high,C00983,18,2,1740,0.0518,6003.03,card,Canara,417544,11,0,0,0,0,0,0,0,0,0,0,0,0,32
TXN0001234,2024-01-15T16:37:00,14,M0048,SaaS,mid,C01202,22,1,1225,0.0785,1626.99,upi,Canara,475884,16,0,0,0,0,0,0,1,0,0,1,1,0,28
TXN0001235,2024-01-15T08:06:00,14,M0015,Services,low,C00323,257,11,4702,0.0794,2156.59,wallet,ICICI,515101,8,0,0,0,0,2,0,0,0,0,0,0,0,32
TXN0001236,2024-01-15T08:46:00,14,M0002,B2B,low,C00840,273,17,1417,0.0485,7804.45,wallet,Canara,504238,8,0,0,0,0,0,1,0,0,0,1,1,0,66
TXN0001237,2024-01-15T09:04:00,14,M0112,Logistics,mid,C00070,765,85,16596,0.0072,9005.44,upi,Kotak,500650,9,0,0,0,0,1,0,0,0,0,0,0,0,44
TXN0001238,2024-01-15T20:20:00,14,M0040,SaaS,mid,C01338,7,2,1332,0.074,1551.48,wallet,Axis,424535,20,0,0,0,0,1,0,0,0,1,0,0,0,61
TXN0001239,2024-01-15T11:27:00,14,M0172,Food,mid,C00113,166,13,2765,0.0701,5510.12,wallet,Kotak,458000,11,0,0,0,0,0,0,0,0,0,0,0,0,72
TXN0001240,2024-01-15T16:23:00,14,M0128,B2B,high,C00889,6,3,1451,0.1657,51563.45,wallet,PNB,477755,16,0,0,0,0,0,1,0,0,0,1,1,0,20
TXN0001241,2024-01-16T23:22:00,15,M0028,Retail,mid,C00645,181,9,2541,0.1108,1250.86,netbanking,Kotak,424277,23,1,0,0,0,0,0,0,0,1,0,0,0,71
TXN0001242,2024-01-16T17:37:00,15,M0172,Food,mid,C01201,825,84,3936,0.0126,4185.91,card,Yes,574459,17,1,0,0,0,0,0,0,0,0,0,0,1,42
TXN0001243,2024-01-16T22:04:00,15,M0194,Retail,mid,C01202,22,1,1225,0.0785,3724.89,netbanking,Yes,538925,22,1,0,8,0,1,0,0,0,0,0,0,0,51
TXN0001244,2024-01-16T21:26:00,15,M0126,B2B,low,C00866,21,3,753,0.0237,28437.28,wallet,Yes,465080,21,1,0,0,0,0,0,0,0,1,1,1,0,66
TXN0001245,2024-01-16T07:37:00,15,M0172,Food,mid,C00535,199,20,2487,0.0332,697.82,netbanking,ICICI,435588,7,1,0,0,0,0,1,0,0,0,0,1,0,43
TXN0001246,2024-01-16T13:01:00,15,M0193,B2B,low,C01231,995,108,4780,0.002,9660.19,card,Axis,474087,13,1,0,7,0,0,0,0,0,1,0,0,0,14
TXN0001247,2024-01-16T15:46:00,15,M0141,Logistics,low,C00230,19,3,1131,0.0522,11201.61,wallet,Kotak,509581,15,1,0,0,0,1,0,0,0,1,0,0,1,52
TXN0001248,2024-01-16T17:46:00,15,M0019,Services,mid,C00329,755,71,21805,0.0102,8365.66,netbanking,Yes,556976,17,1,0,0,0,0,0,0,0,1,0,0,0,12
TXN0001249,2024-01-16T12:26:00,15,M0148,SaaS,mid,C00304,220,18,4469,0.1126,3870.23,upi,Axis,405950,12,1,0,0,0,0,0,0,0,0,0,0,0,34
TXN0001250,2024-01-16T16:25:00,15,M0014,Logistics,high,C00620,957,114,3817,0.0332,5446.06,card,SBI,459273,16,1,0,0,0,0,0,0,0,0,0,0,0,29
TXN0001251,2024-01-16T06:11:00,15,M0186,B2B,mid,C01131,246,15,4665,0.1882,49972.45,wallet,ICICI,532116,6,1,0,0,0,1,0,0,0,0,1,1,0,66
TXN0001252,2024-01-16T22:33:00,15,M0129,Services,low,C00409,6,2,712,0.0617,2361.87,upi,SBI,403978,22,1,0,0,0,0,0,0,0,0,0,0,0,36
TXN0001253,2024-01-16T15:51:00,15,M0156,Services,mid,C00401,167,8,5190,0.0369,1617.74,netbanking,ICICI,539571,15,1,0,0,0,0,0,0,0,0,0,0,0,57
TXN0001254,2024-01-16T18:02:00,15,M0192,B2B,mid,C00705,160,20,7633,0.1856,24546.13,upi,Canara,530320,18,1,0,0,0,1,0,0,0,0,1,1,0,38
TXN0001255,2024-01-16T01:47:00,15,M0033,Logistics,low,C01155,18,3,1937,0.0906,1737.75,netbanking,Axis,562866,1,1,0,0,0,0,0,0,0,0,1,1,0,23
TXN0001256,2024-01-16T19:47:00,15,M0061,Services,low,C01434,25,1,1438,0.0566,1085.63,card,HDFC,586759,19,1,0,0,0,0,0,0,0,1,0,0,0,67
TXN0001257,2024-01-16T19:11:00,15,M0015,Services,low,C00604,289,17,7719,0.0208,2074.22,netbanking,SBI,434930,19,1,0,0,0,0,0,0,0,0,0,0,0,72
TXN0001258,2024-01-16T20:31:00,15,M0157,SaaS,mid,C00265,207,12,4651,0.0618,1898.91,netbanking,SBI,424440,20,1,0,0,0,0,0,0,0,0,0,0,0,45
TXN0001259,2024-01-16T14:25:00,15,M0079,Retail,high,C00884,81,15,4291,0.1355,2600.16,wallet,Yes,580371,14,1,0,0,0,1,0,0,0,0,0,0,0,61
TXN0001260,2024-01-16T14:28:00,15,M0143,Logistics,mid,C00505,18,4,1607,0.0104,6324.07,card,Yes,463267,14,1,0,0,0,0,1,0,0,0,1,1,0,21
TXN0001261,2024-01-16T17:45:00,15,M0081,Logistics,high,C00635,196,19,4283,0.129,5056.22,card,PNB,595636,17,1,0,14,0,0,0,0,0,0,0,0,0,67
TXN0001262,2024-01-16T15:50:00,15,M0146,Food,mid,C00666,124,11,1278,0.1892,1233.74,upi,ICICI,562207,15,1,0,0,0,1,0,0,0,1,0,0,0,43
TXN0001263,2024-01-16T13:50:00,15,M0146,Food,mid,C00865,5,3,994,0.0664,285.01,wallet,SBI,435427,13,1,0,0,0,0,0,0,0,0,0,0,1,53
TXN0001264,2024-01-16T09:32:00,15,M0031,Food,mid,C00047,8,2,892,0.0391,1176.26,upi,PNB,516733,9,1,0,0,0,2,0,0,0,0,0,0,1,54
TXN0001265,2024-01-16T09:22:00,15,M0003,SaaS,low,C01359,892,117,5562,0.035,3420.45,wallet,PNB,491637,9,1,0,0,0,0,0,0,0,1,0,0,0,31
TXN0001266,2024-01-16T14:09:00,15,M0132,Food,mid,C00406,233,15,4489,0.2614,1972.86,wallet,Canara,497816,14,1,0,0,0,0,1,0,0,0,1,1,0,43
TXN0001267,2024-01-16T19:24:00,15,M0113,Services,high,C00435,845,97,22280,0.0149,5117.94,upi,Kotak,585823,19,1,0,0,0,0,0,0,0,0,1,1,0,17
TXN0001268,2024-01-16T15:43:00,15,M0065,B2B,high,C00002,22,2,1057,0.0607,21720.61,wallet,PNB,558399,15,1,0,10,0,0,0,0,0,0,0,0,0,29
TXN0001269,2024-01-16T18:10:00,15,M0121,Food,low,C00310,19,3,613,0.0983,1137.23,card,PNB,550161,18,1,0,0,0,0,0,0,0,1,0,0,0,35
TXN0001270,2024-01-16T11:13:00,15,M0083,B2B,low,C01089,837,118,6807,0.0,20945.08,netbanking,Canara,501189,11,1,0,0,0,0,1,0,0,0,1,1,0,59
TXN0001271,2024-01-16T09:44:00,15,M0173,Food,high,C00147,17,3,1019,0.2216,538.21,netbanking,PNB,582985,9,1,0,0,0,0,0,0,0,1,0,0,0,67
TXN0001272,2024-01-16T15:21:00,15,M0195,Food,high,C00078,122,18,5636,0.166,3525.68,upi,Yes,577949,15,1,0,0,0,0,0,0,0,1,0,0,0,40
TXN0001273,2024-01-16T20:06:00,15,M0130,Food,low,C00946,172,19,7987,0.0982,2284.26,card,PNB,495653,20,1,0,0,0,0,0,0,0,0,0,0,0,52
TXN0001274,2024-01-16T11:29:00,15,M0041,B2B,low,C01219,19,3,1090,0.1517,10866.63,wallet,ICICI,447748,11,1,0,0,0,0,1,0,0,0,1,1,0,36
TXN0001275,2024-01-16T17:11:00,15,M0155,SaaS,mid,C01231,995,108,4780,0.002,5767.91,wallet,Axis,523460,17,1,0,0,1,1,0,0,0,0,0,0,0,22
TXN0001276,2024-01-16T14:04:00,15,M0016,Services,high,C00511,261,20,3457,0.0646,2999.81,netbanking,PNB,597365,14,1,0,0,0,0,0,0,0,0,0,0,0,70
TXN0001277,2024-01-16T09:23:00,15,M0093,SaaS,mid,C00688,102,19,2995,0.0255,2251.27,card,SBI,543376,9,1,0,0,1,2,0,0,0,0,0,0,0,50
TXN0001278,2024-01-16T19:33:00,15,M0057,Food,high,C00482,125,11,1044,0.1372,776.21,netbanking,Canara,469751,19,1,0,0,0,0,0,0,0,0,0,0,0,32
TXN0001279,2024-01-16T21:07:00,15,M0008,Retail,low,C00931,17,3,1151,0.1314,617.57,netbanking,HDFC,595867,21,1,0,0,0,0,0,0,0,0,0,0,1,53
TXN0001280,2024-01-16T14:41:00,15,M0003,SaaS,low,C00655,24,1,1087,0.1257,1183.52,wallet,PNB,450819,14,1,0,9,0,0,0,0,0,0,0,0,0,30
TXN0001281,2024-01-16T10:28:00,15,M0099,B2B,low,C00676,205,16,3731,0.1246,17345.58,wallet,SBI,531595,10,1,0,0,0,2,0,0,0,0,0,0,0,34
TXN0001282,2024-01-16T14:40:00,15,M0000,Logistics,low,C00371,246,18,5955,0.1486,6966.7,upi,Kotak,524056,14,1,0,0,0,0,0,0,0,0,1,1,0,51
TXN0001283,2024-01-16T06:22:00,15,M0122,Retail,low,C01313,19,3,724,0.1902,1743.44,upi,Canara,596968,6,1,0,0,0,0,0,0,0,0,0,0,0,26
TXN0001284,2024-01-16T16:33:00,15,M0099,B2B,low,C00892,96,16,5427,0.0698,17583.44,upi,Kotak,468798,16,1,0,0,0,0,0,0,0,0,0,0,0,50
TXN0001285,2024-01-16T14:11:00,15,M0099,B2B,low,C00132,64,16,3530,0.0483,42889.86,card,Axis,533061,14,1,0,0,0,0,0,0,0,0,1,1,0,35
TXN0001286,2024-01-16T14:33:00,15,M0098,Retail,mid,C00148,86,15,2092,0.0132,884.51,upi,HDFC,484852,14,1,0,0,0,0,0,0,0,0,0,0,0,34
TXN0001287,2024-01-16T14:18:00,15,M0189,SaaS,mid,C00232,9,1,1034,0.0886,1008.03,wallet,ICICI,435318,14,1,0,0,0,1,0,1,0,1,1,1,0,72
TXN0001288,2024-01-16T20:12:00,15,M0014,Logistics,high,C00832,105,10,7905,0.0538,9271.31,card,SBI,591427,20,1,0,0,0,0,0,0,0,0,0,0,0,70
TXN0001289,2024-01-16T15:40:00,15,M0000,Logistics,low,C01075,73,14,1901,0.0584,8283.5,wallet,Canara,457538,15,1,0,0,0,0,0,0,0,0,0,0,0,58
TXN0001290,2024-01-16T14:42:00,15,M0063,SaaS,high,C00895,131,18,2727,0.1277,3594.94,netbanking,HDFC,516310,14,1,0,0,0,0,0,0,0,0,0,0,0,22
TXN0001291,2024-01-16T17:44:00,15,M0156,Services,mid,C01493,217,8,4914,0.0859,13137.86,netbanking,PNB,531039,17,1,0,0,0,1,0,0,0,0,0,0,0,32
TXN0001292,2024-01-16T17:50:00,15,M0052,Logistics,mid,C01196,22,2,1850,0.1106,10598.79,netbanking,HDFC,529720,17,1,0,0,0,0,0,0,0,0,0,0,0,24
TXN0001293,2024-01-16T17:21:00,15,M0176,SaaS,low,C01127,140,17,6944,0.0594,6689.13,netbanking,ICICI,449776,17,1,0,0,0,0,0,0,0,0,0,0,0,38
TXN0001294,2024-01-16T09:28:00,15,M0114,Logistics,mid,C00372,254,16,7725,0.0291,5863.76,card,ICICI,475703,9,1,0,0,0,0,0,0,0,0,0,0,0,22
TXN0001295,2024-01-16T09:55:00,15,M0079,Retail,high,C00172,224,14,4956,0.0526,2711.52,card,PNB,535237,9,1,0,0,0,1,0,0,0,0,0,0,0,22
TXN0001296,2024-01-16T11:59:00,15,M0050,Logistics,high,C01097,108,7,2175,0.0156,7293.82,upi,HDFC,483480,11,1,0,0,0,0,0,0,0,0,0,0,0,54
TXN0001297,2024-01-16T08:44:00,15,M0113,Services,high,C00985,254,9,7714,0.2233,11239.69,card,Axis,489813,8,1,0,14,0,0,0,0,0,1,0,0,0,35
TXN0001298,2024-01-16T08:07:00,15,M0120,Food,low,C01288,155,18,1584,0.1572,555.85,upi,ICICI,512229,8,1,0,0,0,0,0,1,0,0,0,1,0,17
TXN0001299,2024-01-16T12:14:00,15,M0087,Logistics,mid,C01300,781,66,4116,0.0443,7654.19,netbanking,Kotak,408891,12,1,0,1,0,0,0,0,0,0,1,1,0,20
TXN0001300,2024-01-16T20:39:00,15,M0033,Logistics,low,C01282,19,1,1400,0.0645,7887.16,upi,Axis,571813,20,1,0,0,0,0,0,0,0,0,0,0,0,37
TXN0001301,2024-01-16T11:49:00,15,M0074,Services,high,C00997,227,14,7005,0.0973,3370.94,card,Kotak,471341,11,1,0,0,0,0,0,0,0,0,0,0,0,51
TXN0001302,2024-01-16T16:02:00,15,M0161,Services,mid,C01454,216,11,5677,0.16,3326.26,wallet,Canara,565666,16,1,0,0,0,0,0,0,0,0,1,1,0,31
TXN0001303,2024-01-16T12:36:00,15,M0002,B2B,low,C01407,25,1,1282,0.1029,25246.94,upi,PNB,506505,12,1,0,0,0,0,0,0,0,0,1,1,0,18
TXN0001304,2024-01-16T10:38:00,15,M0057,Food,high,C00036,243,11,1622,0.1295,574.91,wallet,Axis,429282,10,1,0,0,0,0,0,0,0,0,0,0,0,38
TXN0001305,2024-01-16T12:11:00,15,M0027,Services,high,C00260,765,102,19361,0.0032,9853.6,netbanking,Yes,409732,12,1,0,0,0,0,0,0,0,0,0,0,0,53
TXN0001306,2024-01-16T20:41:00,15,M0129,Services,low,C01263,11,4,1896,0.0942,3759.11,netbanking,Kotak,517387,20,1,0,0,0,0,0,0,0,0,0,0,0,14
TXN0001307,2024-01-16T12:18:00,15,M0067,Food,mid,C00537,11,4,1296,0.1487,1618.61,netbanking,ICICI,572978,12,1,0,0,0,0,0,0,0,0,0,0,0,68
TXN0001308,2024-01-16T13:53:00,15,M0029,Retail,high,C00448,10,3,1642,0.0153,2242.71,card,Kotak,445513,13,1,0,0,0,0,1,0,0,0,1,1,0,12
TXN0001309,2024-01-16T10:16:00,15,M0180,Food,low,C00995,165,7,1895,0.1327,672.87,wallet,ICICI,546010,10,1,0,0,0,0,0,0,0,0,0,0,0,39
TXN0001310,2024-01-16T09:07:00,15,M0184,Logistics,high,C00312,117,15,3033,0.0879,13864.05,card,Canara,488937,9,1,0,0,0,0,0,0,1,0,0,0,0,46
TXN0001311,2024-01-16T08:00:00,15,M0128,B2B,high,C01307,948,86,13577,0.0086,40311.61,card,Axis,528113,8,1,0,0,0,0,0,0,0,1,1,1,0,62
TXN0001312,2024-01-16T09:09:00,15,M0063,SaaS,high,C00310,19,3,613,0.0983,808.76,upi,Kotak,599836,9,1,0,1,1,1,0,0,0,0,0,0,0,52
TXN0001313,2024-01-16T08:36:00,15,M0180,Food,low,C00937,921,82,21040,0.0016,20386.48,wallet,PNB,532286,8,1,0,0,0,0,0,0,0,0,0,0,0,68
TXN0001314,2024-01-16T12:28:00,15,M0001,Retail,high,C01406,854,117,21647,0.0155,9005.42,wallet,HDFC,489533,12,1,0,0,0,1,0,0,0,1,0,0,0,25
TXN0001315,2024-01-16T07:20:00,15,M0141,Logistics,low,C01393,160,7,3841,0.0843,9836.28,wallet,SBI,540966,7,1,0,0,0,0,0,0,0,1,0,0,0,50
TXN0001316,2024-01-16T21:41:00,15,M0056,Retail,low,C01025,160,7,5324,0.1057,4304.51,netbanking,Canara,464505,21,1,0,0,0,0,0,0,0,1,0,0,0,32
TXN0001317,2024-01-16T12:32:00,15,M0148,SaaS,mid,C00172,224,14,4956,0.0526,1395.08,card,Kotak,529618,12,1,0,0,1,2,0,0,0,0,0,0,0,21
TXN0001318,2024-01-16T17:55:00,15,M0086,Retail,high,C00214,16,1,1608,0.0371,2819.0,netbanking,HDFC,420286,17,1,0,0,0,0,0,0,0,0,0,0,1,51
TXN0001319,2024-01-16T13:02:00,15,M0148,SaaS,mid,C01016,260,18,7622,0.0549,1666.07,card,PNB,544793,13,1,0,0,0,0,0,0,0,0,0,0,0,71
TXN0001320,2024-01-16T08:33:00,15,M0172,Food,mid,C00335,74,20,5337,0.0794,7420.84,card,HDFC,413644,8,1,0,0,0,1,0,0,0,0,1,1,0,54
TXN0001321,2024-01-16T00:11:00,15,M0100,Retail,low,C00362,805,65,17714,0.0025,9058.5,card,ICICI,460564,0,1,0,0,0,1,0,0,0,1,0,0,0,19
TXN0001322,2024-01-16T12:43:00,15,M0084,B2B,mid,C00356,182,11,1794,0.0139,16512.68,netbanking,Canara,496423,12,1,0,0,0,2,0,0,0,0,0,0,0,44
TXN0001323,2024-01-16T09:34:00,15,M0137,B2B,mid,C00822,175,15,6992,0.2517,41302.28,wallet,Axis,504800,9,1,0,0,0,0,0,1,0,0,1,1,0,45
TXN0001324,2024-01-16T15:23:00,15,M0061,Services,low,C00979,877,53,10504,0.0387,12136.55,wallet,HDFC,561761,15,1,0,0,0,1,0,0,0,0,1,1,0,19
TXN0001325,2024-01-16T23:45:00,15,M0113,Services,high,C00296,15,3,1112,0.0281,8384.3,upi,Kotak,506353,23,1,0,0,0,0,0,0,0,0,0,0,1,55
TXN0001326,2024-01-16T06:24:00,15,M0051,Food,low,C00427,24,3,1936,0.0865,474.42,card,Axis,427630,6,1,0,0,0,0,0,0,1,0,0,0,0,56
TXN0001327,2024-01-16T10:58:00,15,M0114,Logistics,mid,C00247,904,100,13694,0.0007,18447.42,upi,HDFC,401488,10,1,0,0,0,0,1,0,0,0,1,1,0,33
TXN0001328,2024-01-16T11:51:00,15,M0105,SaaS,high,C00903,25,4,727,0.0815,1436.92,upi,SBI,584687,11,1,0,0,0,0,0,0,0,0,0,0,0,45
TXN0001329,2024-01-16T11:20:00,15,M0193,B2B,low,C00770,156,16,7278,0.0295,25518.34,netbanking,HDFC,496261,11,1,0,0,0,0,1,0,0,0,1,1,0,24
TXN0001330,2024-01-16T15:39:00,15,M0038,B2B,mid,C00263,223,7,1895,0.1805,117506.6,netbanking,Canara,537006,15,1,0,0,0,1,0,0,0,0,1,1,0,71
TXN0001331,2024-01-16T19:35:00,15,M0134,Services,low,C01218,166,13,3533,0.0365,5027.47,netbanking,Kotak,495488,19,1,0,0,0,1,0,0,0,0,0,0,0,40
TXN0001332,2024-01-17T21:30:00,16,M0019,Services,mid,C01377,16,3,1214,0.1358,5273.28,netbanking,HDFC,542278,21,2,0,0,0,1,0,0,0,0,0,0,0,12
TXN0001333,2024-01-17T06:01:00,16,M0049,Services,mid,C00520,972,120,4763,0.0006,3882.17,upi,Canara,442554,6,2,0,0,0,0,0,0,0,1,0,0,0,32
TXN0001334,2024-01-17T05:04:00,16,M0120,Food,low,C01202,22,1,1225,0.0785,933.35,card,Kotak,419692,5,2,0,13,1,2,0,0,0,0,0,0,1,25
TXN0001335,2024-01-17T19:16:00,16,M0069,SaaS,high,C01410,23,4,940,0.1409,4144.77,upi,PNB,477031,19,2,0,0,0,0,0,0,0,1,0,0,1,17
TXN0001336,2024-01-17T13:38:00,16,M0108,Food,high,C01046,18,4,553,0.0474,521.88,wallet,Kotak,511329,13,2,0,0,0,0,0,0,0,1,0,0,1,71
TXN0001337,2024-01-17T00:02:00,16,M0059,Logistics,mid,C00201,734,88,21610,0.0185,5858.28,netbanking,PNB,594728,0,2,0,0,0,1,0,0,0,1,0,0,0,18
TXN0001338,2024-01-17T15:34:00,16,M0193,B2B,low,C01400,276,16,1914,0.1717,32341.54,netbanking,ICICI,582321,15,2,0,0,0,0,0,0,0,0,0,0,0,29
TXN0001339,2024-01-17T09:17:00,16,M0163,Logistics,high,C00580,846,103,10876,0.0172,12023.83,wallet,Yes,440956,9,2,0,0,0,0,0,0,0,0,0,0,0,27
TXN0001340,2024-01-17T18:20:00,16,M0019,Services,mid,C01363,830,106,14828,0.0184,26649.61,wallet,Canara,470429,18,2,0,0,0,1,0,1,0,0,1,1,0,34
TXN0001341,2024-01-17T15:30:00,16,M0043,Logistics,high,C01156,783,61,24286,0.0003,25237.26,card,Kotak,420175,15,2,0,0,0,1,0,0,0,0,0,0,0,17
TXN0001342,2024-01-17T20:53:00,16,M0152,Retail,high,C00709,766,99,13908,0.0162,16649.29,upi,PNB,531675,20,2,0,0,0,0,0,0,0,1,0,0,0,19
TXN0001343,2024-01-17T14:38:00,16,M0038,B2B,mid,C01367,216,9,6780,0.1966,47818.95,card,Yes,502281,14,2,0,0,0,1,0,0,0,1,1,1,0,12
TXN0001344,2024-01-17T10:48:00,16,M0176,SaaS,low,C01450,183,14,6286,0.0681,7638.01,wallet,Axis,437741,10,2,0,0,0,1,0,0,0,0,0,0,0,26
TXN0001345,2024-01-17T18:43:00,16,M0179,Services,low,C01003,891,80,14836,0.0225,14457.6,wallet,ICICI,561903,18,2,0,0,0,1,0,0,0,1,0,0,0,33
TXN0001346,2024-01-17T16:54:00,16,M0012,Food,low,C01356,217,20,2714,0.0307,1171.39,wallet,Canara,559329,16,2,0,0,0,0,0,0,0,0,0,0,0,26
TXN0001347,2024-01-17T09:37:00,16,M0101,Food,low,C00604,289,17,7719,0.0208,5285.0,card,Yes,427176,9,2,0,0,1,1,0,0,0,0,0,0,0,16
TXN0001348,2024-01-17T13:12:00,16,M0061,Services,low,C01342,17,4,1571,0.174,1809.86,upi,SBI,455346,13,2,0,0,0,0,0,0,0,0,0,0,0,23
TXN0001349,2024-01-17T18:33:00,16,M0058,B2B,low,C00348,244,5,1394,0.0422,59722.47,upi,Axis,525839,18,2,0,0,0,1,0,0,1,0,1,1,0,34
TXN0001350,2024-01-17T21:07:00,16,M0143,Logistics,mid,C00900,793,109,15139,0.0533,17309.81,upi,Yes,427973,21,2,0,0,0,0,0,0,0,1,0,0,0,40
TXN0001351,2024-01-17T14:49:00,16,M0139,Logistics,low,C00617,275,10,5677,0.1505,5731.74,card,Axis,516755,14,2,0,0,0,0,0,0,0,1,0,0,0,29
TXN0001352,2024-01-17T10:28:00,16,M0101,Food,low,C00346,23,1,1516,0.0407,845.3,card,Kotak,544643,10,2,0,0,0,1,0,0,0,0,0,0,1,61
TXN0001353,2024-01-17T14:47:00,16,M0130,Food,low,C00056,14,4,645,0.1133,1802.46,card,Yes,535120,14,2,0,0,0,2,0,0,0,0,0,0,0,41
TXN0001354,2024-01-17T10:54:00,16,M0017,B2B,low,C00760,16,2,1193,0.0457,20736.97,wallet,HDFC,568986,10,2,0,0,0,0,0,0,0,0,1,1,0,25
TXN0001355,2024-01-17T23:45:00,16,M0195,Food,high,C00477,21,4,806,0.0824,299.26,card,ICICI,449889,23,2,0,0,0,0,0,0,0,1,1,1,0,43
TXN0001356,2024-01-17T18:13:00,16,M0126,B2B,low,C01275,228,18,5362,0.0179,11137.13,netbanking,SBI,411818,18,2,0,0,0,0,0,0,0,0,0,0,0,37
TXN0001357,2024-01-17T07:27:00,16,M0046,SaaS,high,C00553,21,2,1667,0.1014,1207.4,upi,Yes,587827,7,2,0,0,0,1,0,0,0,0,0,0,0,70
TXN0001358,2024-01-17T19:10:00,16,M0112,Logistics,mid,C01278,877,118,18188,0.0099,19482.56,netbanking,HDFC,540800,19,2,0,0,0,1,0,0,0,0,0,0,0,63
TXN0001359,2024-01-17T12:45:00,16,M0106,Services,high,C01105,6,2,864,0.0973,3104.57,netbanking,Kotak,414557,12,2,0,0,0,1,0,0,0,0,0,0,1,69
TXN0001360,2024-01-17T10:36:00,16,M0021,SaaS,mid,C00757,18,3,1376,0.032,856.79,upi,ICICI,458740,10,2,0,0,0,0,1,0,0,0,0,1,0,17
TXN0001361,2024-01-17T05:40:00,16,M0077,Services,high,C00068,788,109,6849,0.0242,3404.01,netbanking,Kotak,401456,5,2,0,0,0,1,0,0,0,1,1,1,0,68
TXN0001362,2024-01-17T15:24:00,16,M0075,Retail,mid,C00076,287,20,5432,0.1246,2675.83,card,Kotak,503891,15,2,0,0,0,0,0,0,0,0,0,0,0,39
TXN0001363,2024-01-17T17:38:00,16,M0015,Services,low,C00170,24,3,1654,0.0234,7158.82,netbanking,HDFC,545980,17,2,0,0,0,0,1,0,0,0,0,1,1,33
TXN0001364,2024-01-17T21:28:00,16,M0154,Retail,low,C00046,899,95,17868,0.007,8161.01,wallet,Axis,426613,21,2,0,0,0,0,0,0,0,0,0,0,0,69
TXN0001365,2024-01-17T12:30:00,16,M0058,B2B,low,C00320,211,6,4563,0.1454,31348.28,netbanking,Yes,599512,12,2,0,0,0,1,0,1,0,0,1,1,0,69
TXN0001366,2024-01-17T21:34:00,16,M0194,Retail,mid,C00368,218,17,1317,0.0644,1318.13,netbanking,Canara,586746,21,2,0,0,0,0,0,0,0,0,0,0,0,61
TXN0001367,2024-01-17T14:45:00,16,M0148,SaaS,mid,C00937,921,82,21040,0.0016,16231.62,wallet,Yes,599423,14,2,0,0,0,1,0,0,0,1,0,0,0,37
TXN0001368,2024-01-17T13:35:00,16,M0060,Services,high,C01187,158,12,5721,0.2214,6848.31,wallet,PNB,466753,13,2,0,0,0,0,0,1,0,0,1,1,0,25
TXN0001369,2024-01-17T19:22:00,16,M0115,Services,high,C01087,13,1,850,0.0532,1167.0,wallet,PNB,581980,19,2,0,0,0,0,0,0,0,0,0,0,0,56
TXN0001370,2024-01-17T20:10:00,16,M0156,Services,mid,C00167,951,114,4815,0.0341,5222.61,upi,Yes,510221,20,2,0,0,0,1,0,0,0,0,0,0,0,48
TXN0001371,2024-01-17T12:50:00,16,M0029,Retail,high,C00053,292,19,3435,0.2456,6986.75,wallet,Canara,429093,12,2,0,0,0,0,0,0,0,0,0,0,0,40
TXN0001372,2024-01-17T22:01:00,16,M0119,Retail,high,C00113,166,13,2765,0.0701,1456.05,netbanking,Canara,484874,22,2,0,0,0,1,0,0,0,0,0,0,0,52
TXN0001373,2024-01-17T11:46:00,16,M0055,Services,mid,C01004,144,8,1025,0.0719,6096.88,card,HDFC,585750,11,2,0,0,0,0,0,0,0,0,0,0,0,48
TXN0001374,2024-01-17T08:59:00,16,M0087,Logistics,mid,C00441,144,16,3404,0.0449,23055.64,upi,Kotak,441311,8,2,0,0,0,0,0,0,0,0,0,0,0,39
TXN0001375,2024-01-17T18:11:00,16,M0103,Services,low,C00046,899,95,17868,0.007,21434.91,card,Yes,412106,18,2,0,1,1,1,0,0,0,0,0,0,0,65
TXN0001376,2024-01-17T13:49:00,16,M0101,Food,low,C00210,79,8,1505,0.2364,1053.6,wallet,Yes,405690,13,2,0,0,0,0,0,0,0,0,0,0,0,63
TXN0001377,2024-01-17T07:38:00,16,M0044,Logistics,low,C00702,223,10,5735,0.0252,12271.02,upi,ICICI,451557,7,2,0,0,0,0,0,0,0,0,1,1,0,31
TXN0001378,2024-01-17T08:27:00,16,M0188,Logistics,mid,C01186,985,55,11992,0.0131,20093.08,netbanking,ICICI,430928,8,2,0,0,0,0,0,0,0,1,0,0,0,66
TXN0001379,2024-01-17T15:06:00,16,M0076,Services,high,C00861,1000,68,16236,0.0134,5105.78,upi,Yes,558004,15,2,0,0,0,0,0,0,0,0,0,0,0,55
TXN0001380,2024-01-17T14:59:00,16,M0110,Food,high,C01323,896,81,24706,0.0128,14051.29,netbanking,PNB,463527,14,2,0,0,0,0,0,0,0,0,0,0,0,31
TXN0001381,2024-01-17T17:00:00,16,M0160,Services,mid,C01126,71,20,1374,0.0499,2970.51,wallet,SBI,493782,17,2,0,0,0,0,0,0,0,0,0,0,0,34
TXN0001382,2024-01-17T07:55:00,16,M0050,Logistics,high,C00323,257,11,4702,0.0794,8040.65,wallet,Axis,592361,7,2,0,0,0,3,0,0,0,0,0,0,0,48
TXN0001383,2024-01-17T08:31:00,16,M0068,B2B,low,C01217,960,117,8732,0.0057,28201.23,wallet,PNB,584800,8,2,0,0,0,0,0,0,0,0,1,1,0,50
TXN0001384,2024-01-17T08:47:00,16,M0096,Food,mid,C01270,194,13,3612,0.2041,4717.68,upi,Canara,426813,8,2,0,0,0,0,0,0,0,1,0,0,0,61
TXN0001385,2024-01-17T05:59:00,16,M0071,Retail,low,C00510,5,2,1363,0.0704,2860.51,netbanking,Axis,416541,5,2,0,0,0,0,0,0,0,1,1,1,0,19
TXN0001386,2024-01-17T12:14:00,16,M0184,Logistics,high,C00662,911,105,23004,0.0401,19351.22,upi,Canara,472150,12,2,0,0,0,0,0,0,0,1,1,1,0,72
TXN0001387,2024-01-17T13:14:00,16,M0115,Services,high,C00736,885,113,21326,0.0296,11342.96,wallet,HDFC,421869,13,2,0,0,0,0,0,1,0,0,1,1,0,18
TXN0001388,2024-01-17T06:51:00,16,M0169,Food,low,C00592,168,14,6022,0.124,3827.92,card,PNB,487723,6,2,0,0,0,0,0,0,0,0,0,0,0,39
TXN0001389,2024-01-17T19:17:00,16,M0103,Services,low,C00108,20,2,721,0.0884,801.45,netbanking,Yes,413786,19,2,0,14,0,0,0,0,0,0,0,0,0,27
TXN0001390,2024-01-17T22:52:00,16,M0017,B2B,low,C01449,25,4,501,0.0588,82742.13,netbanking,Canara,527070,22,2,0,0,0,1,1,0,0,0,1,1,0,66
TXN0001391,2024-01-17T12:00:00,16,M0083,B2B,low,C00525,196,14,3844,0.122,19934.85,wallet,ICICI,591079,12,2,0,0,0,2,0,0,0,0,0,0,0,28
TXN0001392,2024-01-17T06:03:00,16,M0027,Services,high,C01061,20,3,1042,0.0431,3281.76,wallet,Canara,593466,6,2,0,0,0,0,0,0,0,0,0,0,0,32
TXN0001393,2024-01-17T20:57:00,16,M0011,Food,low,C00537,11,4,1296,0.1487,751.86,upi,Yes,411436,20,2,0,0,0,1,0,0,0,0,0,0,0,26
TXN0001394,2024-01-17T18:11:00,16,M0112,Logistics,mid,C01370,917,116,3464,0.0555,9425.66,upi,Kotak,439286,18,2,0,0,0,0,0,0,0,0,1,1,0,40
TXN0001395,2024-01-17T01:27:00,16,M0097,Services,low,C01350,278,9,2345,0.1225,3139.19,wallet,PNB,593252,1,2,0,0,0,0,0,0,0,1,0,0,0,28
TXN0001396,2024-01-17T02:31:00,16,M0031,Food,mid,C00940,81,14,7902,0.1297,6692.45,upi,HDFC,517644,2,2,0,0,0,0,1,0,0,0,1,1,0,23
TXN0001397,2024-01-17T12:33:00,16,M0129,Services,low,C00581,174,9,2693,0.1128,6656.38,card,Axis,478484,12,2,0,0,0,0,0,0,0,1,0,0,0,25
TXN0001398,2024-01-17T11:28:00,16,M0002,B2B,low,C01300,781,66,4116,0.0443,27451.63,upi,ICICI,444715,11,2,0,0,1,1,0,0,0,1,0,0,0,49
TXN0001399,2024-01-17T15:49:00,16,M0149,Services,low,C00548,224,15,1904,0.043,7469.24,card,HDFC,539491,15,2,0,0,0,0,0,0,0,1,0,0,0,12
TXN0001400,2024-01-17T19:02:00,16,M0143,Logistics,mid,C01105,6,2,864,0.0973,3784.97,netbanking,Yes,562281,19,2,0,0,1,2,0,0,0,0,0,0,1,18
TXN0001401,2024-01-17T18:27:00,16,M0081,Logistics,high,C00252,212,15,4155,0.0065,3167.0,upi,SBI,494305,18,2,0,0,0,1,0,0,0,0,0,0,0,44
TXN0001402,2024-01-17T20:23:00,16,M0124,Retail,low,C00385,206,11,3811,0.1467,3661.63,wallet,Axis,570247,20,2,0,0,0,0,0,1,0,0,1,1,0,18
TXN0001403,2024-01-17T07:03:00,16,M0137,B2B,mid,C00409,6,2,712,0.0617,27818.13,card,Axis,407161,7,2,0,0,1,1,0,0,0,1,1,1,0,15
TXN0001404,2024-01-17T22:31:00,16,M0057,Food,high,C01436,16,3,1961,0.0725,1547.45,upi,Yes,595972,22,2,0,0,0,0,0,0,0,1,0,0,1,28
TXN0001405,2024-01-17T14:10:00,16,M0120,Food,low,C00030,17,1,671,0.1258,241.44,upi,Yes,528697,14,2,0,0,0,0,0,0,0,0,0,0,0,69
TXN0001406,2024-01-17T08:19:00,16,M0138,Services,mid,C01040,22,4,786,0.1055,3973.76,netbanking,SBI,540573,8,2,0,0,0,1,0,1,0,0,1,1,0,35
TXN0001407,2024-01-17T12:05:00,16,M0014,Logistics,high,C00239,8,2,993,0.0332,5466.8,upi,Kotak,423014,12,2,0,11,0,1,0,0,0,0,0,0,0,17
TXN0001408,2024-01-17T14:58:00,16,M0074,Services,high,C00208,9,4,813,0.0891,1775.48,netbanking,Canara,459277,14,2,0,0,0,0,0,0,0,0,0,0,0,24
TXN0001409,2024-01-17T04:03:00,16,M0010,SaaS,high,C01161,141,15,2396,0.4262,1186.12,upi,Axis,525090,4,2,0,0,0,0,0,0,0,0,1,1,0,51
TXN0001410,2024-01-17T19:36:00,16,M0022,Retail,low,C00280,751,106,20902,0.0051,16138.11,netbanking,Yes,581661,19,2,0,0,0,0,0,0,0,0,0,0,0,29
TXN0001411,2024-01-17T03:34:00,16,M0095,Food,low,C00861,1000,68,16236,0.0134,9049.71,wallet,PNB,459838,3,2,0,1,1,1,0,0,0,0,0,1,0,14
TXN0001412,2024-01-17T09:33:00,16,M0032,Food,low,C00406,233,15,4489,0.2614,4106.72,card,Canara,404234,9,2,0,0,1,1,0,0,0,1,1,1,0,31
TXN0001413,2024-01-17T04:31:00,16,M0062,B2B,low,C01118,9,3,1462,0.0622,20909.89,wallet,PNB,453093,4,2,0,0,0,1,0,0,0,1,1,1,0,25
TXN0001414,2024-01-17T18:09:00,16,M0124,Retail,low,C00396,14,4,1990,0.0986,2731.93,upi,Canara,494879,18,2,0,0,0,1,0,0,0,0,0,0,0,37
TXN0001415,2024-01-17T19:26:00,16,M0035,SaaS,mid,C00213,741,100,11338,0.0295,11801.45,wallet,HDFC,403610,19,2,0,0,0,0,0,0,0,0,1,1,0,37
TXN0001416,2024-01-18T17:10:00,17,M0174,SaaS,low,C01072,856,104,9501,0.0112,5272.16,card,Kotak,426440,17,3,0,0,0,0,0,0,0,0,0,0,0,41
TXN0001417,2024-01-18T09:46:00,17,M0154,Retail,low,C00906,217,13,6576,0.0693,5149.86,wallet,HDFC,471231,9,3,0,0,0,1,0,1,0,0,1,1,0,24
TXN0001418,2024-01-18T11:44:00,17,M0065,B2B,high,C00852,87,8,7747,0.1301,48252.83,wallet,PNB,478025,11,3,0,0,0,0,0,0,0,0,0,1,0,50
TXN0001419,2024-01-18T15:33:00,17,M0147,SaaS,mid,C00975,145,5,5985,0.0929,4388.66,card,Canara,428027,15,3,0,0,0,1,0,0,0,0,0,0,0,67
TXN0001420,2024-01-18T20:21:00,17,M0134,Services,low,C01080,70,11,2580,0.1981,3024.63,upi,Canara,575283,20,3,0,8,0,0,0,0,0,0,0,0,0,29
TXN0001421,2024-01-18T07:34:00,17,M0123,Logistics,high,C01216,914,76,5925,0.0032,7615.47,wallet,Kotak,587428,7,3,0,10,0,1,0,0,0,1,0,0,0,12
TXN0001422,2024-01-18T11:24:00,17,M0195,Food,high,C00235,294,6,5292,0.0091,2225.71,netbanking,SBI,468960,11,3,0,0,0,1,0,0,0,0,0,0,0,37
TXN0001423,2024-01-18T05:29:00,17,M0116,Services,low,C00357,887,100,18431,0.0124,14295.71,netbanking,ICICI,459680,5,3,0,0,0,0,0,0,0,0,1,1,0,71
TXN0001424,2024-01-18T09:15:00,17,M0059,Logistics,mid,C01140,83,16,4816,0.0681,8058.2,wallet,SBI,547586,9,3,0,0,0,0,0,0,0,0,0,0,0,17
TXN0001425,2024-01-18T09:35:00,17,M0015,Services,low,C00464,277,10,7203,0.1165,4255.59,card,PNB,438183,9,3,0,0,0,0,0,1,0,0,1,1,0,12
TXN0001426,2024-01-18T20:54:00,17,M0165,Services,low,C00816,19,4,737,0.0138,1125.8,upi,PNB,502820,20,3,0,0,0,1,0,0,0,0,0,0,1,67
TXN0001427,2024-01-18T17:02:00,17,M0082,B2B,high,C00632,930,73,24796,0.0066,27471.14,card,HDFC,569531,17,3,0,0,0,0,0,1,0,0,1,1,0,20
TXN0001428,2024-01-18T21:29:00,17,M0087,Logistics,mid,C01362,246,18,2751,0.1251,13494.44,wallet,ICICI,412019,21,3,0,0,0,0,0,0,0,1,0,0,0,46
TXN0001429,2024-01-18T20:52:00,17,M0173,Food,high,C01367,216,9,6780,0.1966,1299.84,wallet,Kotak,464277,20,3,0,6,0,1,0,0,0,0,0,0,0,31
TXN0001430,2024-01-18T12:43:00,17,M0195,Food,high,C01375,827,66,13174,0.001,6302.71,netbanking,ICICI,421415,12,3,0,0,0,1,1,0,0,1,1,1,0,44
TXN0001431,2024-01-18T17:57:00,17,M0095,Food,low,C01435,239,13,5654,0.071,3624.06,upi,Kotak,589697,17,3,0,0,0,0,0,0,0,0,0,0,0,32
TXN0001432,2024-01-18T08:14:00,17,M0041,B2B,low,C01084,249,17,5055,0.1159,116111.29,card,Canara,520057,8,3,0,0,0,0,0,1,0,1,1,1,0,61
TXN0001433,2024-01-18T07:44:00,17,M0073,SaaS,high,C00465,97,20,3939,0.0191,953.21,wallet,Canara,433942,7,3,0,0,0,0,0,0,0,0,0,0,0,37
TXN0001434,2024-01-18T18:50:00,17,M0184,Logistics,high,C00561,25,3,576,0.1278,17679.64,upi,HDFC,556352,18,3,0,13,0,0,0,0,0,0,0,0,0,30
TXN0001435,2024-01-18T09:24:00,17,M0044,Logistics,low,C01256,14,3,1299,0.3112,8307.64,card,Kotak,535192,9,3,0,0,0,0,0,0,0,1,0,0,1,53
TXN0001436,2024-01-18T11:54:00,17,M0093,SaaS,mid,C00961,21,1,1446,0.011,1539.97,card,Kotak,453628,11,3,0,0,0,0,0,0,0,1,0,0,0,57
TXN0001437,2024-01-18T06:46:00,17,M0119,Retail,high,C01416,206,7,6172,0.1246,3365.4,upi,Canara,454859,6,3,0,0,0,0,0,0,0,0,0,0,0,19
TXN0001438,2024-01-18T18:11:00,17,M0039,Logistics,mid,C01071,123,9,6974,0.0782,4229.94,card,Canara,566631,18,3,0,0,0,0,0,0,0,1,0,0,0,15
TXN0001439,2024-01-18T21:46:00,17,M0094,SaaS,high,C00057,299,11,4482,0.0391,2439.12,netbanking,Axis,434079,21,3,0,0,0,0,0,1,0,0,1,1,0,12
TXN0001440,2024-01-18T17:02:00,17,M0196,Retail,low,C01015,763,93,15353,0.0415,10020.04,card,PNB,451161,17,3,0,0,0,0,0,0,0,0,0,0,0,63
TXN0001441,2024-01-18T20:51:00,17,M0132,Food,mid,C00615,233,15,5548,0.0875,2614.17,card,HDFC,426373,20,3,0,0,0,0,0,0,0,0,0,0,0,18
TXN0001442,2024-01-18T13:18:00,17,M0080,Logistics,low,C01235,111,8,1550,0.0381,11570.09,upi,Canara,550505,13,3,0,0,0,1,0,0,0,1,0,0,0,62
TXN0001443,2024-01-18T10:24:00,17,M0170,Logistics,mid,C00436,880,107,8813,0.0956,26369.68,upi,HDFC,411360,10,3,0,0,0,0,0,0,0,0,1,1,0,31
TXN0001444,2024-01-18T19:33:00,17,M0169,Food,low,C01250,832,75,11273,0.0124,9315.41,card,Yes,459586,19,3,0,0,0,0,0,0,0,0,1,1,0,67
TXN0001445,2024-01-18T00:57:00,17,M0166,SaaS,mid,C00863,773,54,20610,0.0073,4812.31,card,Canara,475231,0,3,0,0,0,0,0,0,0,0,0,0,0,61
TXN0001446,2024-01-18T15:20:00,17,M0047,Logistics,low,C00366,97,8,1865,0.1181,6749.31,upi,Canara,485241,15,3,0,0,0,0,1,0,0,1,1,1,0,18
TXN0001447,2024-01-18T09:50:00,17,M0079,Retail,high,C01333,70,10,3319,0.0482,1603.4,card,Kotak,575408,9,3,0,0,0,0,0,0,0,1,0,0,0,48
TXN0001448,2024-01-18T16:54:00,17,M0183,Retail,mid,C00288,208,5,7341,0.1152,8085.0,card,Yes,423245,16,3,0,13,0,0,0,0,0,1,0,0,0,13
TXN0001449,2024-01-18T07:01:00,17,M0049,Services,mid,C00183,101,17,6050,0.1691,6308.95,wallet,PNB,402504,7,3,0,0,0,1,0,0,0,0,0,0,0,15
TXN0001450,2024-01-18T10:24:00,17,M0183,Retail,mid,C00553,21,2,1667,0.1014,817.03,card,Canara,525748,10,3,0,0,0,1,0,0,0,1,0,0,1,15
TXN0001451,2024-01-18T02:48:00,17,M0086,Retail,high,C00005,9,1,1256,0.1416,1696.32,card,ICICI,481426,2,3,0,0,0,0,0,0,0,0,1,1,0,67
TXN0001452,2024-01-18T20:14:00,17,M0107,SaaS,mid,C00200,274,10,1297,0.0557,401.5,upi,PNB,439041,20,3,0,0,0,3,0,0,0,1,0,0,0,48
TXN0001453,2024-01-18T05:25:00,17,M0166,SaaS,mid,C00773,866,52,18391,0.0182,8406.94,wallet,Canara,516146,5,3,0,0,0,1,0,0,0,0,1,1,0,18
TXN0001454,2024-01-18T03:59:00,17,M0152,Retail,high,C01178,209,14,2357,0.1801,5617.77,card,SBI,558619,3,3,0,0,0,1,0,0,0,0,1,1,0,13
TXN0001455,2024-01-18T10:30:00,17,M0131,Logistics,high,C01371,76,11,7758,0.0835,19977.75,wallet,PNB,446390,10,3,0,0,0,0,0,0,0,1,0,0,0,44
TXN0001456,2024-01-18T12:57:00,17,M0047,Logistics,low,C01425,25,4,1901,0.0218,24513.88,card,PNB,518574,12,3,0,0,0,1,0,0,0,0,1,1,0,17
TXN0001457,2024-01-18T13:04:00,17,M0016,Services,high,C00670,6,4,1295,0.065,1429.86,upi,Axis,517802,13,3,0,0,0,0,0,0,0,0,0,0,0,15
TXN0001458,2024-01-18T19:13:00,17,M0145,SaaS,low,C00570,877,51,14248,0.0283,9532.43,upi,Yes,427841,19,3,0,0,0,0,0,0,0,1,0,0,0,27
TXN0001459,2024-01-18T10:46:00,17,M0097,Services,low,C01188,22,1,1190,0.1683,6511.71,card,Canara,546728,10,3,0,7,0,0,0,0,0,1,0,0,1,67
TXN0001460,2024-01-18T19:38:00,17,M0180,Food,low,C01281,736,65,13056,0.0178,9711.02,upi,Kotak,480819,19,3,0,0,0,0,0,1,0,0,1,1,0,52
TXN0001461,2024-01-18T18:43:00,17,M0109,Services,low,C01479,922,53,17547,0.0327,9262.4,netbanking,SBI,473434,18,3,0,14,0,0,0,0,0,1,0,0,0,51
TXN0001462,2024-01-18T22:20:00,17,M0165,Services,low,C00982,23,2,983,0.0941,2131.27,wallet,ICICI,517263,22,3,0,0,0,0,0,0,0,0,1,1,0,39
TXN0001463,2024-01-18T15:29:00,17,M0045,Food,high,C00311,23,1,967,0.0137,1445.86,upi,HDFC,421692,15,3,0,0,0,0,0,0,1,0,0,0,0,63
TXN0001464,2024-01-18T17:30:00,17,M0103,Services,low,C00475,116,18,5922,0.0285,3719.84,netbanking,Yes,469184,17,3,0,0,0,0,0,1,0,1,1,1,0,46
TXN0001465,2024-01-18T07:20:00,17,M0046,SaaS,high,C00187,270,12,1258,0.1298,593.77,netbanking,Yes,465121,7,3,0,0,0,1,0,0,0,0,0,0,0,42
TXN0001466,2024-01-18T13:07:00,17,M0092,Food,low,C00028,842,112,10190,0.0064,5525.66,card,Yes,594553,13,3,0,0,0,0,0,0,0,0,0,0,0,39
TXN0001467,2024-01-18T01:26:00,17,M0083,B2B,low,C00895,131,18,2727,0.1277,15982.34,netbanking,HDFC,524742,1,3,0,0,0,1,0,0,0,0,1,1,0,45
TXN0001468,2024-01-18T12:11:00,17,M0097,Services,low,C00383,290,6,7598,0.2306,4487.15,wallet,Axis,499753,12,3,0,0,0,1,0,0,1,1,0,0,0,34
TXN0001469,2024-01-18T07:12:00,17,M0137,B2B,mid,C00272,20,3,1722,0.0965,34463.2,netbanking,Axis,435567,7,3,0,0,0,0,0,0,0,0,1,1,0,13
TXN0001470,2024-01-18T21:48:00,17,M0198,Food,mid,C00440,21,2,1351,0.1088,2415.58,wallet,HDFC,537629,21,3,0,0,0,1,0,0,0,0,0,0,0,66
TXN0001471,2024-01-18T14:47:00,17,M0085,SaaS,mid,C00508,167,16,3990,0.0381,2629.33,wallet,Yes,451184,14,3,0,0,0,0,0,0,0,0,0,0,0,60
TXN0001472,2024-01-18T08:20:00,17,M0099,B2B,low,C00552,270,13,5333,0.0504,40359.34,netbanking,SBI,554163,8,3,0,0,0,0,0,0,0,0,0,1,0,19
TXN0001473,2024-01-18T08:38:00,17,M0053,Retail,low,C01060,157,10,4057,0.1045,4686.26,wallet,SBI,552624,8,3,0,0,0,0,1,0,0,0,1,1,0,12
TXN0001474,2024-01-18T17:50:00,17,M0078,B2B,high,C01421,87,15,5114,0.0752,12998.17,wallet,SBI,482831,17,3,0,0,0,0,0,0,0,0,0,0,0,36
TXN0001475,2024-01-18T08:33:00,17,M0157,SaaS,mid,C00614,901,109,16564,0.0653,5078.81,upi,ICICI,424054,8,3,0,0,0,0,0,0,0,1,0,0,0,18
TXN0001476,2024-01-18T09:26:00,17,M0072,SaaS,high,C01220,20,3,632,0.015,551.47,card,ICICI,452010,9,3,0,0,0,0,0,0,0,0,0,0,0,57
TXN0001477,2024-01-18T22:49:00,17,M0181,Food,high,C01012,10,1,716,0.1008,387.35,netbanking,Axis,412230,22,3,0,0,0,0,0,0,0,0,1,1,0,48
TXN0001478,2024-01-18T17:16:00,17,M0124,Retail,low,C00674,731,115,19078,0.0133,22981.54,upi,Axis,427471,17,3,0,0,0,0,0,0,0,0,0,0,0,34
TXN0001479,2024-01-18T09:08:00,17,M0158,Retail,low,C01416,206,7,6172,0.1246,3925.07,wallet,Yes,537857,9,3,0,0,1,1,0,0,0,1,0,0,0,17
TXN0001480,2024-01-18T11:01:00,17,M0136,Logistics,mid,C00650,236,7,2163,0.1174,9843.09,netbanking,Axis,425392,11,3,0,0,0,0,0,0,0,1,0,0,1,69
TXN0001481,2024-01-18T18:04:00,17,M0017,B2B,low,C00941,8,1,1237,0.0191,44352.72,card,HDFC,548290,18,3,0,0,0,0,0,0,0,0,1,1,0,66
TXN0001482,2024-01-18T21:17:00,17,M0023,Services,low,C01222,809,61,11869,0.0028,6232.43,netbanking,Yes,412731,21,3,0,0,0,0,0,0,0,0,0,0,0,47
TXN0001483,2024-01-18T11:15:00,17,M0001,Retail,high,C00888,11,2,1722,0.0928,11981.34,netbanking,PNB,431330,11,3,0,0,0,0,0,0,0,1,0,0,0,69
TXN0001484,2024-01-18T16:01:00,17,M0092,Food,low,C01363,830,106,14828,0.0184,6331.65,netbanking,ICICI,567175,16,3,0,0,1,2,0,0,0,0,0,0,1,52
TXN0001485,2024-01-18T14:14:00,17,M0174,SaaS,low,C00859,229,9,5706,0.017,3077.52,upi,HDFC,407252,14,3,0,0,0,1,0,0,0,1,0,0,0,37
TXN0001486,2024-01-18T06:19:00,17,M0036,Retail,low,C01396,132,14,4168,0.1527,2735.96,upi,Axis,551400,6,3,0,0,0,0,0,0,0,0,1,1,0,35
TXN0001487,2024-01-18T22:24:00,17,M0092,Food,low,C01046,18,4,553,0.0474,1527.74,upi,PNB,491241,22,3,0,0,0,1,0,0,0,0,0,0,1,71
TXN0001488,2024-01-18T14:54:00,17,M0154,Retail,low,C00014,91,14,5154,0.0628,3468.55,wallet,Yes,405478,14,3,0,0,0,0,0,0,0,1,0,0,0,37
TXN0001489,2024-01-18T20:40:00,17,M0165,Services,low,C00326,91,5,1505,0.2531,4169.67,wallet,SBI,402662,20,3,0,0,0,1,0,0,0,1,0,0,0,66
TXN0001490,2024-01-18T10:18:00,17,M0142,Retail,mid,C00995,165,7,1895,0.1327,602.99,wallet,Kotak,488372,10,3,0,0,0,1,0,0,0,0,0,0,0,35
TXN0001491,2024-01-18T22:46:00,17,M0148,SaaS,mid,C00754,16,4,1368,0.0617,4662.76,card,PNB,564937,22,3,0,0,0,0,0,0,0,0,0,0,0,51
TXN0001492,2024-01-18T10:41:00,17,M0006,Food,low,C01158,19,4,734,0.057,786.7,upi,PNB,403343,10,3,0,0,0,0,0,0,0,0,0,0,1,33
TXN0001493,2024-01-18T09:05:00,17,M0082,B2B,high,C00414,216,6,1095,0.0964,27589.91,upi,ICICI,501808,9,3,0,0,0,2,0,0,0,0,1,1,0,51
TXN0001494,2024-01-18T08:07:00,17,M0009,Retail,low,C00718,996,52,12606,0.0099,11063.0,card,PNB,570845,8,3,0,0,0,1,0,0,0,0,0,0,0,72
TXN0001495,2024-01-18T21:18:00,17,M0027,Services,high,C00279,256,20,5503,0.1075,19583.21,upi,Kotak,492534,21,3,0,0,0,0,0,0,0,0,0,0,0,53
TXN0001496,2024-01-18T11:56:00,17,M0078,B2B,high,C00507,22,3,985,0.0587,27363.78,netbanking,Yes,428067,11,3,0,0,0,0,0,1,0,0,1,1,0,66
TXN0001497,2024-01-18T09:59:00,17,M0039,Logistics,mid,C00660,137,20,7112,0.0513,13774.5,upi,Yes,448673,9,3,0,0,0,0,0,0,0,1,0,0,0,50
TXN0001498,2024-01-18T01:27:00,17,M0197,Food,low,C00087,17,3,684,0.0884,1279.95,wallet,Canara,521613,1,3,0,0,0,0,0,0,0,0,0,0,1,56
TXN0001499,2024-01-18T17:21:00,17,M0176,SaaS,low,C00133,8,1,1855,0.0839,1937.86,netbanking,Yes,585247,17,3,0,0,0,0,0,1,0,0,1,1,0,49
TXN0001500,2024-01-18T12:13:00,17,M0029,Retail,high,C00633,76,20,1924,0.0829,1372.81,wallet,SBI,547638,12,3,0,0,0,0,0,0,0,0,0,0,0,26
TXN0001501,2024-01-18T09:14:00,17,M0042,Logistics,mid,C01466,15,3,1413,0.1741,7965.28,upi,Yes,507235,9,3,0,0,0,0,1,0,0,0,1,1,0,63
TXN0001502,2024-01-18T08:57:00,17,M0027,Services,high,C00543,202,16,7598,0.0093,3085.08,wallet,HDFC,492857,8,3,0,0,0,1,0,0,0,0,0,0,0,49
TXN0001503,2024-01-18T09:55:00,17,M0026,Retail,high,C00964,13,2,849,0.2487,2396.3,netbanking,Axis,475298,9,3,0,0,0,0,0,0,0,0,0,0,1,55
TXN0001504,2024-01-18T14:26:00,17,M0123,Logistics,high,C01465,199,13,5560,0.1649,5122.64,card,Yes,481798,14,3,0,0,0,1,0,0,0,0,0,0,0,32
TXN0001505,2024-01-18T21:12:00,17,M0089,Food,low,C00855,10,1,1044,0.075,1850.38,netbanking,Axis,543869,21,3,0,0,0,2,0,0,0,1,0,0,1,47
TXN0001506,2024-01-18T20:25:00,17,M0170,Logistics,mid,C00749,21,1,1460,0.0459,7434.93,card,Kotak,474536,20,3,0,6,0,0,0,0,0,0,0,0,0,23
TXN0001507,2024-01-18T12:16:00,17,M0142,Retail,mid,C01079,120,13,2720,0.1461,4349.83,upi,Axis,518337,12,3,0,9,0,1,1,0,0,0,0,1,0,49
TXN0001508,2024-01-18T15:50:00,17,M0188,Logistics,mid,C00412,998,78,24949,0.0394,5747.94,wallet,ICICI,453337,15,3,0,0,0,0,0,0,0,0,0,0,0,42
TXN0001509,2024-01-18T13:44:00,17,M0166,SaaS,mid,C00269,192,10,5521,0.0392,5410.67,card,ICICI,452454,13,3,0,0,0,0,0,0,0,1,0,0,0,15
TXN0001510,2024-01-19T17:48:00,18,M0061,Services,low,C00500,105,20,3571,0.0765,3549.88,upi,HDFC,488736,17,4,0,0,0,0,0,0,0,1,0,0,0,17
TXN0001511,2024-01-19T13:15:00,18,M0106,Services,high,C00984,20,1,1236,0.0756,2479.77,card,SBI,517450,13,4,0,0,0,0,0,0,0,0,0,0,0,29
TXN0001512,2024-01-19T09:49:00,18,M0108,Food,high,C01171,184,7,2722,0.1516,1199.47,upi,ICICI,489302,9,4,0,0,0,0,0,0,0,0,0,0,0,65
TXN0001513,2024-01-19T02:43:00,18,M0199,SaaS,mid,C00326,91,5,1505,0.2531,2017.92,upi,Kotak,477294,2,4,0,0,1,2,0,0,0,0,1,1,0,68
TXN0001514,2024-01-19T12:32:00,18,M0040,SaaS,mid,C00076,287,20,5432,0.1246,2954.56,card,Canara,520374,12,4,0,0,0,1,0,0,0,1,0,0,0,38
TXN0001515,2024-01-19T10:04:00,18,M0194,Retail,mid,C00385,206,11,3811,0.1467,4377.1,netbanking,Axis,508844,10,4,0,0,0,1,0,0,0,0,0,0,0,55
TXN0001516,2024-01-19T12:05:00,18,M0063,SaaS,high,C00974,94,15,2436,0.1347,8031.62,netbanking,Yes,532409,12,4,0,0,0,1,0,0,0,1,0,0,0,55
TXN0001517,2024-01-19T14:36:00,18,M0131,Logistics,high,C01429,6,4,1564,0.0259,5292.63,netbanking,Yes,401139,14,4,0,0,0,0,0,0,0,0,1,1,0,36
TXN0001518,2024-01-19T15:50:00,18,M0127,Food,low,C01311,103,5,5902,0.2606,3206.99,card,Kotak,400669,15,4,0,0,0,0,0,0,0,0,0,0,0,64
TXN0001519,2024-01-19T06:10:00,18,M0185,Food,high,C00063,86,10,3701,0.0681,1514.3,upi,Canara,400807,6,4,0,12,0,0,0,0,0,0,0,0,0,59
TXN0001520,2024-01-19T06:08:00,18,M0128,B2B,high,C00423,297,8,7325,0.0946,30754.64,wallet,Yes,517521,6,4,0,0,0,0,1,0,0,0,1,1,0,31
TXN0001521,2024-01-19T06:00:00,18,M0133,SaaS,mid,C00774,781,76,14008,0.0117,5369.72,card,Kotak,430355,6,4,0,0,0,1,0,0,0,0,0,0,0,61
TXN0001522,2024-01-19T10:05:00,18,M0007,Food,mid,C00883,196,10,1155,0.0425,1184.38,upi,Kotak,455816,10,4,0,0,0,0,0,0,0,0,0,0,0,68
TXN0001523,2024-01-19T10:50:00,18,M0099,B2B,low,C01269,294,12,4633,0.1214,51388.03,wallet,HDFC,497706,10,4,0,0,0,0,0,0,0,0,1,1,0,46
TXN0001524,2024-01-19T22:37:00,18,M0040,SaaS,mid,C01289,145,18,6341,0.0789,1947.54,netbanking,HDFC,475614,22,4,0,0,0,0,0,0,0,0,1,1,0,24
TXN0001525,2024-01-19T09:06:00,18,M0107,SaaS,mid,C00456,966,120,5396,0.0062,8539.01,card,HDFC,557459,9,4,0,0,0,0,0,0,0,1,0,0,0,25
TXN0001526,2024-01-19T10:53:00,18,M0017,B2B,low,C01405,22,1,758,0.1553,4881.48,card,Axis,415047,10,4,0,0,0,0,0,0,0,1,0,0,0,38
TXN0001527,2024-01-19T16:06:00,18,M0089,Food,low,C00914,6,1,1272,0.0413,971.4,wallet,Yes,552046,16,4,0,0,0,0,1,0,0,0,1,1,0,59
TXN0001528,2024-01-19T15:30:00,18,M0032,Food,low,C01473,249,18,1175,0.0682,1870.36,netbanking,Yes,469198,15,4,0,0,0,0,1,0,0,0,1,1,0,46
TXN0001529,2024-01-19T10:35:00,18,M0180,Food,low,C01279,17,4,987,0.2452,1543.2,netbanking,PNB,532699,10,4,0,0,0,0,0,0,0,0,0,0,1,50
TXN0001530,2024-01-19T09:58:00,18,M0002,B2B,low,C01063,16,2,1323,0.0664,40887.13,upi,Kotak,476291,9,4,0,1,0,1,0,0,0,1,1,1,0,41
TXN0001531,2024-01-19T10:09:00,18,M0013,Logistics,high,C00927,914,55,3972,0.0048,5567.6,netbanking,ICICI,560862,10,4,0,0,0,1,0,0,0,1,0,0,1,28
TXN0001532,2024-01-19T23:56:00,18,M0097,Services,low,C00014,91,14,5154,0.0628,2395.23,netbanking,Canara,525910,23,4,0,0,0,1,0,1,0,0,1,1,0,42
TXN0001533,2024-01-19T16:13:00,18,M0091,Logistics,high,C00060,7,2,1880,0.1375,3247.5,netbanking,PNB,464180,16,4,0,0,0,0,0,0,0,0,0,0,0,61
TXN0001534,2024-01-19T11:28:00,18,M0123,Logistics,high,C00137,101,11,7563,0.169,11550.95,card,HDFC,451873,11,4,0,0,0,2,0,0,0,0,0,0,0,20
TXN0001535,2024-01-19T10:39:00,18,M0077,Services,high,C01402,178,14,1326,0.0337,4756.17,card,Kotak,547625,10,4,0,11,0,0,0,0,0,1,0,0,0,20
TXN0001536,2024-01-19T20:41:00,18,M0027,Services,high,C01336,262,17,2591,0.1696,2916.36,card,HDFC,406178,20,4,0,0,0,0,1,1,0,0,1,1,0,64
TXN0001537,2024-01-19T02:40:00,18,M0004,Logistics,low,C00727,14,2,1657,0.1645,5443.95,upi,Yes,434873,2,4,0,0,0,0,0,0,0,1,1,1,0,29
TXN0001538,2024-01-19T16:44:00,18,M0031,Food,mid,C00641,110,11,6582,0.129,4553.3,card,Axis,459297,16,4,0,0,0,0,0,0,0,0,0,0,0,72
TXN0001539,2024-01-19T10:25:00,18,M0157,SaaS,mid,C00636,76,15,2705,0.1601,2096.53,upi,PNB,473752,10,4,0,0,0,0,1,0,0,1,0,1,0,46
TXN0001540,2024-01-19T11:08:00,18,M0078,B2B,high,C00129,806,92,5670,0.0205,40915.33,upi,Axis,599450,11,4,0,0,0,0,0,0,0,1,0,1,0,38
TXN0001541,2024-01-19T16:04:00,18,M0116,Services,low,C01383,16,3,833,0.1456,1375.48,netbanking,Axis,489037,16,4,0,0,0,0,0,0,0,0,0,0,0,64
TXN0001542,2024-01-19T13:55:00,18,M0046,SaaS,high,C00702,223,10,5735,0.0252,2269.91,wallet,Yes,419132,13,4,0,0,0,1,0,0,0,0,0,0,0,61
TXN0001543,2024-01-19T13:47:00,18,M0011,Food,low,C00948,163,14,3671,0.0629,3561.71,netbanking,PNB,586755,13,4,0,0,0,1,0,0,0,1,0,0,0,37
TXN0001544,2024-01-19T07:39:00,18,M0157,SaaS,mid,C00047,8,2,892,0.0391,1671.8,netbanking,PNB,481101,7,4,0,0,0,2,0,0,0,0,0,0,1,62
TXN0001545,2024-01-19T09:01:00,18,M0064,Food,high,C00555,100,19,3886,0.0597,2736.37,wallet,Axis,403956,9,4,0,0,0,0,0,0,0,0,0,0,0,24
TXN0001546,2024-01-19T09:46:00,18,M0148,SaaS,mid,C00055,7,2,505,0.0761,1367.8,netbanking,Yes,590008,9,4,0,0,0,0,0,0,0,0,0,0,0,68
TXN0001547,2024-01-19T18:46:00,18,M0129,Services,low,C00617,275,10,5677,0.1505,5467.28,netbanking,ICICI,541425,18,4,0,0,0,1,0,0,0,0,0,0,0,40
TXN0001548,2024-01-19T20:54:00,18,M0140,Logistics,high,C00900,793,109,15139,0.0533,15667.7,wallet,Axis,403176,20,4,0,0,0,1,0,1,0,1,1,1,0,50
TXN0001549,2024-01-19T14:49:00,18,M0143,Logistics,mid,C00885,157,13,1745,0.0382,20089.2,netbanking,PNB,567858,14,4,0,0,0,0,0,0,0,0,0,0,0,70
TXN0001550,2024-01-19T15:28:00,18,M0040,SaaS,mid,C00916,281,5,4714,0.0524,1219.91,card,HDFC,466082,15,4,0,0,0,0,0,0,0,0,0,0,0,70
TXN0001551,2024-01-19T09:34:00,18,M0012,Food,low,C00947,734,113,24589,0.037,5588.5,wallet,Axis,566579,9,4,0,0,0,0,0,0,0,0,0,0,0,70
TXN0001552,2024-01-19T07:11:00,18,M0138,Services,mid,C01336,262,17,2591,0.1696,4499.77,netbanking,SBI,513654,7,4,0,1,1,1,0,1,0,0,1,1,0,37
TXN0001553,2024-01-19T23:31:00,18,M0106,Services,high,C01356,217,20,2714,0.0307,2650.75,card,HDFC,570765,23,4,0,0,0,1,0,0,1,0,0,0,0,17
TXN0001554,2024-01-19T08:36:00,18,M0162,Services,high,C01074,6,4,1334,0.1,1762.93,upi,PNB,406344,8,4,0,0,0,0,1,0,0,1,0,1,1,66
TXN0001555,2024-01-19T09:54:00,18,M0169,Food,low,C00481,9,3,1477,0.2252,503.59,card,Canara,518784,9,4,0,6,0,0,0,0,0,0,0,0,0,22
TXN0001556,2024-01-19T09:39:00,18,M0018,SaaS,high,C00523,973,109,20713,0.0508,13709.9,wallet,Yes,541387,9,4,0,0,0,2,0,0,0,0,0,0,0,35
TXN0001557,2024-01-19T12:46:00,18,M0115,Services,high,C01213,63,16,3466,0.121,5175.99,card,Canara,538740,12,4,0,0,0,0,0,0,0,0,0,0,0,37
TXN0001558,2024-01-19T09:16:00,18,M0080,Logistics,low,C00332,9,4,908,0.1434,5330.25,wallet,Yes,488487,9,4,0,1,0,0,0,0,0,0,1,1,0,63
TXN0001559,2024-01-19T17:27:00,18,M0181,Food,high,C01261,22,4,765,0.0873,711.21,upi,Canara,445948,17,4,0,11,0,0,0,0,0,0,0,0,0,55
TXN0001560,2024-01-19T18:47:00,18,M0063,SaaS,high,C00059,137,17,3230,0.0947,3605.79,upi,ICICI,443585,18,4,0,0,0,0,0,0,0,0,0,0,0,31
TXN0001561,2024-01-19T13:00:00,18,M0077,Services,high,C01437,172,14,2265,0.197,2385.04,card,ICICI,487510,13,4,0,0,0,1,0,0,0,0,0,0,0,24
TXN0001562,2024-01-19T12:26:00,18,M0167,SaaS,low,C00924,19,1,1515,0.0429,1461.93,card,Canara,476498,12,4,0,0,0,0,0,0,0,0,0,0,0,32
TXN0001563,2024-01-19T19:40:00,18,M0117,SaaS,low,C00909,174,15,1042,0.0534,2894.22,card,Axis,572120,19,4,0,0,0,0,0,0,0,0,0,0,1,18
TXN0001564,2024-01-19T05:28:00,18,M0067,Food,mid,C01385,233,17,3459,0.019,1387.77,card,Axis,415192,5,4,0,0,0,0,0,0,0,0,0,0,0,43
TXN0001565,2024-01-19T17:23:00,18,M0038,B2B,mid,C00689,20,1,513,0.005,33458.37,netbanking,ICICI,503165,17,4,0,0,0,0,0,0,0,0,1,1,0,55
TXN0001566,2024-01-19T10:44:00,18,M0148,SaaS,mid,C01399,25,1,1736,0.1858,2402.8,card,Kotak,452437,10,4,0,0,0,1,0,0,0,0,0,0,0,38
TXN0001567,2024-01-19T23:33:00,18,M0063,SaaS,high,C00658,808,113,16531,0.032,8256.72,wallet,Canara,501617,23,4,0,0,0,0,0,0,0,0,0,0,0,43
TXN0001568,2024-01-19T10:19:00,18,M0190,Services,low,C00594,111,19,1738,0.0355,1306.58,netbanking,ICICI,510264,10,4,0,0,0,1,0,0,0,0,0,0,0,49
TXN0001569,2024-01-19T18:24:00,18,M0010,SaaS,high,C01139,12,1,816,0.0541,774.91,wallet,PNB,505493,18,4,0,0,0,0,0,0,0,1,0,0,0,63
TXN0001570,2024-01-19T09:58:00,18,M0026,Retail,high,C01275,228,18,5362,0.0179,2514.49,upi,PNB,555377,9,4,0,0,0,1,0,0,0,0,0,0,0,16
TXN0001571,2024-01-19T07:35:00,18,M0118,Retail,mid,C00213,741,100,11338,0.0295,3010.91,netbanking,HDFC,527060,7,4,0,6,0,1,0,0,0,0,0,0,0,41
TXN0001572,2024-01-19T09:11:00,18,M0132,Food,mid,C00610,941,55,13937,0.0074,3080.61,card,SBI,467140,9,4,0,0,0,0,1,0,0,1,1,1,0,63
TXN0001573,2024-01-19T01:12:00,18,M0193,B2B,low,C01108,159,19,6909,0.148,27606.34,upi,ICICI,569012,1,4,0,0,0,0,0,0,0,0,1,1,0,14
TXN0001574,2024-01-19T20:36:00,18,M0167,SaaS,low,C00204,104,17,7774,0.0827,1733.36,netbanking,HDFC,576737,20,4,0,0,0,0,0,0,0,0,0,0,0,16
TXN0001575,2024-01-19T13:21:00,18,M0034,Retail,high,C00906,217,13,6576,0.0693,9083.63,upi,Axis,407548,13,4,0,0,0,1,0,0,0,0,0,0,0,60
TXN0001576,2024-01-19T15:55:00,18,M0137,B2B,mid,C01218,166,13,3533,0.0365,32382.99,upi,SBI,582068,15,4,0,0,0,2,0,0,0,0,1,1,0,28
TXN0001577,2024-01-19T14:08:00,18,M0082,B2B,high,C00259,22,2,1896,0.1789,58774.04,upi,Yes,551942,14,4,0,0,0,0,0,0,0,0,1,1,0,19
TXN0001578,2024-01-19T09:00:00,18,M0134,Services,low,C01129,210,6,3376,0.0541,3479.07,card,HDFC,598117,9,4,0,0,0,1,0,0,0,1,0,0,0,16
TXN0001579,2024-01-19T08:55:00,18,M0015,Services,low,C01110,168,20,6680,0.0808,5559.24,upi,Canara,400683,8,4,0,0,0,0,0,0,0,0,0,0,0,20
TXN0001580,2024-01-19T19:38:00,18,M0116,Services,low,C00274,16,2,1546,0.0683,2924.83,wallet,Axis,546655,19,4,0,0,0,0,0,0,0,0,0,0,1,64
TXN0001581,2024-01-19T10:38:00,18,M0138,Services,mid,C00998,188,8,4691,0.1272,5022.69,card,Axis,468824,10,4,0,0,0,0,0,0,0,1,0,0,0,45
TXN0001582,2024-01-19T22:35:00,18,M0155,SaaS,mid,C00199,7,2,1595,0.2347,1637.01,netbanking,ICICI,512353,22,4,0,0,0,0,0,0,0,0,0,0,1,54
TXN0001583,2024-01-19T18:32:00,18,M0040,SaaS,mid,C01335,21,4,541,0.0082,361.22,upi,Canara,564189,18,4,0,0,0,0,0,0,0,1,0,0,0,62
TXN0001584,2024-01-19T14:02:00,18,M0132,Food,mid,C00616,911,58,7892,0.0092,4669.67,wallet,SBI,405611,14,4,0,0,0,0,0,0,0,0,0,0,0,54
TXN0001585,2024-01-19T14:31:00,18,M0005,Logistics,high,C00728,70,9,6554,0.1071,10298.95,netbanking,Yes,566805,14,4,0,0,0,0,0,0,0,1,0,0,0,56
TXN0001586,2024-01-19T01:06:00,18,M0140,Logistics,high,C00549,6,2,719,0.0845,6469.82,card,Kotak,562706,1,4,0,0,0,0,0,0,0,0,1,1,0,62
TXN0001587,2024-01-19T16:57:00,18,M0123,Logistics,high,C01389,9,2,852,0.0691,10988.62,netbanking,Canara,526981,16,4,0,0,0,0,0,0,0,0,0,0,1,72
TXN0001588,2024-01-19T07:34:00,18,M0013,Logistics,high,C01405,22,1,758,0.1553,8270.7,netbanking,ICICI,532353,7,4,0,1,1,1,0,0,1,1,0,0,0,61
TXN0001589,2024-01-19T01:49:00,18,M0034,Retail,high,C00093,16,3,624,0.0975,1941.05,wallet,PNB,490235,1,4,0,0,0,0,0,0,0,0,0,0,0,34
TXN0001590,2024-01-19T10:24:00,18,M0088,Food,low,C00284,22,2,1162,0.105,730.28,netbanking,Canara,429246,10,4,0,0,0,0,0,0,0,1,0,0,0,23
TXN0001591,2024-01-19T10:15:00,18,M0087,Logistics,mid,C00721,195,19,4751,0.0478,4978.93,upi,Kotak,497485,10,4,0,0,0,0,0,0,0,0,0,0,1,36
TXN0001592,2024-01-19T20:41:00,18,M0054,Retail,mid,C00401,167,8,5190,0.0369,3725.14,netbanking,Yes,547809,20,4,0,0,0,1,1,0,0,1,1,1,0,45
TXN0001593,2024-01-19T15:39:00,18,M0026,Retail,high,C01362,246,18,2751,0.1251,3251.19,wallet,Kotak,450771,15,4,0,0,1,1,0,0,0,0,0,0,0,46
TXN0001594,2024-01-19T15:28:00,18,M0159,Services,low,C00005,9,1,1256,0.1416,5211.57,wallet,PNB,582777,15,4,0,0,0,1,0,0,0,0,0,0,0,25
TXN0001595,2024-01-19T17:44:00,18,M0183,Retail,mid,C01035,242,10,4320,0.0826,2968.27,wallet,Yes,442615,17,4,0,0,0,0,0,0,0,0,0,0,0,40
TXN0001596,2024-01-19T10:42:00,18,M0144,Retail,low,C00074,19,1,1979,0.0283,2597.81,netbanking,Yes,562836,10,4,0,0,0,0,0,0,0,0,0,0,0,72
TXN0001597,2024-01-19T20:06:00,18,M0113,Services,high,C00867,176,15,2934,0.1788,3628.85,card,Yes,552442,20,4,0,0,0,1,0,0,0,1,0,0,0,59
TXN0001598,2024-01-19T08:51:00,18,M0060,Services,high,C00535,199,20,2487,0.0332,1600.79,card,Canara,470776,8,4,0,0,0,1,0,0,0,0,0,0,0,70
TXN0001599,2024-01-19T05:13:00,18,M0072,SaaS,high,C01222,809,61,11869,0.0028,3550.2,card,Kotak,471773,5,4,0,12,1,1,0,0,0,1,0,0,0,38
TXN0001600,2024-01-19T11:04:00,18,M0000,Logistics,low,C00371,246,18,5955,0.1486,3519.25,upi,Kotak,577736,11,4,0,8,0,1,0,0,0,0,0,0,0,72
TXN0001601,2024-01-19T16:59:00,18,M0089,Food,low,C00195,125,20,2752,0.0288,1649.5,wallet,HDFC,566068,16,4,0,0,0,0,1,0,0,1,1,1,0,58
TXN0001602,2024-01-19T20:16:00,18,M0062,B2B,low,C00683,753,81,24259,0.0033,22900.86,upi,Axis,560643,20,4,0,0,0,0,0,1,1,1,1,1,0,53
TXN0001603,2024-01-19T15:12:00,18,M0135,Retail,low,C01237,12,3,1754,0.1256,1178.82,netbanking,PNB,462878,15,4,0,0,0,0,0,0,0,0,0,0,1,16
TXN0001604,2024-01-19T15:49:00,18,M0134,Services,low,C00315,14,2,1450,0.0587,4069.5,netbanking,Canara,586499,15,4,0,0,0,2,0,0,0,0,1,1,0,65
TXN0001605,2024-01-19T15:00:00,18,M0051,Food,low,C01074,6,4,1334,0.1,1406.1,wallet,Yes,484735,15,4,0,0,1,1,0,0,0,0,0,0,1,52
TXN0001606,2024-01-19T21:55:00,18,M0191,Logistics,high,C00079,234,12,5076,0.0979,12524.18,wallet,Axis,580931,21,4,0,0,0,0,0,0,0,1,0,0,1,14
TXN0001607,2024-01-19T17:15:00,18,M0109,Services,low,C01154,150,18,5285,0.0879,3579.35,card,PNB,428524,17,4,0,0,0,0,0,0,0,1,0,0,0,22
TXN0001608,2024-01-20T21:19:00,19,M0105,SaaS,high,C01391,114,20,6475,0.0823,8268.88,upi,ICICI,449985,21,5,1,0,0,0,0,0,0,0,0,0,1,50
TXN0001609,2024-01-20T16:21:00,19,M0043,Logistics,high,C01115,113,12,1457,0.1206,10004.74,upi,Canara,507700,16,5,1,0,0,0,0,0,0,1,0,0,0,59
TXN0001610,2024-01-20T18:18:00,19,M0178,Logistics,low,C01063,16,2,1323,0.0664,3400.27,wallet,ICICI,472108,18,5,1,0,0,1,0,1,1,1,1,1,0,53
TXN0001611,2024-01-20T20:15:00,19,M0119,Retail,high,C00081,18,3,1435,0.0842,2320.34,wallet,Axis,512544,20,5,1,0,0,0,0,0,0,1,0,0,0,32
TXN0001612,2024-01-20T12:29:00,19,M0153,Food,low,C01369,11,1,1181,0.2256,1081.53,card,SBI,538956,12,5,1,0,0,0,0,0,0,1,0,0,1,58
TXN0001613,2024-01-20T08:10:00,19,M0021,SaaS,mid,C00403,20,3,980,0.0023,1091.6,upi,ICICI,472849,8,5,1,0,0,0,0,0,0,1,0,0,0,33
TXN0001614,2024-01-20T19:24:00,19,M0041,B2B,low,C00379,9,2,1731,0.1003,26080.61,netbanking,HDFC,473280,19,5,1,0,0,0,1,0,0,1,1,1,0,51
TXN0001615,2024-01-20T08:21:00,19,M0177,Food,low,C00387,8,4,762,0.1501,549.08,upi,HDFC,489219,8,5,1,0,0,1,0,0,0,1,0,0,1,52
TXN0001616,2024-01-20T14:03:00,19,M0190,Services,low,C00548,224,15,1904,0.043,1966.93,upi,PNB,418360,14,5,1,0,0,1,0,0,0,0,0,0,1,31
TXN0001617,2024-01-20T12:40:00,19,M0128,B2B,high,C00610,941,55,13937,0.0074,24101.33,wallet,SBI,574213,12,5,1,0,0,1,0,0,0,0,0,0,1,72
TXN0001618,2024-01-20T07:43:00,19,M0169,Food,low,C00001,266,5,6471,0.1662,5316.27,wallet,SBI,571270,7,5,1,11,0,0,0,0,0,1,0,0,0,39
TXN0001619,2024-01-20T13:50:00,19,M0168,Food,high,C00835,979,88,23266,0.031,7017.56,netbanking,SBI,475775,13,5,1,0,0,0,0,0,0,0,0,0,0,24
TXN0001620,2024-01-20T19:46:00,19,M0183,Retail,mid,C00319,12,4,1935,0.1573,1077.74,card,Canara,418663,19,5,1,0,0,0,0,0,0,0,0,0,0,57
TXN0001621,2024-01-20T16:01:00,19,M0068,B2B,low,C00389,144,16,3134,0.1005,62965.62,card,PNB,472256,16,5,1,0,0,0,0,0,0,1,1,1,0,47
TXN0001622,2024-01-20T16:18:00,19,M0118,Retail,mid,C00126,6,4,711,0.1739,1325.24,upi,ICICI,592194,16,5,1,0,0,0,0,0,0,1,0,0,1,65
TXN0001623,2024-01-20T15:19:00,19,M0074,Services,high,C01072,856,104,9501,0.0112,10141.25,upi,HDFC,515165,15,5,1,0,0,1,0,0,0,1,0,0,1,16
TXN0001624,2024-01-20T03:36:00,19,M0187,SaaS,high,C00600,115,20,4717,0.0706,4974.53,upi,HDFC,520172,3,5,1,0,0,0,1,0,0,0,1,1,0,55
TXN0001625,2024-01-20T18:13:00,19,M0052,Logistics,mid,C00153,187,16,7531,0.082,5357.54,upi,Kotak,430412,18,5,1,0,0,0,0,0,0,1,0,0,0,71
TXN0001626,2024-01-20T07:46:00,19,M0018,SaaS,high,C00680,76,14,5093,0.1005,2499.61,upi,ICICI,585952,7,5,1,0,0,0,0,0,0,0,0,0,0,42
TXN0001627,2024-01-20T08:07:00,19,M0024,B2B,mid,C00524,820,108,23678,0.0222,21307.26,netbanking,Yes,456479,8,5,1,0,0,0,0,1,0,0,1,1,0,43
TXN0001628,2024-01-20T00:09:00,19,M0051,Food,low,C01022,974,77,19220,0.0059,16539.56,netbanking,HDFC,543862,0,5,1,0,0,0,1,0,0,0,1,1,0,14
TXN0001629,2024-01-20T10:14:00,19,M0189,SaaS,mid,C01248,819,99,16764,0.0629,7496.53,upi,Kotak,415445,10,5,1,0,0,0,0,0,0,0,0,0,0,55
TXN0001630,2024-01-20T15:45:00,19,M0129,Services,low,C00234,20,4,1443,0.0488,724.27,upi,Yes,586116,15,5,1,0,0,0,0,0,0,0,0,0,1,51
TXN0001631,2024-01-20T17:52:00,19,M0038,B2B,mid,C00728,70,9,6554,0.1071,19102.56,wallet,PNB,472996,17,5,1,0,0,1,0,1,0,0,1,1,0,14
TXN0001632,2024-01-20T20:09:00,19,M0085,SaaS,mid,C00143,1000,104,6643,0.0326,4635.97,upi,Canara,400798,20,5,1,0,0,0,0,0,0,0,0,0,0,28
TXN0001633,2024-01-20T11:45:00,19,M0013,Logistics,high,C01030,903,105,7868,0.0201,13222.28,wallet,PNB,421993,11,5,1,0,0,1,0,0,0,0,0,0,0,22
TXN0001634,2024-01-20T08:51:00,19,M0004,Logistics,low,C00168,12,3,1562,0.291,936.92,wallet,ICICI,422920,8,5,1,0,0,0,0,0,0,1,0,0,0,29
TXN0001635,2024-01-20T16:30:00,19,M0000,Logistics,low,C01379,877,76,14212,0.0235,17925.49,netbanking,HDFC,502531,16,5,1,0,0,1,0,0,0,0,0,0,0,43
TXN0001636,2024-01-20T01:41:00,19,M0109,Services,low,C00017,816,60,12299,0.0135,12459.94,upi,PNB,564032,1,5,1,0,0,0,1,1,0,0,1,1,0,56
TXN0001637,2024-01-20T11:23:00,19,M0181,Food,high,C01209,15,4,790,0.0451,3855.99,upi,PNB,412628,11,5,1,0,0,2,0,0,0,0,0,0,1,50
TXN0001638,2024-01-20T11:37:00,19,M0162,Services,high,C01196,22,2,1850,0.1106,3010.78,upi,Axis,435109,11,5,1,0,0,1,0,0,0,1,0,0,1,40
TXN0001639,2024-01-20T22:49:00,19,M0071,Retail,low,C01154,150,18,5285,0.0879,12020.54,card,ICICI,487137,22,5,1,0,0,1,0,0,0,0,0,0,0,72
TXN0001640,2024-01-20T05:34:00,19,M0170,Logistics,mid,C00270,170,17,1239,0.1579,23603.4,wallet,Yes,503713,5,5,1,0,0,0,0,0,0,0,1,1,0,25
TXN0001641,2024-01-20T23:31:00,19,M0197,Food,low,C00665,272,7,1097,0.067,441.36,wallet,ICICI,400558,23,5,1,14,0,0,0,0,0,1,0,0,1,21
TXN0001642,2024-01-20T20:52:00,19,M0001,Retail,high,C01029,18,2,615,0.0338,972.86,netbanking,ICICI,505001,20,5,1,0,0,0,1,0,0,0,1,1,0,43
TXN0001643,2024-01-20T14:47:00,19,M0101,Food,low,C00533,246,5,2907,0.0373,1018.13,wallet,SBI,513122,14,5,1,0,0,0,0,0,0,0,0,0,0,61
TXN0001644,2024-01-20T18:11:00,19,M0165,Services,low,C00077,283,8,4634,0.0584,2345.77,wallet,Kotak,563777,18,5,1,0,0,0,0,0,0,1,0,0,0,24
TXN0001645,2024-01-20T08:38:00,19,M0171,Retail,low,C01198,23,3,1138,0.1846,1693.94,card,Canara,460777,8,5,1,0,0,0,0,0,0,0,0,0,1,14
TXN0001646,2024-01-20T09:47:00,19,M0158,Retail,low,C00126,6,4,711,0.1739,1641.47,card,Kotak,555618,9,5,1,1,1,1,0,0,0,0,0,0,1,71
TXN0001647,2024-01-20T17:42:00,19,M0087,Logistics,mid,C00321,931,91,13422,0.0134,23590.87,wallet,HDFC,423232,17,5,1,0,0,0,1,0,1,0,1,1,0,39
TXN0001648,2024-01-20T16:45:00,19,M0081,Logistics,high,C01035,242,10,4320,0.0826,19769.97,netbanking,Kotak,584142,16,5,1,0,1,1,0,0,0,1,1,1,0,54
TXN0001649,2024-01-20T16:56:00,19,M0076,Services,high,C01478,168,13,2908,0.0476,2329.38,upi,Kotak,477126,16,5,1,0,0,0,0,0,0,0,0,0,0,14
TXN0001650,2024-01-20T23:11:00,19,M0035,SaaS,mid,C01239,20,3,1092,0.1306,3285.46,upi,HDFC,476411,23,5,1,0,0,0,0,0,0,0,0,0,0,45
TXN0001651,2024-01-20T09:15:00,19,M0108,Food,high,C00046,899,95,17868,0.007,16976.36,upi,Axis,452245,9,5,1,0,0,2,0,0,0,0,0,0,0,18
TXN0001652,2024-01-20T10:56:00,19,M0077,Services,high,C01332,12,1,573,0.2078,1854.23,upi,Canara,533264,10,5,1,0,0,1,0,0,0,0,0,0,0,33
TXN0001653,2024-01-20T22:20:00,19,M0085,SaaS,mid,C00001,266,5,6471,0.1662,1894.38,wallet,ICICI,470549,22,5,1,0,1,1,0,0,0,1,0,0,0,29
TXN0001654,2024-01-20T12:14:00,19,M0021,SaaS,mid,C00729,83,15,1450,0.1125,1788.92,netbanking,Axis,509202,12,5,1,0,0,0,0,0,0,0,0,0,0,40
TXN0001655,2024-01-20T18:30:00,19,M0135,Retail,low,C00331,24,2,1825,0.0553,4063.71,netbanking,HDFC,590237,18,5,1,0,0,1,0,0,0,0,0,0,0,49
TXN0001656,2024-01-20T08:54:00,19,M0039,Logistics,mid,C00670,6,4,1295,0.065,6775.01,wallet,PNB,486110,8,5,1,0,0,1,0,0,0,1,0,0,1,31
TXN0001657,2024-01-20T08:17:00,19,M0120,Food,low,C00248,151,17,4537,0.044,2073.87,netbanking,SBI,549440,8,5,1,0,0,0,1,0,0,0,0,1,0,42
TXN0001658,2024-01-20T09:43:00,19,M0092,Food,low,C00795,954,90,24116,0.0144,7371.52,netbanking,Yes,462092,9,5,1,0,0,0,1,0,0,1,0,1,0,72
TXN0001659,2024-01-20T09:02:00,19,M0043,Logistics,high,C00371,246,18,5955,0.1486,39565.79,upi,ICICI,547376,9,5,1,0,1,2,0,0,0,0,1,1,0,61
TXN0001660,2024-01-20T09:15:00,19,M0176,SaaS,low,C01242,801,109,18019,0.0054,5149.32,netbanking,Axis,406462,9,5,1,11,0,0,0,0,0,0,0,0,0,56
TXN0001661,2024-01-20T10:17:00,19,M0169,Food,low,C00954,139,11,5116,0.1756,5075.33,wallet,PNB,584184,10,5,1,0,0,0,0,0,0,0,0,0,1,57
TXN0001662,2024-01-20T12:12:00,19,M0142,Retail,mid,C01303,959,102,23671,0.0101,17178.2,wallet,Axis,525940,12,5,1,0,0,0,0,0,0,0,0,0,0,33
TXN0001663,2024-01-20T05:31:00,19,M0104,Food,low,C00251,10,4,1419,0.1389,1991.45,card,ICICI,549203,5,5,1,0,0,0,0,0,0,1,0,0,1,39
TXN0001664,2024-01-20T18:42:00,19,M0106,Services,high,C01471,226,11,7159,0.0178,3328.69,card,SBI,481794,18,5,1,0,0,0,0,0,0,0,0,0,0,52
TXN0001665,2024-01-20T22:59:00,19,M0046,SaaS,high,C00257,237,11,4924,0.0529,2013.58,wallet,SBI,487551,22,5,1,0,0,0,0,0,0,0,0,0,0,23
TXN0001666,2024-01-20T18:14:00,19,M0049,Services,mid,C00646,9,2,523,0.1528,2888.79,netbanking,SBI,447377,18,5,1,0,0,0,0,0,0,0,0,0,1,64
TXN0001667,2024-01-20T12:27:00,19,M0144,Retail,low,C00682,233,9,7070,0.098,8614.14,card,Axis,504922,12,5,1,0,0,0,0,0,0,1,0,0,0,32
TXN0001668,2024-01-20T17:47:00,19,M0002,B2B,low,C00456,966,120,5396,0.0062,47233.99,netbanking,PNB,518267,17,5,1,0,0,1,0,0,0,0,1,1,0,16
TXN0001669,2024-01-20T19:48:00,19,M0074,Services,high,C01186,985,55,11992,0.0131,9763.57,card,SBI,410777,19,5,1,0,0,1,0,0,0,1,0,0,0,71
TXN0001670,2024-01-20T21:12:00,19,M0055,Services,mid,C00675,765,119,10400,0.0,5019.37,netbanking,Kotak,588574,21,5,1,0,0,0,0,0,0,0,0,0,0,68
TXN0001671,2024-01-20T11:28:00,19,M0029,Retail,high,C00062,23,4,1800,0.1931,1495.5,card,ICICI,423482,11,5,1,0,0,1,0,0,0,1,0,0,1,40
TXN0001672,2024-01-20T10:27:00,19,M0067,Food,mid,C00435,845,97,22280,0.0149,23306.1,upi,Axis,534113,10,5,1,0,0,1,0,0,0,0,0,0,1,44
TXN0001673,2024-01-20T11:19:00,19,M0049,Services,mid,C01203,13,3,700,0.0223,2803.67,upi,HDFC,485650,11,5,1,9,0,0,0,0,0,0,0,0,1,67
TXN0001674,2024-01-20T20:17:00,19,M0107,SaaS,mid,C01066,151,11,1906,0.0889,2125.6,netbanking,Kotak,550553,20,5,1,0,0,0,0,0,0,0,0,0,0,53
TXN0001675,2024-01-20T22:38:00,19,M0165,Services,low,C01276,24,3,1037,0.1616,3616.46,wallet,Yes,583332,22,5,1,0,0,0,0,0,0,1,0,0,1,65
TXN0001676,2024-01-20T18:01:00,19,M0094,SaaS,high,C01175,16,1,944,0.0192,614.91,wallet,HDFC,563595,18,5,1,9,0,0,0,0,0,1,0,0,0,31
TXN0001677,2024-01-20T09:38:00,19,M0093,SaaS,mid,C01293,247,18,5415,0.1497,5140.71,upi,Yes,457786,9,5,1,0,0,0,0,0,0,0,0,0,0,39
TXN0001678,2024-01-20T16:34:00,19,M0190,Services,low,C00353,227,10,5975,0.0345,13468.3,netbanking,ICICI,579084,16,5,1,0,0,0,0,1,0,0,1,1,0,22
TXN0001679,2024-01-20T18:57:00,19,M0183,Retail,mid,C00579,15,4,1845,0.033,1054.45,upi,Axis,534504,18,5,1,0,0,1,0,0,0,0,0,0,1,56
TXN0001680,2024-01-20T15:43:00,19,M0101,Food,low,C00819,79,12,7293,0.1004,4014.85,netbanking,Axis,558887,15,5,1,0,0,0,0,0,0,0,0,0,0,14
TXN0001681,2024-01-20T07:49:00,19,M0131,Logistics,high,C01386,785,103,16955,0.0407,23824.3,upi,Axis,518540,7,5,1,0,0,2,0,0,0,0,0,0,0,21
TXN0001682,2024-01-20T10:22:00,19,M0013,Logistics,high,C00754,16,4,1368,0.0617,6307.14,netbanking,HDFC,589479,10,5,1,0,0,1,1,0,0,0,1,1,0,19
TXN0001683,2024-01-20T14:15:00,19,M0070,Services,low,C00029,264,17,6932,0.0507,2526.22,upi,SBI,578787,14,5,1,0,0,2,0,0,0,1,0,0,0,71
TXN0001684,2024-01-20T16:10:00,19,M0026,Retail,high,C00017,816,60,12299,0.0135,18644.31,card,Canara,416055,16,5,1,0,1,1,0,0,0,0,1,1,0,51
TXN0001685,2024-01-20T14:06:00,19,M0048,SaaS,mid,C01354,125,11,1634,0.1324,799.35,wallet,Yes,598477,14,5,1,0,0,0,0,0,0,0,0,0,1,64
TXN0001686,2024-01-20T10:05:00,19,M0019,Services,mid,C00269,192,10,5521,0.0392,3295.83,wallet,Yes,496646,10,5,1,0,0,1,0,0,0,0,0,0,0,41
TXN0001687,2024-01-20T18:12:00,19,M0062,B2B,low,C00382,183,7,3754,0.1617,8527.35,upi,Yes,452353,18,5,1,0,0,0,0,0,0,0,0,0,0,58
TXN0001688,2024-01-20T20:46:00,19,M0146,Food,mid,C01312,5,3,916,0.0576,601.73,wallet,SBI,522385,20,5,1,0,0,1,0,0,0,0,0,0,1,15
TXN0001689,2024-01-20T20:32:00,19,M0095,Food,low,C01193,262,17,3211,0.1334,1505.82,wallet,Kotak,464701,20,5,1,0,0,0,0,0,0,1,0,0,0,18
TXN0001690,2024-01-20T09:33:00,19,M0123,Logistics,high,C00406,233,15,4489,0.2614,5616.41,card,PNB,482407,9,5,1,8,0,2,0,0,0,0,0,0,0,27
TXN0001691,2024-01-20T10:31:00,19,M0184,Logistics,high,C00538,22,1,1018,0.095,4711.84,card,HDFC,436305,10,5,1,0,0,0,0,0,0,1,0,0,1,13
TXN0001692,2024-01-20T08:18:00,19,M0003,SaaS,low,C00236,165,9,7902,0.1522,2855.29,netbanking,SBI,593720,8,5,1,0,0,0,0,0,0,0,1,1,0,42
TXN0001693,2024-01-20T15:41:00,19,M0006,Food,low,C01352,19,2,636,0.0786,493.65,upi,ICICI,455493,15,5,1,0,0,0,0,0,0,0,0,0,0,56
TXN0001694,2024-01-20T08:28:00,19,M0111,Logistics,low,C00593,288,9,4220,0.0945,11693.31,netbanking,HDFC,572533,8,5,1,0,0,0,0,0,0,0,0,0,0,23
TXN0001695,2024-01-20T22:23:00,19,M0032,Food,low,C00093,16,3,624,0.0975,940.86,card,ICICI,506504,22,5,1,0,0,1,0,0,0,0,1,1,0,39
TXN0001696,2024-01-20T16:58:00,19,M0103,Services,low,C01272,201,11,2005,0.0898,5767.64,upi,ICICI,497012,16,5,1,0,0,0,0,0,0,0,0,0,0,20
TXN0001697,2024-01-20T21:33:00,19,M0061,Services,low,C01193,262,17,3211,0.1334,1099.1,netbanking,PNB,594187,21,5,1,0,1,1,0,0,0,1,0,0,0,16
TXN0001698,2024-01-20T20:33:00,19,M0071,Retail,low,C00945,201,19,6918,0.026,6360.52,netbanking,HDFC,415845,20,5,1,0,0,0,0,0,0,0,0,0,0,28
TXN0001699,2024-01-20T10:14:00,19,M0198,Food,mid,C01042,11,2,1733,0.1162,1437.96,upi,ICICI,541181,10,5,1,0,0,0,0,0,0,0,0,0,0,45
TXN0001700,2024-01-20T10:28:00,19,M0043,Logistics,high,C01003,891,80,14836,0.0225,27956.11,wallet,Axis,581302,10,5,1,0,0,2,0,0,0,0,1,1,0,52
TXN0001701,2024-01-20T13:20:00,19,M0026,Retail,high,C01311,103,5,5902,0.2606,4579.28,wallet,Canara,566926,13,5,1,0,1,1,0,0,0,0,0,0,0,50
TXN0001702,2024-01-20T05:19:00,19,M0184,Logistics,high,C00124,769,61,23152,0.0186,18256.21,upi,SBI,523405,5,5,1,0,0,0,0,0,0,0,1,1,0,23
TXN0001703,2024-01-21T11:44:00,20,M0163,Logistics,high,C00375,745,80,15204,0.0135,17944.99,netbanking,PNB,484074,11,6,1,0,0,0,1,0,0,0,0,1,1,31
TXN0001704,2024-01-21T13:08:00,20,M0039,Logistics,mid,C00552,270,13,5333,0.0504,6664.67,wallet,HDFC,519959,13,6,1,0,0,1,1,0,0,0,1,1,0,57
TXN0001705,2024-01-21T12:03:00,20,M0015,Services,low,C01406,854,117,21647,0.0155,7175.29,netbanking,PNB,588919,12,6,1,0,0,1,0,0,0,0,0,0,0,62
TXN0001706,2024-01-21T20:24:00,20,M0045,Food,high,C00121,79,10,7331,0.1149,5195.21,netbanking,Kotak,418924,20,6,1,0,0,0,0,0,0,0,0,0,0,63
TXN0001707,2024-01-21T11:25:00,20,M0008,Retail,low,C01387,998,75,21611,0.0326,5789.73,wallet,Yes,432665,11,6,1,0,0,0,0,0,0,0,0,0,0,62
TXN0001708,2024-01-21T12:14:00,20,M0045,Food,high,C01180,289,7,4681,0.1057,2374.63,upi,Canara,519908,12,6,1,0,0,0,0,0,0,1,0,0,0,41
TXN0001709,2024-01-21T10:32:00,20,M0064,Food,high,C01265,12,1,1705,0.0059,3772.19,wallet,Canara,455948,10,6,1,0,0,0,0,0,0,0,0,0,0,45
TXN0001710,2024-01-21T16:37:00,20,M0014,Logistics,high,C00241,746,61,16280,0.0092,7466.02,upi,PNB,571176,16,6,1,10,0,0,0,0,0,1,0,0,0,29
TXN0001711,2024-01-21T11:17:00,20,M0140,Logistics,high,C01395,20,2,590,0.0494,10006.56,card,Axis,572671,11,6,1,0,0,0,0,0,0,0,0,0,1,20
TXN0001712,2024-01-21T11:53:00,20,M0030,B2B,high,C00609,8,1,1452,0.0926,28087.19,netbanking,Kotak,477005,11,6,1,0,0,0,1,0,0,0,1,1,0,60
TXN0001713,2024-01-21T08:42:00,20,M0067,Food,mid,C00406,233,15,4489,0.2614,2434.18,card,Kotak,504068,8,6,1,0,1,3,0,0,0,0,0,0,0,63
TXN0001714,2024-01-21T20:55:00,20,M0101,Food,low,C00019,767,108,16580,0.0404,3593.1,upi,ICICI,420168,20,6,1,0,0,0,0,0,0,0,0,0,0,19
TXN0001715,2024-01-21T12:50:00,20,M0046,SaaS,high,C00711,292,16,1422,0.0271,1489.53,netbanking,ICICI,544692,12,6,1,0,0,0,1,0,0,0,0,1,0,42
TXN0001716,2024-01-21T13:10:00,20,M0099,B2B,low,C00177,65,7,4221,0.1108,24207.29,wallet,Axis,461577,13,6,1,0,0,0,0,0,0,1,0,0,0,44
TXN0001717,2024-01-21T19:07:00,20,M0051,Food,low,C00398,5,2,752,0.1093,747.82,netbanking,PNB,488054,19,6,1,0,0,1,0,0,0,1,0,0,1,23
TXN0001718,2024-01-21T19:17:00,20,M0036,Retail,low,C00992,126,19,6579,0.0334,2699.75,wallet,Kotak,517853,19,6,1,0,0,0,1,0,0,0,0,1,1,48
TXN0001719,2024-01-21T11:46:00,20,M0058,B2B,low,C01185,768,103,17260,0.0082,21071.74,card,Axis,591085,11,6,1,0,0,0,0,0,0,1,1,1,0,37
TXN0001720,2024-01-21T07:19:00,20,M0187,SaaS,high,C01175,16,1,944,0.0192,2345.51,wallet,ICICI,574271,7,6,1,0,1,1,0,1,0,0,1,1,0,44
TXN0001721,2024-01-21T05:01:00,20,M0192,B2B,mid,C00063,86,10,3701,0.0681,30775.32,netbanking,SBI,502159,5,6,1,0,0,1,0,0,0,0,0,1,0,56
TXN0001722,2024-01-21T20:06:00,20,M0180,Food,low,C01455,10,2,1166,0.1054,1272.96,wallet,Kotak,494762,20,6,1,0,0,0,0,0,0,0,0,0,0,37
TXN0001723,2024-01-21T08:18:00,20,M0086,Retail,high,C01438,223,12,1229,0.2301,1562.19,wallet,Yes,439043,8,6,1,0,0,0,0,0,0,0,0,0,0,59
TXN0001724,2024-01-21T20:42:00,20,M0078,B2B,high,C00980,292,12,7565,0.1281,26699.09,wallet,Yes,495668,20,6,1,0,0,0,0,1,0,0,1,1,0,71
TXN0001725,2024-01-21T13:57:00,20,M0055,Services,mid,C00886,7,2,1128,0.0251,2960.24,upi,PNB,508123,13,6,1,0,0,0,0,0,0,0,0,0,0,59
TXN0001726,2024-01-21T10:45:00,20,M0047,Logistics,low,C00282,851,76,22265,0.0191,12125.63,card,Kotak,559147,10,6,1,0,0,0,0,0,0,0,0,0,0,39
TXN0001727,2024-01-21T09:57:00,20,M0050,Logistics,high,C00245,79,14,2330,0.0808,8622.27,wallet,Axis,534535,9,6,1,0,0,0,0,0,0,0,0,0,0,63
TXN0001728,2024-01-21T10:02:00,20,M0174,SaaS,low,C01180,289,7,4681,0.1057,2756.53,upi,Kotak,482332,10,6,1,1,1,1,0,0,0,0,0,0,0,17
TXN0001729,2024-01-21T23:45:00,20,M0055,Services,mid,C00650,236,7,2163,0.1174,5039.72,card,Yes,468469,23,6,1,0,0,1,0,0,0,1,0,0,0,34
TXN0001730,2024-01-21T13:57:00,20,M0066,Food,mid,C00432,68,16,7668,0.0738,2035.64,netbanking,Yes,544456,13,6,1,14,0,0,0,0,0,1,0,0,0,44
TXN0001731,2024-01-21T12:43:00,20,M0077,Services,high,C00709,766,99,13908,0.0162,7691.37,upi,Kotak,484474,12,6,1,0,0,1,0,0,0,0,0,0,0,18
TXN0001732,2024-01-21T12:18:00,20,M0051,Food,low,C00444,14,1,1558,0.2692,704.19,wallet,Canara,420506,12,6,1,0,0,0,0,0,0,0,1,1,0,42
TXN0001733,2024-01-21T11:15:00,20,M0001,Retail,high,C00855,10,1,1044,0.075,6300.63,wallet,SBI,555734,11,6,1,0,0,2,0,0,0,0,0,0,0,66
TXN0001734,2024-01-21T15:04:00,20,M0013,Logistics,high,C00558,871,120,19753,0.0192,8273.16,wallet,Kotak,528817,15,6,1,0,0,0,0,0,0,1,0,0,0,61
TXN0001735,2024-01-21T10:56:00,20,M0029,Retail,high,C01244,243,9,3280,0.1395,7195.94,netbanking,HDFC,459426,10,6,1,0,0,0,0,0,0,0,0,0,0,66
TXN0001736,2024-01-21T12:37:00,20,M0096,Food,mid,C00976,5,1,1132,0.0574,746.68,upi,Axis,533549,12,6,1,0,0,0,0,0,0,0,0,0,0,44
TXN0001737,2024-01-21T09:39:00,20,M0193,B2B,low,C01070,15,4,1722,0.1733,16208.71,upi,Canara,522195,9,6,1,0,0,0,0,0,0,0,0,0,0,44
TXN0001738,2024-01-21T07:45:00,20,M0100,Retail,low,C01440,21,3,1571,0.0698,4222.18,upi,PNB,497232,7,6,1,0,0,0,0,0,0,0,0,0,0,33
TXN0001739,2024-01-21T09:23:00,20,M0152,Retail,high,C00681,6,3,1976,0.0131,1840.44,upi,Canara,584517,9,6,1,0,0,1,0,0,0,0,0,0,1,56
TXN0001740,2024-01-21T17:49:00,20,M0160,Services,mid,C00566,81,17,5110,0.0665,1700.75,upi,PNB,521270,17,6,1,0,0,0,0,0,0,1,0,0,0,70
TXN0001741,2024-01-21T09:19:00,20,M0036,Retail,low,C01126,71,20,1374,0.0499,4023.28,upi,Axis,496516,9,6,1,0,0,1,0,1,0,0,1,1,0,36
TXN0001742,2024-01-21T19:31:00,20,M0059,Logistics,mid,C00102,143,17,5893,0.0911,14001.36,netbanking,HDFC,527838,19,6,1,0,0,0,0,0,0,0,0,0,0,26
TXN0001743,2024-01-21T05:03:00,20,M0071,Retail,low,C00835,979,88,23266,0.031,5699.83,netbanking,HDFC,416783,5,6,1,0,1,1,0,0,0,1,0,0,1,40
TXN0001744,2024-01-21T15:03:00,20,M0065,B2B,high,C01381,181,9,4827,0.1171,45895.5,wallet,Yes,525852,15,6,1,0,0,0,0,0,0,1,1,1,0,36
TXN0001745,2024-01-21T09:13:00,20,M0139,Logistics,low,C00579,15,4,1845,0.033,2363.24,upi,Axis,586894,9,6,1,0,1,2,0,0,0,1,0,0,1,15
TXN0001746,2024-01-21T07:50:00,20,M0143,Logistics,mid,C00282,851,76,22265,0.0191,14264.77,upi,Axis,495981,7,6,1,1,1,1,0,1,0,0,1,1,0,67
TXN0001747,2024-01-21T08:18:00,20,M0074,Services,high,C00243,1000,55,10528,0.0039,13533.48,card,ICICI,563985,8,6,1,0,0,0,0,0,0,1,0,0,0,63
TXN0001748,2024-01-21T08:10:00,20,M0098,Retail,mid,C01373,238,7,5638,0.023,1690.54,upi,SBI,461744,8,6,1,0,0,0,1,0,0,0,0,1,0,68
TXN0001749,2024-01-21T19:50:00,20,M0102,Retail,high,C01182,78,11,6381,0.0772,6138.09,wallet,SBI,537198,19,6,1,9,0,0,0,0,0,0,0,0,0,48
TXN0001750,2024-01-21T17:39:00,20,M0179,Services,low,C00803,10,1,1321,0.1485,3000.92,card,Yes,525634,17,6,1,0,0,0,0,0,0,0,0,0,1,51
TXN0001751,2024-01-21T15:56:00,20,M0061,Services,low,C01259,95,11,5481,0.2295,3044.17,netbanking,Axis,599496,15,6,1,0,0,0,1,0,0,0,1,1,0,66
TXN0001752,2024-01-21T13:36:00,20,M0045,Food,high,C01417,137,14,7151,0.1005,2837.78,netbanking,Kotak,479360,13,6,1,0,0,0,0,0,0,0,0,0,0,31
TXN0001753,2024-01-21T05:06:00,20,M0125,Retail,low,C01217,960,117,8732,0.0057,2881.42,card,SBI,426916,5,6,1,0,0,1,0,0,0,0,1,1,0,33
TXN0001754,2024-01-21T09:57:00,20,M0157,SaaS,mid,C01253,293,20,2557,0.2042,933.57,upi,Axis,567747,9,6,1,0,0,0,0,0,0,0,0,0,0,16
TXN0001755,2024-01-21T19:28:00,20,M0014,Logistics,high,C00307,10,1,525,0.1779,6903.08,wallet,Axis,454486,19,6,1,0,0,0,0,0,0,0,1,1,0,22
TXN0001756,2024-01-21T19:39:00,20,M0089,Food,low,C00211,21,4,738,0.1348,724.5,netbanking,SBI,567506,19,6,1,0,0,0,0,0,0,0,0,0,0,37
TXN0001757,2024-01-21T08:59:00,20,M0089,Food,low,C00814,994,90,17279,0.046,3924.77,card,Canara,512091,8,6,1,0,0,0,0,0,0,0,0,0,0,60
TXN0001758,2024-01-21T12:19:00,20,M0142,Retail,mid,C01454,216,11,5677,0.16,6282.43,netbanking,HDFC,503890,12,6,1,0,0,1,0,0,0,0,0,0,0,49
TXN0001759,2024-01-21T10:08:00,20,M0105,SaaS,high,C00573,11,3,608,0.1234,629.9,netbanking,HDFC,591229,10,6,1,0,0,0,0,0,0,0,0,0,0,31
TXN0001760,2024-01-21T22:24:00,20,M0176,SaaS,low,C00813,914,105,12270,0.0492,6117.68,upi,SBI,407235,22,6,1,0,0,0,0,0,0,1,0,0,0,33
TXN0001761,2024-01-21T09:00:00,20,M0044,Logistics,low,C00225,883,68,18172,0.0458,3905.26,card,Yes,588465,9,6,1,0,0,0,0,0,0,0,0,0,0,44
TXN0001762,2024-01-21T06:42:00,20,M0118,Retail,mid,C00539,88,12,6184,0.0646,5174.63,card,Yes,531130,6,6,1,0,0,0,0,0,0,1,0,0,0,50
TXN0001763,2024-01-21T05:37:00,20,M0160,Services,mid,C01234,278,9,3464,0.0809,11550.27,card,Canara,570990,5,6,1,0,0,0,0,0,0,1,1,1,0,12
TXN0001764,2024-01-21T13:19:00,20,M0146,Food,mid,C01419,11,2,726,0.1334,270.08,upi,HDFC,482446,13,6,1,0,0,0,0,0,0,1,0,0,1,60
TXN0001765,2024-01-21T07:41:00,20,M0082,B2B,high,C01239,20,3,1092,0.1306,46905.04,netbanking,Kotak,493745,7,6,1,0,1,1,0,0,0,1,1,1,0,17
TXN0001766,2024-01-21T06:32:00,20,M0004,Logistics,low,C01466,15,3,1413,0.1741,8314.04,netbanking,Kotak,431308,6,6,1,0,0,1,0,0,0,0,0,0,1,50
TXN0001767,2024-01-21T12:29:00,20,M0012,Food,low,C01175,16,1,944,0.0192,538.7,upi,PNB,553868,12,6,1,0,2,2,0,0,0,1,0,0,0,35
TXN0001768,2024-01-21T20:13:00,20,M0025,Food,mid,C00351,767,93,8574,0.0491,7296.98,wallet,SBI,435773,20,6,1,0,0,0,0,0,0,0,0,0,0,19
TXN0001769,2024-01-21T09:01:00,20,M0095,Food,low,C00795,954,90,24116,0.0144,15192.58,card,Yes,420173,9,6,1,0,1,1,0,0,0,1,1,1,0,51
TXN0001770,2024-01-21T18:37:00,20,M0195,Food,high,C00530,869,86,24248,0.023,8960.31,card,Axis,524952,18,6,1,0,0,0,0,0,0,0,0,0,0,56
TXN0001771,2024-01-21T17:47:00,20,M0184,Logistics,high,C00550,194,13,1402,0.0991,9097.88,upi,ICICI,588968,17,6,1,0,0,0,0,0,0,0,0,0,0,51
TXN0001772,2024-01-21T06:15:00,20,M0083,B2B,low,C01369,11,1,1181,0.2256,40719.13,wallet,PNB,462911,6,6,1,0,1,1,1,0,0,0,1,1,0,60
TXN0001773,2024-01-21T05:43:00,20,M0157,SaaS,mid,C01322,135,8,2793,0.0247,757.13,netbanking,Kotak,536068,5,6,1,0,0,0,0,0,0,0,1,1,0,27
TXN0001774,2024-01-21T20:35:00,20,M0081,Logistics,high,C00229,11,1,1480,0.1655,10268.62,upi,HDFC,584366,20,6,1,0,0,0,0,0,0,0,0,0,0,44
TXN0001775,2024-01-21T14:49:00,20,M0075,Retail,mid,C00336,12,3,1592,0.2711,2035.72,upi,Yes,593687,14,6,1,0,0,0,0,0,0,0,0,0,1,33
TXN0001776,2024-01-21T09:22:00,20,M0181,Food,high,C01308,11,4,1563,0.0613,687.05,wallet,PNB,544974,9,6,1,0,0,0,0,0,0,1,0,0,0,23
TXN0001777,2024-01-21T15:26:00,20,M0020,B2B,low,C00189,240,9,5249,0.0397,20260.36,netbanking,Axis,501940,15,6,1,0,0,0,0,0,0,0,0,0,0,19
TXN0001778,2024-01-21T04:54:00,20,M0193,B2B,low,C01425,25,4,1901,0.0218,9076.13,card,ICICI,538055,4,6,1,0,0,1,0,0,0,0,0,1,1,71
TXN0001779,2024-01-21T17:17:00,20,M0151,Food,low,C00525,196,14,3844,0.122,1484.5,netbanking,SBI,577966,17,6,1,0,0,1,0,0,0,0,0,0,0,38
TXN0001780,2024-01-21T07:18:00,20,M0059,Logistics,mid,C01165,811,91,9676,0.0017,8300.26,wallet,Kotak,499328,7,6,1,0,0,0,0,0,0,1,0,0,0,47
TXN0001781,2024-01-21T23:30:00,20,M0156,Services,mid,C00469,906,112,18797,0.0674,19173.07,netbanking,Axis,561283,23,6,1,0,0,0,0,0,0,0,0,0,0,69
TXN0001782,2024-01-21T09:10:00,20,M0033,Logistics,low,C00903,25,4,727,0.0815,5815.73,wallet,SBI,447298,9,6,1,0,0,1,0,0,0,0,0,0,1,41
TXN0001783,2024-01-21T15:22:00,20,M0037,Retail,mid,C00089,216,12,6305,0.0219,2267.02,wallet,Canara,454981,15,6,1,0,0,0,0,0,0,0,0,0,0,18
TXN0001784,2024-01-22T15:23:00,21,M0135,Retail,low,C00699,115,19,2458,0.0619,4204.05,netbanking,ICICI,590647,15,0,0,10,0,0,0,0,0,0,0,0,0,60
TXN0001785,2024-01-22T22:42:00,21,M0129,Services,low,C01154,150,18,5285,0.0879,7260.53,card,Kotak,435364,22,0,0,0,0,2,0,0,0,1,1,1,0,28
TXN0001786,2024-01-22T16:20:00,21,M0048,SaaS,mid,C00410,17,3,1752,0.01,2190.99,netbanking,HDFC,548139,16,0,0,0,0,0,0,0,0,1,0,0,0,30
TXN0001787,2024-01-22T22:29:00,21,M0037,Retail,mid,C00567,17,2,1649,0.1358,3312.89,card,Kotak,466713,22,0,0,0,0,0,0,0,0,1,0,0,0,48
TXN0001788,2024-01-22T19:37:00,21,M0188,Logistics,mid,C00058,6,2,1129,0.0777,4086.73,card,Kotak,476252,19,0,0,0,0,0,0,0,0,0,0,0,1,14
TXN0001789,2024-01-22T06:09:00,21,M0112,Logistics,mid,C00786,74,7,3571,0.0818,11289.85,upi,ICICI,540211,6,0,0,0,0,0,0,0,0,0,0,0,0,30
TXN0001790,2024-01-22T07:55:00,21,M0005,Logistics,high,C00294,20,1,771,0.1142,7455.62,netbanking,Canara,481855,7,0,0,6,0,0,0,0,0,0,0,0,1,42
TXN0001791,2024-01-22T12:40:00,21,M0164,Logistics,high,C00484,126,18,5625,0.0606,14663.25,card,ICICI,445622,12,0,0,0,0,0,0,0,0,1,0,0,1,22
TXN0001792,2024-01-22T07:08:00,21,M0049,Services,mid,C00833,176,19,6110,0.0399,9926.45,upi,Yes,409714,7,0,0,0,0,0,0,0,0,0,0,0,0,30
TXN0001793,2024-01-22T19:51:00,21,M0142,Retail,mid,C01480,19,4,906,0.0555,1911.88,netbanking,HDFC,454080,19,0,0,0,0,0,0,0,0,1,0,0,1,59
TXN0001794,2024-01-22T08:16:00,21,M0072,SaaS,high,C00324,271,6,2761,0.0283,3046.46,wallet,HDFC,472743,8,0,0,0,0,0,0,0,0,0,0,0,0,33
TXN0001795,2024-01-22T16:23:00,21,M0042,Logistics,mid,C00292,13,1,1840,0.0605,3524.45,wallet,HDFC,582086,16,0,0,0,0,0,0,0,0,1,0,0,0,60
TXN0001796,2024-01-22T05:27:00,21,M0130,Food,low,C01274,81,6,3286,0.0105,1562.99,card,ICICI,425131,5,0,0,0,0,0,0,1,0,0,1,1,0,72
TXN0001797,2024-01-22T00:22:00,21,M0174,SaaS,low,C00651,21,1,1571,0.0791,1049.85,upi,Axis,488710,0,0,0,0,0,0,0,1,0,0,1,1,0,69
TXN0001798,2024-01-22T15:28:00,21,M0090,Logistics,mid,C01029,18,2,615,0.0338,6991.63,upi,Kotak,455835,15,0,0,0,0,1,0,0,0,1,0,0,1,42
TXN0001799,2024-01-22T13:43:00,21,M0083,B2B,low,C00826,159,20,3199,0.088,25021.58,wallet,Canara,447529,13,0,0,0,0,0,1,0,0,1,1,1,0,60
TXN0001800,2024-01-22T20:16:00,21,M0130,Food,low,C00219,7,1,1716,0.0124,1395.75,card,Canara,488133,20,0,0,0,0,0,0,0,0,0,0,0,1,18
TXN0001801,2024-01-22T15:50:00,21,M0005,Logistics,high,C00017,816,60,12299,0.0135,31862.12,card,HDFC,547512,15,0,0,0,0,2,0,0,0,0,0,0,0,26
TXN0001802,2024-01-22T19:17:00,21,M0175,Food,low,C01292,226,7,1633,0.3705,607.59,wallet,Yes,539089,19,0,0,0,0,0,0,0,0,0,0,0,0,61
TXN0001803,2024-01-22T18:33:00,21,M0184,Logistics,high,C00454,11,3,933,0.0749,2127.61,wallet,HDFC,562295,18,0,0,0,0,0,0,0,0,0,1,1,0,38
TXN0001804,2024-01-22T18:14:00,21,M0117,SaaS,low,C01210,5,3,1470,0.1267,569.13,upi,ICICI,411307,18,0,0,0,0,0,0,0,1,0,0,0,1,50
TXN0001805,2024-01-22T15:29:00,21,M0166,SaaS,mid,C00906,217,13,6576,0.0693,3766.11,upi,HDFC,499071,15,0,0,0,0,2,0,1,0,0,1,1,0,33
TXN0001806,2024-01-22T19:06:00,21,M0062,B2B,low,C00929,9,4,1841,0.0442,9110.55,upi,Yes,425112,19,0,0,0,0,0,0,1,0,1,1,1,0,71
TXN0001807,2024-01-22T17:07:00,21,M0019,Services,mid,C01118,9,3,1462,0.0622,3431.99,netbanking,ICICI,421381,17,0,0,0,0,1,0,1,0,0,0,1,1,39
TXN0001808,2024-01-22T11:36:00,21,M0058,B2B,low,C00367,165,13,4137,0.1283,31092.42,upi,Canara,405180,11,0,0,0,0,0,0,0,0,1,0,0,0,32
TXN0001809,2024-01-22T10:02:00,21,M0064,Food,high,C00617,275,10,5677,0.1505,6711.8,netbanking,HDFC,486857,10,0,0,0,0,2,0,0,0,0,0,0,0,51
TXN0001810,2024-01-22T18:26:00,21,M0084,B2B,mid,C00004,9,3,830,0.1613,13996.14,card,SBI,400624,18,0,0,0,0,0,0,0,0,0,0,0,1,56
TXN0001811,2024-01-22T09:49:00,21,M0052,Logistics,mid,C01260,748,94,5318,0.0544,14523.22,upi,Canara,451197,9,0,0,0,0,0,0,0,0,1,0,0,0,65
TXN0001812,2024-01-22T14:24:00,21,M0076,Services,high,C01253,293,20,2557,0.2042,2818.59,netbanking,ICICI,567100,14,0,0,8,0,1,0,0,0,0,0,0,0,43
TXN0001813,2024-01-22T19:20:00,21,M0031,Food,mid,C00849,21,1,630,0.0762,563.12,wallet,ICICI,490327,19,0,0,0,0,0,0,0,0,1,0,0,0,44
TXN0001814,2024-01-22T18:09:00,21,M0191,Logistics,high,C01191,67,12,1391,0.2025,9464.02,wallet,Kotak,555724,18,0,0,0,0,0,0,0,0,1,0,0,0,39
TXN0001815,2024-01-22T05:57:00,21,M0176,SaaS,low,C00625,9,2,1060,0.0287,903.88,netbanking,Kotak,494136,5,0,0,0,0,0,0,0,0,1,1,1,0,47
TXN0001816,2024-01-22T18:21:00,21,M0044,Logistics,low,C00440,21,2,1351,0.1088,4967.77,wallet,Yes,526949,18,0,0,0,0,1,0,0,0,0,0,0,0,69
TXN0001817,2024-01-22T18:04:00,21,M0162,Services,high,C00304,220,18,4469,0.1126,3764.59,wallet,SBI,455538,18,0,0,14,0,1,0,0,0,1,0,0,0,29
TXN0001818,2024-01-22T12:46:00,21,M0041,B2B,low,C01123,182,15,6346,0.1537,12950.41,wallet,SBI,431658,12,0,0,0,0,0,0,0,0,0,0,0,0,14
TXN0001819,2024-01-22T03:37:00,21,M0167,SaaS,low,C01236,957,100,4823,0.0537,3211.39,wallet,Kotak,438282,3,0,0,0,0,1,0,0,0,0,1,1,0,24
TXN0001820,2024-01-22T11:12:00,21,M0141,Logistics,low,C00017,816,60,12299,0.0135,28210.24,upi,Kotak,464614,11,0,0,1,1,3,0,0,0,1,1,1,0,33
TXN0001821,2024-01-22T19:05:00,21,M0058,B2B,low,C01222,809,61,11869,0.0028,29026.67,netbanking,PNB,429364,19,0,0,12,0,2,0,0,0,1,0,0,0,58
TXN0001822,2024-01-22T11:19:00,21,M0051,Food,low,C01490,5,4,570,0.0627,702.6,netbanking,Axis,546183,11,0,0,0,0,0,0,0,0,1,0,0,0,68
TXN0001823,2024-01-22T16:21:00,21,M0086,Retail,high,C00273,104,14,6033,0.1228,3893.53,upi,Kotak,439682,16,0,0,0,0,0,0,0,0,1,0,0,0,31
TXN0001824,2024-01-22T18:53:00,21,M0162,Services,high,C01211,878,79,20212,0.0123,13498.01,wallet,PNB,433568,18,0,0,0,0,0,0,0,0,0,1,1,0,23
TXN0001825,2024-01-22T21:46:00,21,M0055,Services,mid,C00485,260,20,2464,0.0804,4208.11,card,Yes,572691,21,0,0,0,0,0,1,0,0,0,1,1,0,37
TXN0001826,2024-01-22T16:13:00,21,M0177,Food,low,C00422,8,4,941,0.0724,668.56,upi,ICICI,416386,16,0,0,0,0,0,0,0,0,1,1,1,0,27
TXN0001827,2024-01-22T07:18:00,21,M0170,Logistics,mid,C00422,8,4,941,0.0724,6703.86,upi,Canara,417940,7,0,0,1,1,1,0,0,0,0,0,0,0,68
TXN0001828,2024-01-22T13:37:00,21,M0155,SaaS,mid,C00441,144,16,3404,0.0449,1377.71,card,Yes,513565,13,0,0,0,0,1,1,0,0,0,1,1,0,25
TXN0001829,2024-01-22T18:54:00,21,M0156,Services,mid,C00869,17,2,715,0.0491,3043.9,wallet,Kotak,440152,18,0,0,0,0,0,1,0,0,0,1,1,0,33
TXN0001830,2024-01-22T18:03:00,21,M0026,Retail,high,C00644,211,17,6121,0.065,1871.5,upi,SBI,592103,18,0,0,0,0,0,0,0,0,0,1,1,0,59
TXN0001831,2024-01-22T10:26:00,21,M0101,Food,low,C01060,157,10,4057,0.1045,686.39,upi,SBI,501407,10,0,0,0,0,1,0,0,0,1,0,0,0,45
TXN0001832,2024-01-22T00:15:00,21,M0010,SaaS,high,C00805,90,12,6845,0.0346,7694.78,wallet,Yes,504589,0,0,0,0,0,0,0,0,0,0,0,0,0,15
TXN0001833,2024-01-22T12:41:00,21,M0112,Logistics,mid,C00492,12,1,822,0.0267,14948.77,netbanking,Yes,577068,12,0,0,0,0,0,0,0,0,0,1,1,0,59
TXN0001834,2024-01-22T18:55:00,21,M0125,Retail,low,C00960,154,7,7188,0.0316,18060.18,card,PNB,451603,18,0,0,0,0,0,0,0,0,0,1,1,0,34
TXN0001835,2024-01-22T20:29:00,21,M0118,Retail,mid,C01408,162,5,2506,0.0998,2526.57,netbanking,HDFC,535163,20,0,0,12,0,0,0,0,0,0,0,0,0,39
TXN0001836,2024-01-22T11:55:00,21,M0020,B2B,low,C00096,97,5,3271,0.041,19519.14,netbanking,HDFC,576782,11,0,0,0,0,0,0,0,0,1,0,0,0,48
TXN0001837,2024-01-22T10:50:00,21,M0111,Logistics,low,C01065,288,10,5394,0.1014,2449.17,card,ICICI,555298,10,0,0,0,0,0,1,0,0,0,0,1,0,52
TXN0001838,2024-01-22T13:36:00,21,M0164,Logistics,high,C00297,803,58,20383,0.0156,16741.75,upi,ICICI,537555,13,0,0,0,0,0,0,0,0,0,1,1,0,35
TXN0001839,2024-01-22T03:33:00,21,M0116,Services,low,C00862,226,19,6713,0.0589,6759.18,upi,Yes,433736,3,0,0,0,0,0,0,0,0,0,1,1,0,22
TXN0001840,2024-01-22T18:05:00,21,M0130,Food,low,C00219,7,1,1716,0.0124,1055.09,netbanking,SBI,586959,18,0,0,1,1,1,0,0,0,0,0,0,1,55
TXN0001841,2024-01-22T15:31:00,21,M0109,Services,low,C00373,259,5,2423,0.0326,4622.02,wallet,Axis,556274,15,0,0,0,0,0,0,0,0,1,0,0,0,18
TXN0001842,2024-01-22T11:34:00,21,M0196,Retail,low,C00675,765,119,10400,0.0,2804.98,wallet,Kotak,555387,11,0,0,0,0,1,0,0,0,0,0,0,1,44
TXN0001843,2024-01-22T10:44:00,21,M0112,Logistics,mid,C00667,24,2,1269,0.1222,6950.36,card,ICICI,598742,10,0,0,0,0,1,0,0,0,0,0,0,0,32
TXN0001844,2024-01-22T18:03:00,21,M0130,Food,low,C01112,167,12,6759,0.0311,2983.71,netbanking,PNB,562439,18,0,0,0,0,0,1,0,0,0,1,1,0,59
TXN0001845,2024-01-22T13:31:00,21,M0056,Retail,low,C01117,9,1,1001,0.0185,1727.05,netbanking,ICICI,406687,13,0,0,0,0,0,0,0,0,0,0,0,0,64
TXN0001846,2024-01-22T19:23:00,21,M0034,Retail,high,C01251,171,11,1704,0.0976,2630.29,card,PNB,515500,19,0,0,0,0,0,0,0,0,0,0,0,0,28
TXN0001847,2024-01-22T07:49:00,21,M0079,Retail,high,C00194,804,87,4378,0.0061,1933.4,netbanking,HDFC,563124,7,0,0,0,0,1,0,0,0,0,1,1,0,60
TXN0001848,2024-01-22T21:31:00,21,M0130,Food,low,C00375,745,80,15204,0.0135,7432.68,netbanking,PNB,584109,21,0,0,0,0,1,0,0,0,0,1,1,0,44
TXN0001849,2024-01-22T17:41:00,21,M0068,B2B,low,C00972,154,6,1551,0.1387,23706.92,wallet,Canara,422361,17,0,0,0,0,0,0,0,0,0,0,0,0,17
TXN0001850,2024-01-22T16:39:00,21,M0117,SaaS,low,C01232,24,1,1095,0.0993,2100.6,card,SBI,599734,16,0,0,0,0,0,0,1,0,0,0,1,1,37
TXN0001851,2024-01-22T16:38:00,21,M0100,Retail,low,C01065,288,10,5394,0.1014,8797.6,netbanking,SBI,468557,16,0,0,0,1,1,0,0,0,1,0,0,0,22
TXN0001852,2024-01-22T06:51:00,21,M0010,SaaS,high,C00907,756,91,17173,0.0372,20821.24,wallet,ICICI,407936,6,0,0,0,0,0,0,0,0,0,0,0,0,72
TXN0001853,2024-01-22T14:03:00,21,M0161,Services,mid,C01392,141,9,4275,0.1374,5157.34,card,Yes,478648,14,0,0,13,0,0,0,0,0,0,0,0,0,16
TXN0001854,2024-01-22T16:32:00,21,M0071,Retail,low,C01477,9,3,641,0.0741,1286.48,upi,SBI,413244,16,0,0,0,0,0,0,0,0,0,0,0,0,48
TXN0001855,2024-01-22T22:28:00,21,M0010,SaaS,high,C00638,211,19,3665,0.127,4113.49,card,ICICI,453623,22,0,0,0,0,0,0,1,0,0,1,1,0,31
TXN0001856,2024-01-22T18:36:00,21,M0016,Services,high,C00598,256,19,3365,0.1542,6956.62,netbanking,SBI,568241,18,0,0,0,0,0,0,0,0,1,0,0,0,64
TXN0001857,2024-01-22T17:57:00,21,M0026,Retail,high,C01013,873,78,11441,0.016,7326.89,upi,Kotak,553821,17,0,0,8,0,0,0,0,0,1,0,0,0,69
TXN0001858,2024-01-22T06:25:00,21,M0107,SaaS,mid,C01431,750,96,16088,0.0245,12942.81,wallet,SBI,456145,6,0,0,0,0,0,0,0,0,0,0,0,0,60
TXN0001859,2024-01-22T14:36:00,21,M0114,Logistics,mid,C00947,734,113,24589,0.037,18900.92,upi,SBI,444895,14,0,0,13,0,1,0,0,0,0,0,0,0,39
TXN0001860,2024-01-22T08:32:00,21,M0198,Food,mid,C00329,755,71,21805,0.0102,16053.45,netbanking,PNB,489256,8,0,0,0,0,1,0,0,0,0,0,0,1,50
TXN0001861,2024-01-22T14:46:00,21,M0022,Retail,low,C01348,868,116,13563,0.0197,14469.98,wallet,Canara,406719,14,0,0,8,0,0,0,0,0,1,0,0,0,35
TXN0001862,2024-01-23T10:30:00,22,M0188,Logistics,mid,C01005,24,1,1586,0.0437,9641.15,upi,Axis,433807,10,1,0,0,0,0,0,0,0,0,0,0,1,41
TXN0001863,2024-01-23T12:19:00,22,M0094,SaaS,high,C00039,99,18,2442,0.1739,1365.05,wallet,Axis,425701,12,1,0,0,0,0,0,0,0,0,0,0,0,54
TXN0001864,2024-01-23T00:35:00,22,M0108,Food,high,C00864,22,3,937,0.0258,552.52,wallet,Kotak,429676,0,1,0,0,0,0,0,0,0,0,0,0,0,27
TXN0001865,2024-01-23T15:42:00,22,M0153,Food,low,C01234,278,9,3464,0.0809,5233.0,wallet,Axis,544624,15,1,0,0,0,1,0,0,0,0,0,0,0,49
TXN0001866,2024-01-23T12:35:00,22,M0135,Retail,low,C00306,139,18,6979,0.0673,3953.67,card,Canara,542454,12,1,0,0,0,0,0,0,0,1,0,0,0,52
TXN0001867,2024-01-23T02:33:00,22,M0092,Food,low,C00272,20,3,1722,0.0965,462.79,netbanking,HDFC,541867,2,1,0,0,0,1,0,0,0,1,1,1,0,58
TXN0001868,2024-01-23T13:57:00,22,M0039,Logistics,mid,C00836,932,88,5871,0.004,14027.13,wallet,Canara,575817,13,1,0,0,0,0,0,1,0,0,1,1,0,42
TXN0001869,2024-01-23T13:50:00,22,M0019,Services,mid,C01091,62,16,2796,0.1742,1577.83,wallet,ICICI,414505,13,1,0,0,0,0,0,0,0,1,0,0,0,29
TXN0001870,2024-01-23T11:33:00,22,M0142,Retail,mid,C01419,11,2,726,0.1334,1557.23,card,Yes,523876,11,1,0,0,0,1,0,0,0,0,0,0,1,66
TXN0001871,2024-01-23T07:25:00,22,M0052,Logistics,mid,C01227,273,18,1786,0.038,9272.16,netbanking,HDFC,407082,7,1,0,0,0,0,0,0,0,0,0,0,0,70
TXN0001872,2024-01-23T17:10:00,22,M0130,Food,low,C00878,273,9,7241,0.0281,3233.31,netbanking,Canara,595989,17,1,0,0,0,0,0,0,0,0,0,0,0,43
TXN0001873,2024-01-23T18:15:00,22,M0095,Food,low,C00559,119,13,7644,0.0554,2841.23,wallet,SBI,439190,18,1,0,0,0,0,0,0,0,0,0,0,0,31
TXN0001874,2024-01-23T10:15:00,22,M0096,Food,mid,C01495,123,12,3053,0.0454,4032.57,wallet,Canara,581632,10,1,0,0,0,0,1,0,0,0,1,1,0,66
TXN0001875,2024-01-23T09:15:00,22,M0137,B2B,mid,C01416,206,7,6172,0.1246,12738.32,upi,Canara,489663,9,1,0,0,0,2,0,0,0,1,0,0,0,37
TXN0001876,2024-01-23T10:36:00,22,M0156,Services,mid,C01265,12,1,1705,0.0059,787.08,card,SBI,425143,10,1,0,0,0,1,0,0,0,0,0,0,1,51
TXN0001877,2024-01-23T18:36:00,22,M0079,Retail,high,C00572,739,98,22103,0.0447,17262.77,netbanking,HDFC,526254,18,1,0,0,0,0,0,0,1,0,0,0,0,55
TXN0001878,2024-01-23T01:27:00,22,M0195,Food,high,C00891,261,9,3495,0.0819,3032.18,wallet,Kotak,410757,1,1,0,0,0,0,0,0,0,0,1,1,0,19
TXN0001879,2024-01-23T15:53:00,22,M0016,Services,high,C00928,10,3,1635,0.0628,4049.33,wallet,SBI,532464,15,1,0,0,0,0,1,0,0,0,1,1,0,12
TXN0001880,2024-01-23T11:04:00,22,M0199,SaaS,mid,C01314,82,9,3281,0.0539,1426.24,netbanking,Yes,595112,11,1,0,0,0,0,1,0,0,0,0,1,0,32
TXN0001881,2024-01-23T01:55:00,22,M0067,Food,mid,C01255,21,3,706,0.0285,1470.77,card,Canara,568156,1,1,0,0,0,0,0,0,0,1,1,1,0,72
TXN0001882,2024-01-23T12:21:00,22,M0095,Food,low,C00519,12,3,1935,0.1677,1388.65,wallet,ICICI,494558,12,1,0,10,0,0,0,0,1,1,0,0,0,65
TXN0001883,2024-01-23T10:26:00,22,M0199,SaaS,mid,C01377,16,3,1214,0.1358,1744.38,upi,Yes,568799,10,1,0,0,0,1,0,0,0,0,1,1,0,33
TXN0001884,2024-01-23T19:36:00,22,M0124,Retail,low,C01101,22,3,1785,0.1531,3573.74,card,Yes,439952,19,1,0,0,0,0,0,0,0,0,0,0,0,61
TXN0001885,2024-01-23T19:37:00,22,M0145,SaaS,low,C01498,12,2,1312,0.0618,2578.54,card,SBI,421144,19,1,0,0,0,0,0,0,0,0,0,0,1,49
TXN0001886,2024-01-23T16:15:00,22,M0012,Food,low,C00267,149,14,3810,0.0835,2062.02,card,ICICI,468989,16,1,0,0,0,0,0,0,0,1,0,0,0,43
TXN0001887,2024-01-23T18:47:00,22,M0136,Logistics,mid,C00026,18,3,1611,0.0667,5085.05,upi,Yes,545174,18,1,0,0,0,0,0,0,0,1,0,0,1,35
TXN0001888,2024-01-23T07:30:00,22,M0142,Retail,mid,C01179,251,13,7683,0.0651,6614.77,netbanking,Canara,541677,7,1,0,0,0,0,0,0,0,0,0,0,0,42
TXN0001889,2024-01-23T23:53:00,22,M0116,Services,low,C01271,219,20,3291,0.0181,10324.03,wallet,Yes,508796,23,1,0,0,0,0,0,0,0,0,0,0,1,37
TXN0001890,2024-01-23T18:42:00,22,M0109,Services,low,C01098,21,2,1988,0.0213,2964.53,netbanking,HDFC,444219,18,1,0,0,0,0,0,0,0,1,0,0,0,71
TXN0001891,2024-01-23T07:27:00,22,M0198,Food,mid,C00271,11,2,1070,0.1758,233.16,card,Axis,505878,7,1,0,0,0,0,0,0,0,0,0,0,0,72
TXN0001892,2024-01-23T06:23:00,22,M0015,Services,low,C01350,278,9,2345,0.1225,2481.91,netbanking,Canara,449193,6,1,0,0,0,1,0,0,0,0,0,0,0,65
TXN0001893,2024-01-23T09:39:00,22,M0147,SaaS,mid,C00392,15,2,1141,0.0684,937.22,netbanking,Kotak,573415,9,1,0,0,0,0,0,0,0,1,0,0,1,57
TXN0001894,2024-01-23T10:33:00,22,M0192,B2B,mid,C00643,761,97,20985,0.0702,62117.55,wallet,ICICI,595521,10,1,0,0,0,0,0,0,0,0,1,1,0,40
TXN0001895,2024-01-23T11:32:00,22,M0124,Retail,low,C01207,103,11,3847,0.1379,5168.24,card,Kotak,427386,11,1,0,0,0,0,0,0,0,1,0,0,0,39
TXN0001896,2024-01-23T22:54:00,22,M0060,Services,high,C00637,199,12,2417,0.0887,3106.55,card,Canara,580642,22,1,0,0,0,0,0,0,0,0,0,0,0,13
TXN0001897,2024-01-23T12:43:00,22,M0024,B2B,mid,C00736,885,113,21326,0.0296,28967.88,upi,ICICI,452850,12,1,0,0,0,1,0,0,0,0,0,0,0,44
TXN0001898,2024-01-23T14:30:00,22,M0017,B2B,low,C00031,114,19,3677,0.0731,30879.84,netbanking,Yes,539517,14,1,0,0,0,0,0,0,0,0,1,1,0,66
TXN0001899,2024-01-23T12:38:00,22,M0054,Retail,mid,C00785,9,1,1029,0.1564,5513.64,netbanking,SBI,522788,12,1,0,0,0,0,0,0,0,0,0,0,0,53
TXN0001900,2024-01-23T01:19:00,22,M0005,Logistics,high,C01217,960,117,8732,0.0057,14448.76,netbanking,Yes,586962,1,1,0,0,0,2,0,0,0,0,1,1,0,51
TXN0001901,2024-01-23T09:03:00,22,M0012,Food,low,C01047,82,16,3732,0.0328,939.48,wallet,Axis,511862,9,1,0,0,0,0,0,1,0,0,1,1,0,28
TXN0001902,2024-01-23T04:37:00,22,M0053,Retail,low,C00299,8,4,1219,0.0488,3739.13,netbanking,Kotak,554587,4,1,0,0,0,0,0,1,0,0,1,1,0,64
TXN0001903,2024-01-23T18:53:00,22,M0194,Retail,mid,C00704,116,9,5699,0.0142,7361.0,upi,Canara,440982,18,1,0,0,0,0,0,0,0,0,0,0,0,56
TXN0001904,2024-01-23T07:54:00,22,M0080,Logistics,low,C00183,101,17,6050,0.1691,4603.64,card,Yes,475637,7,1,0,0,0,1,0,0,0,1,0,0,1,14
TXN0001905,2024-01-23T08:16:00,22,M0010,SaaS,high,C00845,903,109,7297,0.0375,4670.63,card,SBI,485469,8,1,0,0,0,0,0,0,0,0,0,0,0,67
TXN0001906,2024-01-23T12:22:00,22,M0124,Retail,low,C00659,113,16,1445,0.1625,1248.42,card,PNB,528569,12,1,0,0,0,0,0,0,0,0,0,0,0,41
TXN0001907,2024-01-23T09:41:00,22,M0014,Logistics,high,C00430,876,104,3418,0.0136,3676.8,card,Yes,475634,9,1,0,0,0,0,0,0,0,0,0,0,0,60
TXN0001908,2024-01-23T15:39:00,22,M0116,Services,low,C00590,749,116,6582,0.0124,5791.97,card,Yes,445319,15,1,0,9,0,0,0,0,0,0,0,0,0,43
TXN0001909,2024-01-23T21:27:00,22,M0050,Logistics,high,C01393,160,7,3841,0.0843,5443.14,wallet,Yes,508847,21,1,0,0,0,0,0,0,0,1,0,0,0,14
TXN0001910,2024-01-23T09:12:00,22,M0170,Logistics,mid,C00157,67,9,7952,0.0952,25500.09,card,ICICI,477325,9,1,0,0,0,0,0,0,0,1,0,0,0,42
TXN0001911,2024-01-23T07:39:00,22,M0027,Services,high,C00688,102,19,2995,0.0255,3986.12,upi,Axis,446821,7,1,0,0,0,1,0,0,0,1,0,0,0,24
TXN0001912,2024-01-23T11:17:00,22,M0044,Logistics,low,C01446,83,11,7007,0.0191,13940.54,wallet,Axis,446134,11,1,0,11,0,0,0,0,0,0,0,0,0,34
TXN0001913,2024-01-23T23:35:00,22,M0075,Retail,mid,C00697,211,15,4432,0.0478,2556.38,card,HDFC,563193,23,1,0,0,0,0,0,0,0,0,0,0,1,39
TXN0001914,2024-01-23T14:31:00,22,M0130,Food,low,C01243,240,17,5202,0.0226,2332.36,netbanking,Canara,471531,14,1,0,0,0,0,0,0,0,1,0,0,0,54
TXN0001915,2024-01-23T21:33:00,22,M0021,SaaS,mid,C01225,284,15,7589,0.1303,3152.46,wallet,PNB,513897,21,1,0,0,0,0,0,0,0,0,0,0,0,71
TXN0001916,2024-01-23T11:58:00,22,M0136,Logistics,mid,C00755,8,2,1515,0.1589,6392.35,wallet,Yes,579414,11,1,0,0,0,0,0,0,0,0,0,0,0,17
TXN0001917,2024-01-23T16:59:00,22,M0004,Logistics,low,C00696,22,2,823,0.2265,5870.23,netbanking,PNB,559861,16,1,0,0,0,0,1,0,0,1,1,1,0,33
TXN0001918,2024-01-23T09:21:00,22,M0133,SaaS,mid,C00613,294,20,7531,0.0191,2826.95,upi,HDFC,578815,9,1,0,0,0,0,0,0,0,0,0,0,0,67
TXN0001919,2024-01-23T07:07:00,22,M0184,Logistics,high,C01492,24,1,1137,0.1009,14945.21,netbanking,Canara,564953,7,1,0,0,0,0,0,0,0,1,0,0,1,50
TXN0001920,2024-01-23T12:20:00,22,M0176,SaaS,low,C00822,175,15,6992,0.2517,2305.92,netbanking,SBI,466454,12,1,0,0,0,0,0,0,0,0,0,0,1,41
TXN0001921,2024-01-23T16:59:00,22,M0072,SaaS,high,C01449,25,4,501,0.0588,992.3,wallet,SBI,405022,16,1,0,0,0,1,0,0,0,0,0,0,0,47
TXN0001922,2024-01-23T21:56:00,22,M0026,Retail,high,C00338,744,95,21600,0.0159,18976.6,upi,PNB,576705,21,1,0,1,0,0,0,0,0,0,1,1,0,18
TXN0001923,2024-01-23T10:13:00,22,M0175,Food,low,C00651,21,1,1571,0.0791,1358.97,card,Canara,525461,10,1,0,12,0,1,0,0,0,0,0,0,1,23
TXN0001924,2024-01-23T07:43:00,22,M0196,Retail,low,C00753,245,8,2753,0.1068,1869.64,netbanking,Canara,465909,7,1,0,0,0,0,0,0,0,1,0,0,0,71
TXN0001925,2024-01-23T15:32:00,22,M0060,Services,high,C00143,1000,104,6643,0.0326,9979.16,card,HDFC,555453,15,1,0,0,0,1,0,0,0,0,0,0,0,25
TXN0001926,2024-01-23T08:52:00,22,M0164,Logistics,high,C01337,137,13,4759,0.0393,24770.92,netbanking,Yes,444240,8,1,0,0,0,0,0,0,0,0,1,1,0,20
TXN0001927,2024-01-23T19:32:00,22,M0054,Retail,mid,C00285,799,102,4942,0.075,13037.76,wallet,Canara,482649,19,1,0,0,0,0,0,0,0,0,0,0,0,26
TXN0001928,2024-01-23T00:43:00,22,M0088,Food,low,C00361,299,20,5691,0.0205,1196.08,upi,Yes,473633,0,1,0,0,0,0,1,0,0,0,1,1,0,41
TXN0001929,2024-01-23T15:12:00,22,M0128,B2B,high,C00418,218,14,5164,0.1062,22244.07,wallet,Kotak,443812,15,1,0,0,0,0,0,0,0,1,0,0,0,16
TXN0001930,2024-01-23T10:18:00,22,M0047,Logistics,low,C00831,205,13,3911,0.051,17635.42,card,PNB,556200,10,1,0,0,0,0,0,0,0,0,0,0,0,12
TXN0001931,2024-01-23T13:49:00,22,M0022,Retail,low,C01415,250,20,2725,0.1037,1834.89,wallet,Canara,431621,13,1,0,0,0,0,0,0,0,0,1,1,0,30
TXN0001932,2024-01-23T11:19:00,22,M0154,Retail,low,C00579,15,4,1845,0.033,5272.77,card,PNB,407667,11,1,0,0,0,2,0,0,0,0,0,0,1,23
TXN0001933,2024-01-23T11:19:00,22,M0040,SaaS,mid,C01027,177,10,5728,0.0384,3254.67,netbanking,Canara,538366,11,1,0,0,0,0,0,0,0,0,0,0,0,44
TXN0001934,2024-01-23T05:45:00,22,M0085,SaaS,mid,C00088,270,16,1887,0.1236,1425.01,upi,SBI,522880,5,1,0,0,0,0,0,0,0,0,0,0,1,53
TXN0001935,2024-01-23T22:40:00,22,M0035,SaaS,mid,C00479,950,116,16784,0.0125,25072.86,card,Axis,411982,22,1,0,0,0,0,0,0,0,1,0,1,0,59
TXN0001936,2024-01-23T15:22:00,22,M0141,Logistics,low,C00307,10,1,525,0.1779,3956.27,wallet,SBI,515082,15,1,0,0,0,1,0,0,0,0,0,0,0,40
TXN0001937,2024-01-23T07:49:00,22,M0136,Logistics,mid,C00320,211,6,4563,0.1454,10541.0,netbanking,Axis,406196,7,1,0,0,0,1,0,0,0,1,0,0,0,13
TXN0001938,2024-01-23T15:37:00,22,M0097,Services,low,C01081,245,20,7234,0.042,3329.97,card,ICICI,475910,15,1,0,6,0,0,0,0,0,0,0,0,0,47
TXN0001939,2024-01-23T14:15:00,22,M0029,Retail,high,C00154,270,10,5468,0.0633,6995.63,netbanking,HDFC,473999,14,1,0,0,0,0,1,0,0,0,1,1,0,22
TXN0001940,2024-01-23T14:56:00,22,M0112,Logistics,mid,C00198,25,4,1477,0.1421,18688.24,wallet,Axis,579269,14,1,0,0,0,0,1,0,0,0,0,1,1,29
TXN0001941,2024-01-23T23:07:00,22,M0014,Logistics,high,C01064,99,18,2014,0.1697,24632.12,netbanking,Canara,586626,23,1,0,0,0,0,0,0,0,1,1,1,0,27
TXN0001942,2024-01-23T09:45:00,22,M0121,Food,low,C00841,186,14,1303,0.0839,1815.43,upi,PNB,474153,9,1,0,12,0,0,0,0,0,1,0,0,0,39
TXN0001943,2024-01-23T19:10:00,22,M0105,SaaS,high,C01024,136,10,1176,0.0902,761.3,netbanking,ICICI,425806,19,1,0,0,0,0,0,0,0,0,0,0,0,70
TXN0001944,2024-01-23T07:49:00,22,M0030,B2B,high,C00108,20,2,721,0.0884,11595.31,upi,ICICI,436852,7,1,0,0,0,1,0,0,0,0,0,0,0,26
TXN0001945,2024-01-23T04:28:00,22,M0020,B2B,low,C00817,276,9,2012,0.075,23317.83,wallet,Canara,423497,4,1,0,0,0,0,0,0,0,0,1,1,0,24
TXN0001946,2024-01-23T12:02:00,22,M0136,Logistics,mid,C00470,118,7,5215,0.1511,5544.13,card,SBI,424737,12,1,0,0,0,0,1,0,0,0,0,1,0,56
TXN0001947,2024-01-23T19:53:00,22,M0076,Services,high,C01046,18,4,553,0.0474,817.15,netbanking,PNB,457950,19,1,0,0,0,2,0,0,0,0,0,0,1,60
TXN0001948,2024-01-23T12:46:00,22,M0004,Logistics,low,C00043,285,13,5553,0.0103,30289.97,upi,Axis,406901,12,1,0,0,0,0,0,0,0,0,1,1,0,36
TXN0001949,2024-01-23T11:46:00,22,M0018,SaaS,high,C00976,5,1,1132,0.0574,321.7,card,Kotak,537169,11,1,0,0,0,1,0,0,0,0,0,0,1,44
TXN0001950,2024-01-23T07:49:00,22,M0027,Services,high,C01094,932,69,17616,0.0048,8749.46,card,PNB,451388,7,1,0,0,0,0,0,0,0,0,0,0,0,13
TXN0001951,2024-01-24T10:07:00,23,M0019,Services,mid,C00835,979,88,23266,0.031,6481.52,wallet,Axis,514786,10,2,0,6,0,2,0,0,0,0,0,0,0,62
TXN0001952,2024-01-24T13:16:00,23,M0092,Food,low,C01136,979,55,14910,0.0392,12896.76,card,PNB,483264,13,2,0,11,0,0,0,0,0,0,0,0,0,66
TXN0001953,2024-01-24T11:26:00,23,M0177,Food,low,C00569,66,14,2386,0.1049,776.34,upi,Yes,564103,11,2,0,0,0,0,0,0,0,0,0,0,1,60
TXN0001954,2024-01-24T19:51:00,23,M0094,SaaS,high,C01166,199,7,5684,0.0932,2774.62,card,Axis,491020,19,2,0,0,0,0,0,0,0,0,0,0,0,52
TXN0001955,2024-01-24T13:04:00,23,M0131,Logistics,high,C01322,135,8,2793,0.0247,6851.02,card,SBI,555364,13,2,0,0,0,1,0,0,0,0,0,0,0,43
TXN0001956,2024-01-24T05:15:00,23,M0138,Services,mid,C00765,193,20,7494,0.0847,1577.1,wallet,Yes,545265,5,2,0,0,0,0,0,0,0,0,0,0,0,69
TXN0001957,2024-01-24T00:53:00,23,M0168,Food,high,C01161,141,15,2396,0.4262,1246.8,upi,Kotak,502474,0,2,0,11,0,1,0,0,0,0,0,0,0,16
TXN0001958,2024-01-24T13:56:00,23,M0199,SaaS,mid,C01218,166,13,3533,0.0365,2416.32,wallet,Canara,417424,13,2,0,0,0,1,0,0,0,0,0,0,0,32
TXN0001959,2024-01-24T14:19:00,23,M0047,Logistics,low,C01224,168,17,1803,0.2423,2560.74,upi,Kotak,425241,14,2,0,0,0,0,0,0,0,1,0,0,0,65
TXN0001960,2024-01-24T11:50:00,23,M0041,B2B,low,C00910,845,104,5439,0.0542,41249.92,netbanking,ICICI,542468,11,2,0,0,0,0,0,0,0,0,1,1,0,59
TXN0001961,2024-01-24T11:33:00,23,M0184,Logistics,high,C01099,7,3,792,0.1452,9539.87,netbanking,ICICI,478330,11,2,0,0,0,0,0,0,0,1,0,0,1,27
TXN0001962,2024-01-24T23:47:00,23,M0070,Services,low,C01276,24,3,1037,0.1616,3622.76,card,Yes,515355,23,2,0,0,0,1,0,0,0,1,0,0,1,38
TXN0001963,2024-01-24T04:42:00,23,M0169,Food,low,C00332,9,4,908,0.1434,833.24,upi,HDFC,555678,4,2,0,0,0,1,0,0,0,0,0,0,0,36
TXN0001964,2024-01-24T17:12:00,23,M0143,Logistics,mid,C00857,994,96,3975,0.0102,4437.57,netbanking,PNB,516894,17,2,0,0,0,0,0,1,0,0,1,1,0,50
TXN0001965,2024-01-24T07:03:00,23,M0147,SaaS,mid,C00762,162,16,4897,0.165,1658.52,netbanking,Yes,406109,7,2,0,0,0,0,0,0,0,1,1,1,0,28
TXN0001966,2024-01-24T19:49:00,23,M0076,Services,high,C00561,25,3,576,0.1278,948.31,card,HDFC,442929,19,2,0,0,0,1,0,0,0,0,0,0,0,48
TXN0001967,2024-01-24T10:29:00,23,M0045,Food,high,C01149,892,51,7931,0.0336,1622.93,card,SBI,591845,10,2,0,0,0,0,0,1,0,0,0,1,1,24
TXN0001968,2024-01-24T21:58:00,23,M0198,Food,mid,C00288,208,5,7341,0.1152,2408.12,netbanking,Kotak,440949,21,2,0,0,0,1,0,0,0,0,0,0,0,50
TXN0001969,2024-01-24T15:18:00,23,M0130,Food,low,C01127,140,17,6944,0.0594,3450.17,wallet,Axis,469563,15,2,0,8,0,0,0,0,0,0,0,0,0,66
TXN0001970,2024-01-24T08:33:00,23,M0167,SaaS,low,C01263,11,4,1896,0.0942,813.58,netbanking,Canara,574362,8,2,0,0,0,0,0,0,0,0,0,0,1,72
TXN0001971,2024-01-24T06:01:00,23,M0104,Food,low,C00403,20,3,980,0.0023,1147.46,upi,PNB,574945,6,2,0,0,0,1,0,0,0,0,0,0,0,54
TXN0001972,2024-01-24T17:11:00,23,M0097,Services,low,C00897,64,9,6295,0.0343,10835.91,upi,PNB,454851,17,2,0,0,0,0,0,0,0,0,0,0,0,17
TXN0001973,2024-01-24T07:14:00,23,M0136,Logistics,mid,C01477,9,3,641,0.0741,6772.74,wallet,HDFC,539367,7,2,0,0,0,1,1,0,0,0,1,1,0,54
TXN0001974,2024-01-24T15:27:00,23,M0130,Food,low,C00874,90,18,1903,0.0334,1091.59,netbanking,Axis,560978,15,2,0,0,0,0,0,0,0,1,1,1,0,69
TXN0001975,2024-01-24T08:19:00,23,M0176,SaaS,low,C00685,24,2,629,0.1519,333.17,wallet,Canara,451290,8,2,0,0,0,0,0,0,0,1,0,0,1,46
TXN0001976,2024-01-24T16:32:00,23,M0061,Services,low,C00285,799,102,4942,0.075,5382.12,netbanking,Yes,494348,16,2,0,0,1,1,0,1,0,0,0,1,0,30
TXN0001977,2024-01-24T09:38:00,23,M0175,Food,low,C01321,14,2,1098,0.1209,488.74,netbanking,Axis,493933,9,2,0,0,0,0,0,0,0,0,0,0,0,45
TXN0001978,2024-01-24T13:08:00,23,M0069,SaaS,high,C00798,897,108,3896,0.0264,4428.35,upi,SBI,468005,13,2,0,0,0,0,0,0,0,0,0,0,0,51
TXN0001979,2024-01-24T15:01:00,23,M0134,Services,low,C00566,81,17,5110,0.0665,3057.58,wallet,Kotak,506294,15,2,0,0,0,1,0,0,0,0,0,0,0,69
TXN0001980,2024-01-24T23:17:00,23,M0136,Logistics,mid,C01159,941,100,3249,0.047,10986.34,card,Canara,480141,23,2,0,0,0,0,0,0,0,0,0,0,0,64
TXN0001981,2024-01-24T07:02:00,23,M0011,Food,low,C01206,243,17,4210,0.0573,2636.82,upi,Yes,476193,7,2,0,0,0,0,0,0,0,0,0,0,0,54
TXN0001982,2024-01-24T11:39:00,23,M0084,B2B,mid,C00338,744,95,21600,0.0159,76583.67,netbanking,Axis,442143,11,2,0,0,1,1,1,1,0,0,1,1,0,68
TXN0001983,2024-01-24T19:13:00,23,M0136,Logistics,mid,C00634,92,8,4323,0.2108,2652.29,card,HDFC,595818,19,2,0,0,0,0,0,0,0,0,0,0,0,23
TXN0001984,2024-01-24T18:38:00,23,M0019,Services,mid,C01271,219,20,3291,0.0181,2490.78,netbanking,Axis,592793,18,2,0,0,1,1,0,0,0,0,0,0,0,13
TXN0001985,2024-01-24T12:03:00,23,M0122,Retail,low,C01112,167,12,6759,0.0311,4190.35,netbanking,Kotak,592971,12,2,0,0,0,1,0,0,0,0,0,0,0,53
TXN0001986,2024-01-24T07:51:00,23,M0154,Retail,low,C00897,64,9,6295,0.0343,2471.94,netbanking,PNB,460511,7,2,0,1,1,1,0,0,0,1,0,0,0,39
TXN0001987,2024-01-24T07:00:00,23,M0135,Retail,low,C00587,12,1,1336,0.0454,1620.36,card,PNB,449913,7,2,0,0,0,0,1,0,0,0,1,1,0,42
TXN0001988,2024-01-24T06:09:00,23,M0089,Food,low,C00070,765,85,16596,0.0072,17241.78,upi,Canara,465383,6,2,0,0,0,0,0,0,0,0,0,0,0,59
TXN0001989,2024-01-24T13:24:00,23,M0198,Food,mid,C01462,24,4,621,0.0321,986.77,netbanking,Axis,595328,13,2,0,0,0,0,0,0,0,0,0,0,0,34
TXN0001990,2024-01-24T02:04:00,23,M0105,SaaS,high,C00293,25,3,1986,0.1281,985.42,upi,Yes,461810,2,2,0,8,0,0,0,0,0,1,0,0,1,46
TXN0001991,2024-01-24T23:03:00,23,M0150,Retail,mid,C00481,9,3,1477,0.2252,2246.26,card,Kotak,522102,23,2,0,0,0,1,0,0,0,0,0,0,1,51
TXN0001992,2024-01-24T17:32:00,23,M0184,Logistics,high,C00204,104,17,7774,0.0827,9662.3,card,Yes,413946,17,2,0,0,0,1,0,0,0,0,0,0,0,67
TXN0001993,2024-01-24T18:03:00,23,M0087,Logistics,mid,C00031,114,19,3677,0.0731,2813.1,netbanking,PNB,478585,18,2,0,0,0,1,0,0,0,0,0,0,0,41
TXN0001994,2024-01-24T21:17:00,23,M0101,Food,low,C01301,159,18,3902,0.0381,1221.06,wallet,Kotak,450165,21,2,0,0,0,0,0,0,0,1,0,0,0,58
TXN0001995,2024-01-24T19:12:00,23,M0024,B2B,mid,C00035,14,1,1685,0.0108,33106.08,card,SBI,454808,19,2,0,0,0,0,0,0,0,1,1,1,0,14
TXN0001996,2024-01-24T11:29:00,23,M0029,Retail,high,C00701,19,4,1356,0.0281,1247.02,upi,PNB,442645,11,2,0,6,0,0,0,0,0,1,0,0,0,50
TXN0001997,2024-01-24T08:19:00,23,M0192,B2B,mid,C00488,73,10,4187,0.0391,34499.85,netbanking,Yes,566031,8,2,0,0,0,0,0,0,0,0,0,1,0,53
TXN0001998,2024-01-24T10:21:00,23,M0004,Logistics,low,C01030,903,105,7868,0.0201,10995.03,netbanking,Kotak,467140,10,2,0,0,0,1,0,0,0,0,0,0,1,32
TXN0001999,2024-01-24T06:32:00,23,M0004,Logistics,low,C00215,256,18,4067,0.245,15217.02,netbanking,Yes,518900,6,2,0,0,0,0,0,0,0,0,0,0,0,63
TXN0002000,2024-01-24T12:12:00,23,M0114,Logistics,mid,C00511,261,20,3457,0.0646,11023.07,card,PNB,443261,12,2,0,0,0,0,0,0,0,0,0,0,1,32
TXN0002001,2024-01-24T18:27:00,23,M0107,SaaS,mid,C01489,138,17,6122,0.0641,5142.95,upi,SBI,544350,18,2,0,0,0,0,0,0,0,0,0,0,0,57
TXN0002002,2024-01-24T09:35:00,23,M0004,Logistics,low,C00984,20,1,1236,0.0756,5791.09,upi,Kotak,551585,9,2,0,0,0,1,1,0,0,0,1,1,0,44
TXN0002003,2024-01-24T13:25:00,23,M0161,Services,mid,C01211,878,79,20212,0.0123,9469.96,netbanking,SBI,445231,13,2,0,0,0,1,0,0,0,0,0,0,0,61
TXN0002004,2024-01-24T10:49:00,23,M0145,SaaS,low,C01174,13,1,894,0.1125,1352.05,wallet,Axis,466574,10,2,0,0,0,0,1,0,0,0,1,1,0,58
TXN0002005,2024-01-24T10:35:00,23,M0010,SaaS,high,C01038,6,1,755,0.0897,1097.86,wallet,Axis,475643,10,2,0,0,0,0,0,0,0,0,0,0,0,55
TXN0002006,2024-01-24T11:30:00,23,M0160,Services,mid,C00384,5,4,1105,0.0554,865.87,card,HDFC,528827,11,2,0,0,0,0,0,0,0,0,1,1,0,43
TXN0002007,2024-01-24T05:17:00,23,M0079,Retail,high,C00654,260,13,1503,0.1147,674.55,card,ICICI,472426,5,2,0,0,0,0,1,0,0,0,1,1,0,28
TXN0002008,2024-01-24T15:10:00,23,M0002,B2B,low,C00163,25,2,1240,0.1129,6806.99,card,Canara,586300,15,2,0,0,0,0,0,0,0,1,0,0,1,36
TXN0002009,2024-01-24T21:27:00,23,M0019,Services,mid,C01060,157,10,4057,0.1045,9500.95,wallet,Kotak,527765,21,2,0,0,0,2,0,0,0,0,0,0,0,52
TXN0002010,2024-01-24T23:07:00,23,M0151,Food,low,C00213,741,100,11338,0.0295,4074.48,wallet,Yes,510640,23,2,0,0,0,1,0,0,0,0,0,0,0,52
TXN0002011,2024-01-24T07:25:00,23,M0199,SaaS,mid,C01189,130,15,7174,0.0537,1386.84,wallet,HDFC,576965,7,2,0,0,0,0,0,0,0,0,0,0,0,39
TXN0002012,2024-01-24T18:59:00,23,M0178,Logistics,low,C00771,123,12,6309,0.0529,1642.32,card,HDFC,410285,18,2,0,0,0,0,0,0,0,0,0,0,0,58
TXN0002013,2024-01-24T09:30:00,23,M0105,SaaS,high,C01074,6,4,1334,0.1,423.13,wallet,Yes,517649,9,2,0,0,0,2,0,0,0,1,0,0,1,64
TXN0002014,2024-01-24T18:48:00,23,M0139,Logistics,low,C00753,245,8,2753,0.1068,5885.42,card,HDFC,567297,18,2,0,0,0,1,1,0,0,0,1,1,0,55
TXN0002015,2024-01-24T13:00:00,23,M0143,Logistics,mid,C01195,131,15,7329,0.1734,4441.86,wallet,Axis,414459,13,2,0,0,0,0,0,0,0,0,0,0,0,43
TXN0002016,2024-01-24T17:53:00,23,M0175,Food,low,C00065,198,19,4385,0.0174,2048.31,netbanking,Kotak,563749,17,2,0,0,0,0,0,0,0,0,0,0,0,31
TXN0002017,2024-01-24T13:07:00,23,M0116,Services,low,C00006,750,95,9883,0.0209,2835.65,upi,Kotak,427359,13,2,0,0,0,0,0,0,0,1,0,0,0,56
TXN0002018,2024-01-24T16:03:00,23,M0199,SaaS,mid,C01421,87,15,5114,0.0752,3600.88,upi,Canara,429150,16,2,0,7,0,1,0,0,1,0,0,0,0,57
TXN0002019,2024-01-24T20:30:00,23,M0156,Services,mid,C01172,822,88,3332,0.0419,4943.58,wallet,HDFC,482098,20,2,0,0,0,0,0,0,0,0,0,0,0,36
TXN0002020,2024-01-24T06:30:00,23,M0027,Services,high,C01298,215,13,7519,0.0801,3166.22,card,Axis,489198,6,2,0,0,0,0,0,0,0,1,0,0,0,62
TXN0002021,2024-01-24T16:25:00,23,M0193,B2B,low,C00617,275,10,5677,0.1505,33438.26,netbanking,Kotak,454733,16,2,0,1,0,2,0,0,0,0,1,1,0,32
TXN0002022,2024-01-24T11:14:00,23,M0166,SaaS,mid,C00002,22,2,1057,0.0607,400.91,upi,Axis,469400,11,2,0,0,0,0,0,0,0,0,0,0,0,21
TXN0002023,2024-01-24T18:04:00,23,M0070,Services,low,C00564,116,9,1413,0.1264,2678.09,netbanking,ICICI,536507,18,2,0,0,0,0,0,0,0,0,1,1,0,36
TXN0002024,2024-01-24T15:25:00,23,M0053,Retail,low,C01225,284,15,7589,0.1303,1467.22,wallet,Kotak,597358,15,2,0,0,1,1,0,0,0,0,0,0,0,60
TXN0002025,2024-01-24T21:06:00,23,M0120,Food,low,C01456,971,88,15150,0.0033,10112.7,card,SBI,544810,21,2,0,0,0,0,0,0,0,0,0,0,0,62
TXN0002026,2024-01-24T22:47:00,23,M0030,B2B,high,C00227,197,11,1422,0.0498,33921.53,upi,Axis,571873,22,2,0,0,0,0,0,0,0,1,1,1,0,19
TXN0002027,2024-01-24T11:43:00,23,M0106,Services,high,C01011,969,71,17623,0.0588,12189.12,card,Axis,459873,11,2,0,0,0,0,0,0,0,0,1,1,0,48
TXN0002028,2024-01-24T06:23:00,23,M0031,Food,mid,C00509,13,2,1637,0.1018,1770.03,upi,Kotak,588414,6,2,0,0,0,0,0,0,0,0,0,0,0,13
TXN0002029,2024-01-24T19:35:00,23,M0147,SaaS,mid,C00519,12,3,1935,0.1677,1889.42,wallet,Axis,498407,19,2,0,0,0,1,0,0,0,0,0,0,0,25
TXN0002030,2024-01-24T20:57:00,23,M0133,SaaS,mid,C00883,196,10,1155,0.0425,1957.87,wallet,Axis,518750,20,2,0,0,0,1,0,0,0,0,0,0,0,25
TXN0002031,2024-01-24T09:18:00,23,M0100,Retail,low,C01049,239,14,5518,0.0835,5417.39,upi,Canara,511216,9,2,0,10,0,0,0,0,0,1,0,0,0,16
TXN0002032,2024-01-24T17:24:00,23,M0000,Logistics,low,C00704,116,9,5699,0.0142,9733.52,card,Kotak,590544,17,2,0,0,1,1,0,0,0,0,0,0,0,49
TXN0002033,2024-01-24T13:59:00,23,M0094,SaaS,high,C00653,167,16,7539,0.0503,6486.05,card,Yes,586964,13,2,0,0,0,0,0,0,1,0,1,1,0,72
TXN0002034,2024-01-24T07:39:00,23,M0044,Logistics,low,C00383,290,6,7598,0.2306,20909.74,card,HDFC,484599,7,2,0,0,0,1,0,0,0,0,0,0,0,58
TXN0002035,2024-01-24T02:30:00,23,M0013,Logistics,high,C01146,949,93,12728,0.0038,29188.44,card,Yes,446382,2,2,0,0,0,0,0,0,0,1,1,1,0,57
TXN0002036,2024-01-24T10:16:00,23,M0151,Food,low,C00560,15,4,854,0.0782,1164.24,upi,SBI,482614,10,2,0,0,0,0,1,0,0,1,1,1,0,55
TXN0002037,2024-01-24T18:54:00,23,M0042,Logistics,mid,C00346,23,1,1516,0.0407,7864.42,netbanking,Axis,444259,18,2,0,0,0,0,0,0,0,1,0,0,0,23
TXN0002038,2024-01-24T03:14:00,23,M0043,Logistics,high,C00613,294,20,7531,0.0191,15070.02,netbanking,SBI,476988,3,2,0,0,1,1,0,0,0,0,1,1,0,69
TXN0002039,2024-01-24T22:03:00,23,M0143,Logistics,mid,C01199,175,11,7389,0.0768,8149.1,wallet,Kotak,551479,22,2,0,0,0,0,0,0,0,1,0,0,1,61
TXN0002040,2024-01-24T05:25:00,23,M0113,Services,high,C00225,883,68,18172,0.0458,7927.2,upi,SBI,482860,5,2,0,0,0,1,0,0,0,0,0,1,1,29
TXN0002041,2024-01-24T17:36:00,23,M0133,SaaS,mid,C01412,93,13,3187,0.0774,615.45,card,Yes,576464,17,2,0,0,0,0,0,0,0,0,0,0,0,60
TXN0002042,2024-01-24T12:55:00,23,M0082,B2B,high,C00993,8,1,1819,0.1277,8367.09,card,Yes,449455,12,2,0,0,0,0,1,0,0,0,1,1,0,69
TXN0002043,2024-01-24T12:12:00,23,M0089,Food,low,C01278,877,118,18188,0.0099,3613.39,card,ICICI,572640,12,2,0,0,0,1,0,0,0,0,0,0,0,46
TXN0002044,2024-01-24T10:54:00,23,M0119,Retail,high,C00115,8,1,1518,0.0701,1751.64,upi,SBI,590108,10,2,0,0,0,0,0,0,0,0,0,0,0,49
TXN0002045,2024-01-24T16:27:00,23,M0085,SaaS,mid,C00240,155,17,4760,0.1241,2885.04,upi,ICICI,428186,16,2,0,0,0,0,0,0,1,0,0,0,0,47
TXN0002046,2024-01-24T08:22:00,23,M0042,Logistics,mid,C00371,246,18,5955,0.1486,7610.6,wallet,Yes,485390,8,2,0,0,0,2,0,0,0,0,0,0,0,19
TXN0002047,2024-01-25T18:57:00,24,M0072,SaaS,high,C00488,73,10,4187,0.0391,2137.38,upi,HDFC,559459,18,3,0,0,0,1,0,0,0,1,0,0,0,12
TXN0002048,2024-01-25T06:34:00,24,M0106,Services,high,C01201,825,84,3936,0.0126,2339.14,netbanking,HDFC,599819,6,3,0,0,0,0,0,0,0,0,0,0,0,57
TXN0002049,2024-01-25T19:36:00,24,M0012,Food,low,C00915,220,18,1538,0.0196,921.89,upi,ICICI,515766,19,3,0,0,0,0,0,1,0,0,1,1,0,13
TXN0002050,2024-01-25T17:18:00,24,M0083,B2B,low,C01239,20,3,1092,0.1306,24514.08,netbanking,Kotak,548032,17,3,0,0,0,2,0,0,0,1,0,0,1,41
TXN0002051,2024-01-25T11:35:00,24,M0130,Food,low,C00217,967,119,16897,0.0128,32649.61,card,SBI,415447,11,3,0,0,0,0,0,0,0,0,1,1,0,52
TXN0002052,2024-01-25T07:47:00,24,M0055,Services,mid,C00046,899,95,17868,0.007,10227.99,upi,SBI,593390,7,3,0,0,0,1,0,0,0,0,0,0,0,68
TXN0002053,2024-01-25T13:17:00,24,M0092,Food,low,C00195,125,20,2752,0.0288,1933.88,netbanking,Canara,507818,13,3,0,10,0,1,0,0,0,1,0,0,0,33
TXN0002054,2024-01-25T18:28:00,24,M0065,B2B,high,C00610,941,55,13937,0.0074,68763.61,upi,ICICI,572819,18,3,0,0,0,2,0,0,0,1,1,1,0,68
TXN0002055,2024-01-25T12:41:00,24,M0150,Retail,mid,C00043,285,13,5553,0.0103,968.72,card,HDFC,519927,12,3,0,0,0,1,0,0,0,0,0,0,0,37
TXN0002056,2024-01-25T16:11:00,24,M0124,Retail,low,C00730,110,5,1684,0.0888,8108.12,netbanking,ICICI,426861,16,3,0,0,0,0,0,1,0,1,1,1,0,60
TXN0002057,2024-01-25T09:02:00,24,M0014,Logistics,high,C00968,111,12,4069,0.0077,8768.57,wallet,SBI,454084,9,3,0,0,0,0,0,0,0,0,0,0,0,26
TXN0002058,2024-01-25T12:54:00,24,M0091,Logistics,high,C00369,128,16,1165,0.0715,7255.36,card,Canara,401426,12,3,0,0,0,0,0,0,0,0,0,0,0,65
TXN0002059,2024-01-25T19:41:00,24,M0141,Logistics,low,C00262,944,119,4204,0.0321,4177.14,wallet,Kotak,404475,19,3,0,1,0,0,0,0,0,1,1,1,0,71
TXN0002060,2024-01-25T07:04:00,24,M0197,Food,low,C01471,226,11,7159,0.0178,5884.26,card,ICICI,533445,7,3,0,0,0,1,0,0,0,0,0,0,0,66
TXN0002061,2024-01-25T07:09:00,24,M0060,Services,high,C00486,240,17,7027,0.0457,3956.13,card,HDFC,454392,7,3,0,0,0,0,0,0,0,1,0,0,0,39
TXN0002062,2024-01-25T12:06:00,24,M0194,Retail,mid,C01130,848,77,24437,0.0028,21132.86,upi,SBI,597504,12,3,0,0,0,0,0,0,0,1,0,0,0,46
TXN0002063,2024-01-25T06:36:00,24,M0139,Logistics,low,C00390,180,11,5099,0.0301,2271.93,wallet,SBI,490131,6,3,0,0,0,0,0,0,0,0,0,0,0,18
TXN0002064,2024-01-25T09:23:00,24,M0026,Retail,high,C00994,11,4,839,0.0526,1065.05,card,Axis,401524,9,3,0,0,0,0,0,0,0,1,0,0,0,30
TXN0002065,2024-01-25T18:44:00,24,M0045,Food,high,C00264,25,4,1179,0.0072,1216.6,card,SBI,515849,18,3,0,0,0,0,1,0,0,1,1,1,0,62
TXN0002066,2024-01-25T12:30:00,24,M0157,SaaS,mid,C01395,20,2,590,0.0494,1200.84,card,ICICI,410514,12,3,0,0,0,1,0,0,0,0,0,0,0,19
TXN0002067,2024-01-25T04:21:00,24,M0007,Food,mid,C01394,256,12,4023,0.0716,3784.1,wallet,Yes,423316,4,3,0,0,0,0,0,0,0,0,1,1,0,50
TXN0002068,2024-01-25T07:49:00,24,M0091,Logistics,high,C00431,101,14,6598,0.0446,9988.54,upi,Canara,507272,7,3,0,0,0,0,0,0,0,0,0,0,0,39
TXN0002069,2024-01-25T10:36:00,24,M0091,Logistics,high,C00947,734,113,24589,0.037,18903.93,netbanking,Yes,579236,10,3,0,0,0,2,0,0,0,0,1,1,0,49
TXN0002070,2024-01-25T17:16:00,24,M0180,Food,low,C01393,160,7,3841,0.0843,5054.82,netbanking,Kotak,519039,17,3,0,0,0,1,0,0,0,0,0,0,0,31
TXN0002071,2024-01-25T11:39:00,24,M0137,B2B,mid,C00622,93,11,6935,0.0169,29307.91,upi,Kotak,434735,11,3,0,0,0,0,0,0,0,1,0,0,0,16
TXN0002072,2024-01-25T09:34:00,24,M0056,Retail,low,C00415,768,112,13506,0.0062,11082.57,card,Yes,589895,9,3,0,0,0,0,0,0,0,1,0,0,0,25
TXN0002073,2024-01-25T15:42:00,24,M0113,Services,high,C00353,227,10,5975,0.0345,4004.79,card,Kotak,504945,15,3,0,0,0,1,0,0,0,1,1,1,0,57
TXN0002074,2024-01-25T06:42:00,24,M0122,Retail,low,C00703,274,19,3286,0.0064,4124.99,netbanking,HDFC,515975,6,3,0,0,0,0,0,0,0,0,0,0,0,46
TXN0002075,2024-01-25T11:07:00,24,M0163,Logistics,high,C00659,113,16,1445,0.1625,6345.78,wallet,PNB,442482,11,3,0,0,0,1,0,0,0,0,0,0,0,23
TXN0002076,2024-01-25T20:26:00,24,M0079,Retail,high,C00471,90,12,4396,0.1901,6798.38,netbanking,PNB,596501,20,3,0,0,0,0,0,0,0,0,0,0,1,32
TXN0002077,2024-01-25T06:39:00,24,M0083,B2B,low,C00581,174,9,2693,0.1128,15206.91,card,HDFC,545142,6,3,0,11,0,0,0,0,0,0,0,0,0,26
TXN0002078,2024-01-25T08:45:00,24,M0006,Food,low,C01158,19,4,734,0.057,1395.71,wallet,Axis,582646,8,3,0,0,0,1,0,1,0,0,0,1,1,36
TXN0002079,2024-01-25T21:42:00,24,M0181,Food,high,C00837,837,111,24254,0.0035,11838.12,netbanking,Yes,554985,21,3,0,0,0,0,0,1,1,1,1,1,0,17
TXN0002080,2024-01-25T07:21:00,24,M0055,Services,mid,C00745,236,8,4418,0.0669,3200.54,wallet,Kotak,476145,7,3,0,0,0,0,0,0,0,0,0,0,0,29
TXN0002081,2024-01-25T20:22:00,24,M0131,Logistics,high,C00359,13,1,809,0.2172,10134.67,netbanking,Yes,483154,20,3,0,0,0,0,0,0,1,0,0,0,0,71
TXN0002082,2024-01-25T08:35:00,24,M0152,Retail,high,C00583,15,2,1989,0.0074,2874.01,wallet,PNB,532497,8,3,0,0,0,0,0,0,0,1,0,0,0,13
TXN0002083,2024-01-25T10:12:00,24,M0102,Retail,high,C01295,16,2,1433,0.053,2054.0,upi,PNB,461225,10,3,0,0,0,0,0,1,0,1,1,1,0,52
TXN0002084,2024-01-25T08:39:00,24,M0041,B2B,low,C01017,211,11,7099,0.0344,32370.36,upi,HDFC,468835,8,3,0,0,0,0,0,0,0,0,0,0,0,72
TXN0002085,2024-01-25T09:56:00,24,M0089,Food,low,C01223,878,78,4053,0.0134,1131.47,wallet,Canara,551095,9,3,0,0,0,0,0,0,0,0,0,0,0,16
TXN0002086,2024-01-25T19:08:00,24,M0082,B2B,high,C01429,6,4,1564,0.0259,74571.24,upi,Kotak,583178,19,3,0,0,0,1,0,0,0,0,1,1,0,27
TXN0002087,2024-01-25T21:19:00,24,M0058,B2B,low,C00023,973,107,11493,0.023,72080.33,card,Kotak,436329,21,3,0,0,0,0,0,0,0,0,1,1,0,36
TXN0002088,2024-01-25T09:28:00,24,M0125,Retail,low,C00935,186,20,3198,0.089,1903.99,card,PNB,417842,9,3,0,0,0,0,0,0,0,0,0,0,0,18
TXN0002089,2024-01-25T23:08:00,24,M0103,Services,low,C01060,157,10,4057,0.1045,1852.8,card,SBI,485104,23,3,0,0,0,2,0,0,0,1,0,0,0,17
TXN0002090,2024-01-25T14:12:00,24,M0006,Food,low,C00339,982,119,13127,0.0037,15959.12,upi,Canara,480086,14,3,0,0,0,0,0,0,0,0,1,1,0,17
TXN0002091,2024-01-25T23:55:00,24,M0080,Logistics,low,C01406,854,117,21647,0.0155,17508.38,netbanking,Yes,581788,23,3,0,0,0,1,0,0,0,1,1,1,0,61
TXN0002092,2024-01-25T13:37:00,24,M0122,Retail,low,C00017,816,60,12299,0.0135,7469.55,netbanking,Canara,415926,13,3,0,0,0,4,0,0,0,0,0,0,0,68
TXN0002093,2024-01-25T10:25:00,24,M0027,Services,high,C01288,155,18,1584,0.1572,1030.62,card,ICICI,588787,10,3,0,0,0,0,0,0,0,0,0,0,0,13
TXN0002094,2024-01-25T19:19:00,24,M0130,Food,low,C00840,273,17,1417,0.0485,2018.39,card,Yes,502074,19,3,0,0,0,0,0,0,0,0,0,0,0,14
TXN0002095,2024-01-25T08:44:00,24,M0035,SaaS,mid,C01140,83,16,4816,0.0681,6647.32,wallet,HDFC,469199,8,3,0,0,0,1,0,0,0,0,0,0,0,34
TXN0002096,2024-01-25T20:01:00,24,M0060,Services,high,C01004,144,8,1025,0.0719,2666.43,card,Canara,540596,20,3,0,6,0,0,0,0,1,0,0,0,1,58
TXN0002097,2024-01-25T15:12:00,24,M0141,Logistics,low,C00284,22,2,1162,0.105,10111.11,card,SBI,587929,15,3,0,1,0,1,0,0,0,1,1,1,0,43
TXN0002098,2024-01-25T06:49:00,24,M0036,Retail,low,C00461,24,1,1074,0.0982,1415.67,netbanking,SBI,575756,6,3,0,0,0,0,0,0,0,0,0,0,0,24
TXN0002099,2024-01-25T12:54:00,24,M0032,Food,low,C00361,299,20,5691,0.0205,3271.48,wallet,Axis,438458,12,3,0,0,0,1,0,0,0,0,1,1,0,27
TXN0002100,2024-01-25T10:43:00,24,M0164,Logistics,high,C00464,277,10,7203,0.1165,8869.96,upi,Kotak,535247,10,3,0,0,0,0,1,0,0,0,1,1,0,52
TXN0002101,2024-01-25T08:11:00,24,M0158,Retail,low,C01008,20,4,1754,0.1233,8334.15,card,Canara,470471,8,3,0,0,0,0,0,0,0,1,0,0,1,15
TXN0002102,2024-01-25T00:29:00,24,M0192,B2B,mid,C00106,22,3,1872,0.0279,32904.88,upi,Yes,522632,0,3,0,0,0,0,0,0,0,1,0,1,0,33
TXN0002103,2024-01-25T14:02:00,24,M0056,Retail,low,C01027,177,10,5728,0.0384,1159.18,netbanking,Canara,499566,14,3,0,0,0,1,0,0,0,0,0,0,0,22
TXN0002104,2024-01-25T15:09:00,24,M0118,Retail,mid,C01074,6,4,1334,0.1,4129.09,card,Canara,485910,15,3,0,0,0,3,1,0,0,0,1,1,0,57
TXN0002105,2024-01-25T21:04:00,24,M0062,B2B,low,C00914,6,1,1272,0.0413,75168.99,upi,PNB,518829,21,3,0,0,0,1,0,0,0,0,1,1,0,28
TXN0002106,2024-01-25T14:02:00,24,M0177,Food,low,C01238,107,9,7705,0.1555,17598.84,upi,SBI,475069,14,3,0,0,0,0,0,0,0,0,0,0,1,20
TXN0002107,2024-01-25T09:07:00,24,M0056,Retail,low,C01381,181,9,4827,0.1171,9783.75,card,HDFC,460243,9,3,0,0,0,1,0,0,0,0,0,0,0,12
TXN0002108,2024-01-25T21:28:00,24,M0048,SaaS,mid,C00756,89,17,3323,0.0739,1734.6,upi,Canara,583964,21,3,0,10,0,0,0,0,0,0,0,0,0,48
TXN0002109,2024-01-25T14:55:00,24,M0118,Retail,mid,C00467,240,13,7839,0.1495,3286.94,card,ICICI,564908,14,3,0,0,0,0,0,0,0,1,0,0,0,29
TXN0002110,2024-01-25T20:49:00,24,M0109,Services,low,C00942,268,13,2561,0.1229,6175.39,wallet,Canara,410240,20,3,0,0,0,0,1,0,0,0,1,1,0,51
TXN0002111,2024-01-25T05:34:00,24,M0137,B2B,mid,C00833,176,19,6110,0.0399,18510.56,card,HDFC,593080,5,3,0,0,0,1,1,0,0,0,1,1,0,14
TXN0002112,2024-01-25T08:14:00,24,M0134,Services,low,C01012,10,1,716,0.1008,990.78,netbanking,SBI,527704,8,3,0,0,0,1,0,1,0,0,0,1,1,71
TXN0002113,2024-01-25T05:24:00,24,M0170,Logistics,mid,C00301,17,3,1823,0.0261,10973.43,wallet,SBI,521929,5,3,0,0,0,0,0,0,0,1,1,1,0,48
TXN0002114,2024-01-25T05:24:00,24,M0130,Food,low,C01434,25,1,1438,0.0566,448.52,wallet,SBI,561021,5,3,0,10,0,0,0,0,0,1,0,0,0,43
TXN0002115,2024-01-25T09:52:00,24,M0122,Retail,low,C00395,123,12,6681,0.0316,4088.13,wallet,Axis,430648,9,3,0,0,0,0,0,0,0,0,1,1,0,22
TXN0002116,2024-01-25T06:34:00,24,M0187,SaaS,high,C00836,932,88,5871,0.004,1516.16,card,SBI,524450,6,3,0,0,0,1,0,0,0,1,0,0,0,30
TXN0002117,2024-01-25T22:49:00,24,M0094,SaaS,high,C00542,75,16,6280,0.0499,4817.06,wallet,ICICI,519433,22,3,0,0,0,0,0,0,0,0,0,0,0,37
TXN0002118,2024-01-25T18:08:00,24,M0142,Retail,mid,C00793,792,118,10745,0.0392,5275.77,card,Yes,588884,18,3,0,0,0,0,0,0,0,0,0,0,0,72
TXN0002119,2024-01-25T18:36:00,24,M0052,Logistics,mid,C00060,7,2,1880,0.1375,9283.1,wallet,Axis,482855,18,3,0,0,0,1,1,1,0,0,1,1,0,62
TXN0002120,2024-01-25T03:57:00,24,M0142,Retail,mid,C00228,23,2,1481,0.0503,1526.11,netbanking,Kotak,460245,3,3,0,0,0,0,0,0,0,1,1,1,0,46
TXN0002121,2024-01-25T07:10:00,24,M0047,Logistics,low,C01024,136,10,1176,0.0902,3233.98,upi,SBI,476449,7,3,0,0,0,1,0,0,0,0,0,0,0,54
TXN0002122,2024-01-25T22:31:00,24,M0107,SaaS,mid,C00882,253,6,5671,0.095,3483.29,netbanking,ICICI,479449,22,3,0,0,0,0,0,0,0,1,0,0,0,50
TXN0002123,2024-01-25T23:06:00,24,M0188,Logistics,mid,C00779,231,10,1152,0.1462,7961.75,netbanking,ICICI,549416,23,3,0,0,0,0,0,0,0,0,0,0,0,37
TXN0002124,2024-01-25T19:37:00,24,M0138,Services,mid,C00593,288,9,4220,0.0945,5758.68,card,Canara,585554,19,3,0,0,0,1,0,0,0,0,1,1,0,42
TXN0002125,2024-01-25T17:03:00,24,M0042,Logistics,mid,C00285,799,102,4942,0.075,8986.57,netbanking,Kotak,474827,17,3,0,0,0,2,0,0,0,0,0,0,0,35
TXN0002126,2024-01-25T07:16:00,24,M0080,Logistics,low,C01280,146,17,1316,0.1056,7599.22,netbanking,ICICI,506722,7,3,0,0,0,0,0,0,0,1,0,0,0,39
TXN0002127,2024-01-25T10:38:00,24,M0046,SaaS,high,C00828,99,20,5319,0.1355,6517.29,netbanking,HDFC,457017,10,3,0,0,0,0,0,0,0,1,0,0,0,54
TXN0002128,2024-01-25T21:39:00,24,M0197,Food,low,C00728,70,9,6554,0.1071,6397.15,card,Axis,485987,21,3,0,0,0,2,0,0,0,1,0,0,0,20
TXN0002129,2024-01-25T05:42:00,24,M0034,Retail,high,C01215,842,68,14704,0.0152,5621.87,upi,Yes,541265,5,3,0,0,0,0,0,0,0,0,1,1,0,42
TXN0002130,2024-01-25T07:23:00,24,M0001,Retail,high,C01353,870,86,16964,0.0187,4171.35,netbanking,Yes,504082,7,3,0,0,0,0,1,0,0,0,1,1,0,60
TXN0002131,2024-01-25T10:33:00,24,M0064,Food,high,C00915,220,18,1538,0.0196,711.29,upi,PNB,586470,10,3,0,1,1,1,0,0,0,0,0,0,0,51
TXN0002132,2024-01-25T22:57:00,24,M0103,Services,low,C00675,765,119,10400,0.0,2505.1,netbanking,Kotak,483374,22,3,0,0,0,2,0,0,0,0,0,0,0,71
TXN0002133,2024-01-25T17:35:00,24,M0174,SaaS,low,C00946,172,19,7987,0.0982,17792.78,wallet,Yes,480786,17,3,0,0,0,0,0,0,0,0,0,0,0,58
TXN0002134,2024-01-25T05:05:00,24,M0082,B2B,high,C00872,172,20,6994,0.0301,19929.9,upi,Yes,432973,5,3,0,0,0,0,0,0,0,0,1,1,0,21
TXN0002135,2024-01-25T09:06:00,24,M0006,Food,low,C00092,746,97,10119,0.0086,5917.03,card,SBI,462587,9,3,0,0,0,0,0,0,0,0,0,0,0,64
TXN0002136,2024-01-26T09:41:00,25,M0053,Retail,low,C01055,6,1,1085,0.0767,1937.38,card,HDFC,503235,9,4,0,0,0,0,0,0,0,0,0,0,0,28
TXN0002137,2024-01-26T06:36:00,25,M0127,Food,low,C01250,832,75,11273,0.0124,5064.42,card,PNB,504644,6,4,0,0,0,0,0,1,0,1,1,1,0,47
TXN0002138,2024-01-26T18:19:00,25,M0003,SaaS,low,C01040,22,4,786,0.1055,3569.45,upi,SBI,591964,18,4,0,0,0,0,0,0,0,1,0,0,0,60
TXN0002139,2024-01-26T23:57:00,25,M0041,B2B,low,C00725,15,3,802,0.0878,17849.82,card,Axis,455732,23,4,0,0,0,0,0,0,0,1,1,1,0,54
TXN0002140,2024-01-26T20:19:00,25,M0012,Food,low,C00971,17,3,524,0.1054,511.59,card,ICICI,434610,20,4,0,0,0,0,0,0,0,1,0,0,0,66
TXN0002141,2024-01-26T11:06:00,25,M0081,Logistics,high,C01397,17,1,1452,0.16,4077.32,wallet,PNB,538478,11,4,0,0,0,0,0,0,0,0,0,0,0,70
TXN0002142,2024-01-26T20:41:00,25,M0048,SaaS,mid,C01248,819,99,16764,0.0629,17883.54,netbanking,Yes,493270,20,4,0,0,0,1,0,0,0,0,0,0,0,16
TXN0002143,2024-01-26T14:05:00,25,M0036,Retail,low,C00135,132,19,2916,0.0791,4434.1,upi,PNB,495629,14,4,0,0,0,0,0,0,0,0,0,0,0,15
TXN0002144,2024-01-26T14:16:00,25,M0086,Retail,high,C01277,952,104,4871,0.0312,2410.68,upi,Axis,595489,14,4,0,0,0,0,0,0,0,1,0,0,0,30
TXN0002145,2024-01-26T15:22:00,25,M0033,Logistics,low,C00136,918,106,18128,0.0252,10253.93,netbanking,Yes,585495,15,4,0,0,0,0,1,0,0,0,1,1,0,36
TXN0002146,2024-01-26T09:51:00,25,M0036,Retail,low,C00374,295,16,6772,0.0438,6739.63,wallet,HDFC,522061,9,4,0,0,0,0,1,0,0,0,1,1,0,28
TXN0002147,2024-01-26T09:48:00,25,M0173,Food,high,C01057,5,2,514,0.1246,782.84,upi,Canara,495511,9,4,0,0,0,0,0,0,0,1,0,0,0,41
TXN0002148,2024-01-26T17:43:00,25,M0123,Logistics,high,C00047,8,2,892,0.0391,2955.53,card,Axis,440890,17,4,0,0,0,0,0,0,0,0,0,0,0,63
TXN0002149,2024-01-26T18:19:00,25,M0041,B2B,low,C00261,18,4,651,0.0777,17052.72,upi,ICICI,468175,18,4,0,0,0,0,0,0,0,0,1,1,0,39
TXN0002150,2024-01-26T15:20:00,25,M0123,Logistics,high,C00744,295,10,1839,0.0357,6403.03,upi,HDFC,472417,15,4,0,0,0,0,0,0,0,1,0,0,0,14
TXN0002151,2024-01-26T14:57:00,25,M0093,SaaS,mid,C00088,270,16,1887,0.1236,1690.96,wallet,Kotak,574836,14,4,0,0,0,1,0,0,0,0,0,0,0,45
TXN0002152,2024-01-26T19:28:00,25,M0171,Retail,low,C00620,957,114,3817,0.0332,1828.05,wallet,Yes,406044,19,4,0,0,0,0,0,0,0,1,0,0,0,63
TXN0002153,2024-01-26T10:17:00,25,M0092,Food,low,C00267,149,14,3810,0.0835,7818.68,upi,Kotak,559667,10,4,0,0,0,1,0,0,0,1,0,0,0,30
TXN0002154,2024-01-26T16:29:00,25,M0046,SaaS,high,C00044,254,12,6657,0.0891,8693.47,card,Axis,417822,16,4,0,0,0,0,0,0,0,0,0,0,0,34
TXN0002155,2024-01-26T10:30:00,25,M0052,Logistics,mid,C00446,25,2,1903,0.0756,11381.8,wallet,Yes,478649,10,4,0,0,0,0,0,0,0,0,0,0,1,36
TXN0002156,2024-01-26T15:35:00,25,M0159,Services,low,C01201,825,84,3936,0.0126,8003.67,netbanking,Kotak,567129,15,4,0,0,0,1,0,0,0,0,0,0,0,45
TXN0002157,2024-01-26T07:01:00,25,M0181,Food,high,C00408,869,99,18671,0.0294,8153.2,upi,Canara,478384,7,4,0,0,0,0,1,0,0,0,1,1,0,19
TXN0002158,2024-01-26T20:56:00,25,M0143,Logistics,mid,C01067,128,8,4449,0.0795,6424.4,upi,ICICI,591163,20,4,0,0,0,0,0,0,0,0,0,0,0,25
TXN0002159,2024-01-26T16:16:00,25,M0164,Logistics,high,C00239,8,2,993,0.0332,6232.04,netbanking,SBI,506288,16,4,0,13,0,0,0,0,0,0,0,0,1,59
TXN0002160,2024-01-26T17:05:00,25,M0198,Food,mid,C00137,101,11,7563,0.169,10704.39,wallet,Axis,433031,17,4,0,0,0,0,1,0,0,0,1,1,0,51
TXN0002161,2024-01-26T03:12:00,25,M0035,SaaS,mid,C00246,158,9,7475,0.1369,7854.05,upi,Canara,436090,3,4,0,0,0,0,0,0,0,1,1,1,0,15
TXN0002162,2024-01-26T11:56:00,25,M0165,Services,low,C01339,5,4,1990,0.0703,5151.11,netbanking,Yes,562371,11,4,0,0,0,0,0,0,0,0,0,0,1,26
TXN0002163,2024-01-26T00:59:00,25,M0024,B2B,mid,C00304,220,18,4469,0.1126,5619.02,wallet,PNB,466624,0,4,0,0,0,1,0,0,0,0,0,0,0,53
TXN0002164,2024-01-26T14:12:00,25,M0142,Retail,mid,C01396,132,14,4168,0.1527,2908.51,upi,Canara,435062,14,4,0,0,0,0,0,0,0,0,0,0,0,40
TXN0002165,2024-01-26T11:33:00,25,M0195,Food,high,C01089,837,118,6807,0.0,14413.15,upi,PNB,598585,11,4,0,0,0,0,0,0,0,0,0,0,0,33
TXN0002166,2024-01-26T17:18:00,25,M0045,Food,high,C00918,794,115,11397,0.0088,8872.04,upi,Axis,403900,17,4,0,13,0,0,0,0,0,0,0,0,0,30
TXN0002167,2024-01-26T16:16:00,25,M0051,Food,low,C01487,880,97,23236,0.0125,11891.93,netbanking,Canara,432913,16,4,0,0,0,0,0,0,0,0,0,0,0,38
TXN0002168,2024-01-26T20:10:00,25,M0133,SaaS,mid,C01267,15,3,1733,0.143,2718.6,wallet,HDFC,450452,20,4,0,0,0,0,0,0,0,1,0,0,1,67
TXN0002169,2024-01-26T20:45:00,25,M0028,Retail,mid,C00449,163,18,3591,0.0093,753.32,upi,Kotak,403200,20,4,0,0,0,0,0,0,0,1,0,0,0,29
TXN0002170,2024-01-26T14:40:00,25,M0034,Retail,high,C00096,97,5,3271,0.041,1063.8,card,Axis,505622,14,4,0,6,0,1,0,0,0,0,0,0,0,52
TXN0002171,2024-01-26T11:39:00,25,M0193,B2B,low,C00386,913,114,12836,0.0306,25023.97,netbanking,Kotak,482626,11,4,0,0,0,0,0,0,0,1,0,0,0,22
TXN0002172,2024-01-26T19:37:00,25,M0152,Retail,high,C00798,897,108,3896,0.0264,3189.89,card,Axis,478489,19,4,0,0,0,1,0,0,0,0,0,0,0,14
TXN0002173,2024-01-26T07:32:00,25,M0154,Retail,low,C00167,951,114,4815,0.0341,2089.85,netbanking,HDFC,512361,7,4,0,0,0,0,0,0,0,1,0,0,0,43
TXN0002174,2024-01-26T23:30:00,25,M0101,Food,low,C00723,133,10,2436,0.1886,973.05,card,Kotak,495865,23,4,0,0,0,0,0,0,0,0,0,0,0,25
TXN0002175,2024-01-26T19:06:00,25,M0056,Retail,low,C00618,279,15,6815,0.0137,6006.1,wallet,PNB,593872,19,4,0,10,0,0,0,0,0,0,0,0,0,39
TXN0002176,2024-01-26T21:16:00,25,M0021,SaaS,mid,C00343,979,90,8708,0.0234,6330.67,card,ICICI,475041,21,4,0,0,0,0,0,0,0,1,0,0,0,42
TXN0002177,2024-01-26T15:33:00,25,M0054,Retail,mid,C00693,198,12,4802,0.19,5549.29,wallet,Kotak,469101,15,4,0,0,0,0,1,0,0,0,1,1,0,39
TXN0002178,2024-01-26T09:07:00,25,M0134,Services,low,C00922,111,11,7432,0.022,1850.46,upi,Yes,459843,9,4,0,0,0,0,0,0,0,0,0,0,0,41
TXN0002179,2024-01-26T14:37:00,25,M0068,B2B,low,C00042,186,15,2489,0.1032,19227.72,wallet,Kotak,444217,14,4,0,0,0,0,0,0,0,0,0,0,0,21
TXN0002180,2024-01-26T23:53:00,25,M0113,Services,high,C00635,196,19,4283,0.129,1827.42,upi,HDFC,594848,23,4,0,0,0,0,0,0,0,0,0,0,1,29
TXN0002181,2024-01-26T20:59:00,25,M0057,Food,high,C00178,20,4,1085,0.1022,471.78,wallet,SBI,504948,20,4,0,0,0,0,0,0,0,1,0,0,0,53
TXN0002182,2024-01-26T12:28:00,25,M0085,SaaS,mid,C00107,756,86,22674,0.0092,12086.39,upi,PNB,471004,12,4,0,9,0,0,0,0,0,0,0,0,0,22
TXN0002183,2024-01-26T19:32:00,25,M0056,Retail,low,C00737,14,4,754,0.1322,1873.81,netbanking,ICICI,446064,19,4,0,0,0,0,0,0,0,1,0,0,0,48
TXN0002184,2024-01-26T08:31:00,25,M0097,Services,low,C00071,14,4,804,0.0899,495.45,card,Canara,415146,8,4,0,0,0,0,0,1,0,0,0,1,1,69
TXN0002185,2024-01-26T13:23:00,25,M0110,Food,high,C00331,24,2,1825,0.0553,2654.58,netbanking,Axis,534357,13,4,0,0,0,1,0,0,0,0,0,0,0,37
TXN0002186,2024-01-26T18:29:00,25,M0184,Logistics,high,C00090,885,113,6805,0.0021,10979.81,upi,Axis,568148,18,4,0,0,0,0,0,0,0,1,0,0,0,51
TXN0002187,2024-01-26T02:50:00,25,M0146,Food,mid,C01153,153,5,3473,0.2117,1318.9,card,Axis,503011,2,4,0,0,0,0,0,0,0,0,0,0,0,45
TXN0002188,2024-01-26T06:27:00,25,M0002,B2B,low,C01381,181,9,4827,0.1171,18187.15,wallet,Yes,479292,6,4,0,0,1,2,0,0,0,0,1,1,0,36
TXN0002189,2024-01-26T11:45:00,25,M0056,Retail,low,C01413,15,2,630,0.1079,970.39,netbanking,SBI,425385,11,4,0,0,0,0,0,0,0,0,0,0,1,59
TXN0002190,2024-01-26T14:45:00,25,M0146,Food,mid,C01124,109,13,1888,0.0231,865.8,card,Canara,565098,14,4,0,0,0,0,0,0,0,0,0,0,0,50
TXN0002191,2024-01-26T19:39:00,25,M0001,Retail,high,C00165,165,18,7744,0.1186,3502.62,upi,Yes,412939,19,4,0,0,0,0,0,0,0,0,0,0,0,57
TXN0002192,2024-01-26T06:14:00,25,M0075,Retail,mid,C01232,24,1,1095,0.0993,12091.95,wallet,Axis,422951,6,4,0,0,0,1,0,0,0,1,0,0,1,13
TXN0002193,2024-01-26T08:15:00,25,M0182,Retail,high,C01403,124,18,3764,0.1493,2127.45,wallet,PNB,420065,8,4,0,0,0,0,0,0,0,0,0,0,1,68
TXN0002194,2024-01-26T16:00:00,25,M0107,SaaS,mid,C00178,20,4,1085,0.1022,1231.17,upi,Canara,594842,16,4,0,1,1,1,0,0,0,0,0,0,0,67
TXN0002195,2024-01-26T04:58:00,25,M0087,Logistics,mid,C01461,180,6,7399,0.092,4783.41,card,Canara,478642,4,4,0,0,0,0,0,0,0,0,0,0,0,27
TXN0002196,2024-01-26T09:00:00,25,M0008,Retail,low,C00185,236,5,5889,0.0713,7184.44,netbanking,ICICI,530004,9,4,0,0,0,0,0,0,0,0,0,0,0,42
TXN0002197,2024-01-26T08:03:00,25,M0191,Logistics,high,C01022,974,77,19220,0.0059,5399.04,card,Axis,481334,8,4,0,0,0,1,0,0,0,1,0,0,0,59
TXN0002198,2024-01-26T07:58:00,25,M0039,Logistics,mid,C00616,911,58,7892,0.0092,13709.3,wallet,ICICI,580822,7,4,0,0,0,1,0,0,0,0,0,0,0,46
TXN0002199,2024-01-26T13:50:00,25,M0112,Logistics,mid,C01437,172,14,2265,0.197,3571.01,card,Yes,555269,13,4,0,0,0,0,0,0,0,1,0,0,0,36
TXN0002200,2024-01-26T08:53:00,25,M0088,Food,low,C00198,25,4,1477,0.1421,580.05,upi,Yes,471906,8,4,0,0,0,1,0,0,0,1,0,0,0,65
TXN0002201,2024-01-26T17:42:00,25,M0011,Food,low,C01036,209,8,7172,0.1514,2240.89,wallet,Canara,486891,17,4,0,10,0,0,0,0,0,0,0,0,0,22
TXN0002202,2024-01-26T09:43:00,25,M0042,Logistics,mid,C01069,740,66,8096,0.0128,19906.28,card,Yes,542268,9,4,0,13,0,0,0,0,0,0,0,0,0,66
TXN0002203,2024-01-26T06:51:00,25,M0006,Food,low,C00894,209,14,1372,0.0327,667.59,upi,Kotak,425096,6,4,0,0,0,0,0,0,0,0,0,0,0,33
TXN0002204,2024-01-26T20:45:00,25,M0071,Retail,low,C00450,253,6,6741,0.0816,7295.18,netbanking,Axis,451342,20,4,0,0,0,0,0,0,0,1,0,0,0,64
TXN0002205,2024-01-26T13:23:00,25,M0004,Logistics,low,C00444,14,1,1558,0.2692,3930.37,upi,Kotak,560498,13,4,0,0,0,1,0,0,0,0,0,0,0,66
TXN0002206,2024-01-26T08:13:00,25,M0196,Retail,low,C00515,925,86,18196,0.0233,17161.11,netbanking,HDFC,440981,8,4,0,0,0,0,0,0,0,1,0,0,0,46
TXN0002207,2024-01-26T18:52:00,25,M0004,Logistics,low,C00766,267,5,7258,0.0094,3749.63,netbanking,ICICI,543169,18,4,0,0,0,0,0,0,0,0,0,0,0,72
TXN0002208,2024-01-26T08:07:00,25,M0152,Retail,high,C00203,225,13,6886,0.0333,3531.35,wallet,HDFC,426213,8,4,0,0,0,0,1,0,0,0,0,1,0,63
TXN0002209,2024-01-26T19:46:00,25,M0187,SaaS,high,C00451,19,4,1309,0.0308,1158.41,card,ICICI,529581,19,4,0,0,0,0,0,0,0,1,0,0,0,71
TXN0002210,2024-01-26T16:16:00,25,M0139,Logistics,low,C00769,20,4,1474,0.1538,4970.68,upi,Axis,490087,16,4,0,0,0,0,0,0,0,1,0,0,0,21
TXN0002211,2024-01-26T22:33:00,25,M0143,Logistics,mid,C00968,111,12,4069,0.0077,18021.09,upi,SBI,513722,22,4,0,0,0,1,0,0,0,1,0,0,1,31
TXN0002212,2024-01-26T10:24:00,25,M0149,Services,low,C00285,799,102,4942,0.075,15723.13,card,SBI,401500,10,4,0,0,1,3,0,0,0,0,0,0,0,65
TXN0002213,2024-01-26T19:55:00,25,M0093,SaaS,mid,C01331,932,79,12508,0.025,5780.81,card,PNB,535397,19,4,0,0,0,0,0,0,0,1,0,0,0,27
TXN0002214,2024-01-26T22:40:00,25,M0172,Food,mid,C01008,20,4,1754,0.1233,2163.44,upi,Axis,559180,22,4,0,0,0,1,0,0,0,1,1,1,0,31
TXN0002215,2024-01-26T08:54:00,25,M0003,SaaS,low,C01006,228,20,5218,0.0396,2740.31,wallet,Yes,492938,8,4,0,0,0,0,0,0,0,0,0,0,0,69
TXN0002216,2024-01-26T14:59:00,25,M0058,B2B,low,C01135,10,4,1028,0.1164,8463.64,card,Canara,431992,14,4,0,0,0,0,0,0,0,1,0,0,0,33
TXN0002217,2024-01-26T13:26:00,25,M0075,Retail,mid,C00291,19,1,1376,0.0577,2061.93,card,SBI,597157,13,4,0,0,0,0,0,0,0,1,0,0,1,51
TXN0002218,2024-01-26T22:18:00,25,M0066,Food,mid,C00489,6,4,1320,0.1016,1664.23,card,ICICI,407636,22,4,0,0,0,0,0,1,0,0,0,1,1,53
TXN0002219,2024-01-26T10:43:00,25,M0071,Retail,low,C01476,108,9,2688,0.0579,2695.35,upi,Kotak,572144,10,4,0,0,0,0,0,0,0,0,0,0,0,46
TXN0002220,2024-01-26T07:48:00,25,M0164,Logistics,high,C00135,132,19,2916,0.0791,33502.97,card,Canara,415418,7,4,0,1,1,1,0,1,0,0,1,1,0,32
TXN0002221,2024-01-26T14:57:00,25,M0088,Food,low,C01412,93,13,3187,0.0774,1701.17,card,SBI,597006,14,4,0,0,0,1,0,0,0,0,0,0,0,68
TXN0002222,2024-01-26T07:40:00,25,M0048,SaaS,mid,C01267,15,3,1733,0.143,2671.6,wallet,Kotak,497816,7,4,0,1,1,1,0,0,0,0,0,0,1,49
TXN0002223,2024-01-26T13:55:00,25,M0166,SaaS,mid,C01237,12,3,1754,0.1256,832.88,upi,SBI,425714,13,4,0,0,0,1,0,0,0,1,0,0,1,43
TXN0002224,2024-01-26T10:13:00,25,M0015,Services,low,C01328,206,10,5391,0.0281,11553.89,netbanking,Yes,530329,10,4,0,0,0,0,0,0,0,1,0,0,0,30
TXN0002225,2024-01-26T10:09:00,25,M0154,Retail,low,C00409,6,2,712,0.0617,1301.16,card,Axis,469867,10,4,0,0,0,0,1,0,0,0,0,1,1,68
TXN0002226,2024-01-26T15:12:00,25,M0176,SaaS,low,C00801,126,10,6631,0.1262,1222.55,wallet,SBI,508442,15,4,0,0,0,0,0,0,0,1,0,0,0,45
TXN0002227,2024-01-26T05:05:00,25,M0137,B2B,mid,C01235,111,8,1550,0.0381,13159.26,netbanking,ICICI,478243,5,4,0,0,0,0,0,0,0,0,0,1,0,23
TXN0002228,2024-01-26T22:28:00,25,M0006,Food,low,C00573,11,3,608,0.1234,200,card,PNB,572625,22,4,0,0,0,1,0,0,0,0,0,0,0,26
TXN0002229,2024-01-26T19:35:00,25,M0009,Retail,low,C00079,234,12,5076,0.0979,6873.73,wallet,Axis,563083,19,4,0,0,0,1,1,0,0,1,1,1,0,72
TXN0002230,2024-01-26T22:36:00,25,M0116,Services,low,C01134,289,7,5087,0.0305,3538.18,card,Kotak,478668,22,4,0,0,0,0,0,0,0,0,0,0,0,33
TXN0002231,2024-01-27T09:48:00,26,M0009,Retail,low,C01270,194,13,3612,0.2041,1758.47,wallet,SBI,591643,9,5,1,0,0,0,0,0,0,0,0,0,0,14
TXN0002232,2024-01-27T14:34:00,26,M0139,Logistics,low,C00911,25,1,557,0.0825,14538.5,card,Yes,433576,14,5,1,0,0,0,0,0,0,0,0,0,1,13
TXN0002233,2024-01-27T16:17:00,26,M0115,Services,high,C00739,126,20,6687,0.0675,4241.19,card,HDFC,568338,16,5,1,0,0,0,0,0,0,1,0,0,0,43
TXN0002234,2024-01-27T11:58:00,26,M0123,Logistics,high,C01313,19,3,724,0.1902,13003.82,card,SBI,578108,11,5,1,14,0,0,0,0,0,0,0,0,1,39
TXN0002235,2024-01-27T17:23:00,26,M0021,SaaS,mid,C01426,201,11,7965,0.1505,4153.0,card,Axis,597692,17,5,1,0,0,0,0,0,0,1,1,1,0,55
TXN0002236,2024-01-27T17:11:00,26,M0186,B2B,mid,C01069,740,66,8096,0.0128,13987.34,wallet,Axis,482602,17,5,1,0,0,1,0,0,0,0,0,0,0,72
TXN0002237,2024-01-27T12:46:00,26,M0014,Logistics,high,C01390,12,2,1902,0.1392,46166.54,wallet,Yes,437139,12,5,1,0,0,0,0,0,0,0,1,1,0,57
TXN0002238,2024-01-27T17:26:00,26,M0152,Retail,high,C00514,23,2,1082,0.0667,9824.45,wallet,Canara,505309,17,5,1,0,0,0,0,0,0,0,1,1,0,15
TXN0002239,2024-01-27T10:08:00,26,M0045,Food,high,C00327,221,7,5770,0.1545,1391.89,wallet,SBI,566034,10,5,1,0,0,0,0,0,0,1,0,0,0,68
TXN0002240,2024-01-27T09:05:00,26,M0005,Logistics,high,C00346,23,1,1516,0.0407,9643.42,card,PNB,479478,9,5,1,0,0,1,0,0,0,0,0,0,1,13
TXN0002241,2024-01-27T13:39:00,26,M0153,Food,low,C01340,5,4,975,0.1102,1702.86,card,HDFC,506256,13,5,1,0,0,0,0,0,0,1,0,0,1,23
TXN0002242,2024-01-27T03:42:00,26,M0130,Food,low,C01024,136,10,1176,0.0902,1105.5,upi,HDFC,467594,3,5,1,0,0,2,0,0,0,1,0,0,0,18
TXN0002243,2024-01-27T12:39:00,26,M0168,Food,high,C00214,16,1,1608,0.0371,735.8,upi,Axis,556970,12,5,1,0,0,0,0,1,0,0,1,1,0,41
TXN0002244,2024-01-27T22:34:00,26,M0123,Logistics,high,C01265,12,1,1705,0.0059,13050.85,wallet,HDFC,460263,22,5,1,0,0,2,0,0,0,0,0,0,1,58
TXN0002245,2024-01-27T22:12:00,26,M0194,Retail,mid,C01010,988,54,7189,0.0172,8482.25,upi,Kotak,434944,22,5,1,0,0,0,0,0,0,0,0,0,0,71
TXN0002246,2024-01-27T17:44:00,26,M0003,SaaS,low,C00068,788,109,6849,0.0242,3218.18,netbanking,PNB,522869,17,5,1,10,0,0,0,0,0,0,0,0,0,26
TXN0002247,2024-01-27T09:21:00,26,M0043,Logistics,high,C01437,172,14,2265,0.197,4521.21,card,Kotak,524178,9,5,1,0,1,1,1,0,0,0,1,1,0,19
TXN0002248,2024-01-27T17:45:00,26,M0118,Retail,mid,C00560,15,4,854,0.0782,840.26,card,Canara,455134,17,5,1,0,0,1,0,1,0,0,1,1,0,65
TXN0002249,2024-01-27T18:24:00,26,M0125,Retail,low,C00675,765,119,10400,0.0,4702.23,card,SBI,560781,18,5,1,0,0,3,0,0,0,1,0,0,0,21
TXN0002250,2024-01-27T12:16:00,26,M0037,Retail,mid,C00154,270,10,5468,0.0633,5617.35,wallet,SBI,532080,12,5,1,0,0,1,0,0,0,0,0,0,0,33
TXN0002251,2024-01-27T15:43:00,26,M0031,Food,mid,C00283,217,9,7429,0.0668,6358.9,card,Canara,534508,15,5,1,0,0,0,0,0,0,0,0,0,0,57
TXN0002252,2024-01-27T11:58:00,26,M0075,Retail,mid,C01095,777,113,8947,0.0105,8962.73,card,ICICI,427632,11,5,1,0,0,0,0,0,0,0,0,0,0,60
TXN0002253,2024-01-27T12:35:00,26,M0084,B2B,mid,C00434,17,4,1353,0.0554,9469.89,upi,HDFC,470785,12,5,1,0,0,0,0,0,0,1,0,0,0,52
TXN0002254,2024-01-27T15:20:00,26,M0171,Retail,low,C00664,257,11,5259,0.0795,4619.77,upi,PNB,550401,15,5,1,0,0,0,0,0,0,1,0,0,0,62
TXN0002255,2024-01-27T15:36:00,26,M0140,Logistics,high,C00972,154,6,1551,0.1387,8558.72,upi,Yes,556271,15,5,1,0,0,1,0,0,0,0,0,0,0,53
TXN0002256,2024-01-27T15:11:00,26,M0033,Logistics,low,C00215,256,18,4067,0.245,26819.2,card,Axis,453173,15,5,1,9,0,1,0,0,0,0,0,0,1,41
TXN0002257,2024-01-27T14:22:00,26,M0114,Logistics,mid,C00124,769,61,23152,0.0186,13246.95,card,Axis,436674,14,5,1,0,0,0,0,0,0,0,0,0,0,47
TXN0002258,2024-01-27T16:19:00,26,M0130,Food,low,C00532,185,11,3626,0.1331,7864.55,netbanking,Kotak,570753,16,5,1,0,0,0,0,0,0,0,0,0,0,44
TXN0002259,2024-01-27T01:44:00,26,M0192,B2B,mid,C00717,769,63,8399,0.0059,64020.42,wallet,Axis,403875,1,5,1,0,0,0,0,0,0,0,1,1,0,33
TXN0002260,2024-01-27T20:11:00,26,M0024,B2B,mid,C01444,129,7,7536,0.0228,21555.94,upi,ICICI,441472,20,5,1,1,0,0,0,0,0,0,1,1,0,39
TXN0002261,2024-01-27T16:19:00,26,M0181,Food,high,C01310,784,79,24837,0.0081,21085.57,card,PNB,540546,16,5,1,0,0,0,1,0,0,0,1,1,0,40
TXN0002262,2024-01-27T09:48:00,26,M0088,Food,low,C00785,9,1,1029,0.1564,1297.65,card,ICICI,552655,9,5,1,0,0,1,1,0,0,0,1,1,0,12
TXN0002263,2024-01-27T12:03:00,26,M0176,SaaS,low,C01075,73,14,1901,0.0584,280.24,upi,Kotak,580832,12,5,1,0,0,0,0,0,0,1,0,0,0,33
TXN0002264,2024-01-27T08:09:00,26,M0197,Food,low,C00059,137,17,3230,0.0947,2050.4,wallet,Axis,438932,8,5,1,0,0,0,0,0,0,1,0,0,0,67
TXN0002265,2024-01-27T16:15:00,26,M0151,Food,low,C01460,11,4,1061,0.0319,1629.58,card,Canara,466136,16,5,1,0,0,0,0,0,0,1,0,0,1,35
TXN0002266,2024-01-27T13:24:00,26,M0184,Logistics,high,C01438,223,12,1229,0.2301,6985.86,card,Yes,546900,13,5,1,0,0,1,0,0,0,1,0,0,0,67
TXN0002267,2024-01-27T13:03:00,26,M0100,Retail,low,C00346,23,1,1516,0.0407,930.52,wallet,HDFC,467209,13,5,1,0,1,2,0,0,0,1,0,0,1,68
TXN0002268,2024-01-27T20:57:00,26,M0184,Logistics,high,C00055,7,2,505,0.0761,7078.96,card,Canara,474422,20,5,1,0,0,0,0,0,0,0,0,0,0,58
TXN0002269,2024-01-27T21:11:00,26,M0154,Retail,low,C00459,61,15,3016,0.1617,2685.59,wallet,ICICI,435029,21,5,1,0,0,0,0,0,0,0,0,0,0,39
TXN0002270,2024-01-27T15:53:00,26,M0027,Services,high,C00326,91,5,1505,0.2531,1132.03,upi,PNB,585289,15,5,1,0,0,0,0,0,0,1,0,0,0,41
TXN0002271,2024-01-27T12:53:00,26,M0088,Food,low,C00822,175,15,6992,0.2517,3127.16,wallet,ICICI,501496,12,5,1,0,0,1,0,0,0,0,0,0,0,24
TXN0002272,2024-01-27T12:20:00,26,M0161,Services,mid,C01430,24,1,1398,0.0992,4602.65,netbanking,Canara,526736,12,5,1,0,0,0,0,0,1,0,0,0,0,49
TXN0002273,2024-01-27T11:31:00,26,M0096,Food,mid,C00283,217,9,7429,0.0668,2565.52,card,Axis,485921,11,5,1,1,1,1,0,0,0,1,0,0,0,53
TXN0002274,2024-01-27T11:51:00,26,M0017,B2B,low,C00333,64,17,7405,0.1213,28749.13,netbanking,HDFC,414987,11,5,1,0,0,0,0,0,0,0,1,1,0,17
TXN0002275,2024-01-27T18:00:00,26,M0191,Logistics,high,C00044,254,12,6657,0.0891,21164.93,card,SBI,440702,18,5,1,0,0,1,0,0,0,0,0,0,0,15
TXN0002276,2024-01-27T11:42:00,26,M0043,Logistics,high,C00226,94,17,2989,0.0739,3714.87,wallet,Yes,513901,11,5,1,0,0,0,0,0,0,0,0,0,0,66
TXN0002277,2024-01-27T18:57:00,26,M0024,B2B,mid,C01461,180,6,7399,0.092,25666.25,upi,ICICI,482819,18,5,1,0,0,1,0,0,0,1,1,1,0,72
TXN0002278,2024-01-27T10:44:00,26,M0096,Food,mid,C00795,954,90,24116,0.0144,7644.33,netbanking,PNB,513834,10,5,1,0,0,1,1,0,0,0,1,1,0,18
TXN0002279,2024-01-27T16:57:00,26,M0196,Retail,low,C00673,806,50,4239,0.0236,7078.68,wallet,PNB,509448,16,5,1,0,0,0,1,0,0,0,1,1,0,16
TXN0002280,2024-01-27T19:47:00,26,M0120,Food,low,C01115,113,12,1457,0.1206,985.35,wallet,Axis,403284,19,5,1,0,0,0,0,0,0,0,0,0,0,51
TXN0002281,2024-01-27T11:23:00,26,M0109,Services,low,C01279,17,4,987,0.2452,4603.39,netbanking,Axis,544960,11,5,1,0,0,0,0,0,0,1,0,0,0,31
TXN0002282,2024-01-27T20:17:00,26,M0057,Food,high,C01410,23,4,940,0.1409,1039.53,card,ICICI,489738,20,5,1,0,0,0,0,0,0,0,0,0,0,48
TXN0002283,2024-01-27T10:27:00,26,M0152,Retail,high,C00960,154,7,7188,0.0316,6625.48,upi,PNB,586440,10,5,1,0,0,1,0,0,0,0,0,0,0,61
TXN0002284,2024-01-27T14:25:00,26,M0154,Retail,low,C01022,974,77,19220,0.0059,2895.12,wallet,Yes,459502,14,5,1,0,0,1,0,0,0,0,0,0,0,18
TXN0002285,2024-01-27T18:53:00,26,M0162,Services,high,C01176,13,4,908,0.0867,6554.83,upi,ICICI,500363,18,5,1,6,0,0,1,0,0,0,0,1,1,39
TXN0002286,2024-01-27T13:49:00,26,M0157,SaaS,mid,C00850,147,16,7302,0.0202,5265.32,wallet,Axis,417073,13,5,1,0,0,0,0,0,0,0,0,0,0,23
TXN0002287,2024-01-27T06:08:00,26,M0077,Services,high,C00396,14,4,1990,0.0986,2330.08,wallet,ICICI,567346,6,5,1,0,0,0,1,0,0,0,1,1,0,63
TXN0002288,2024-01-27T18:47:00,26,M0003,SaaS,low,C00149,178,20,6175,0.035,9284.82,wallet,PNB,491031,18,5,1,0,0,0,0,0,0,0,0,0,1,69
TXN0002289,2024-01-27T12:41:00,26,M0051,Food,low,C00102,143,17,5893,0.0911,1633.33,wallet,Yes,589018,12,5,1,0,0,1,0,0,0,0,0,0,1,53
TXN0002290,2024-01-27T07:03:00,26,M0115,Services,high,C00626,200,15,3220,0.0394,4134.6,card,ICICI,530960,7,5,1,12,0,0,0,0,0,0,0,0,0,39
TXN0002291,2024-01-27T07:31:00,26,M0106,Services,high,C01075,73,14,1901,0.0584,5328.19,netbanking,PNB,582575,7,5,1,1,1,1,0,0,0,1,1,1,0,68
TXN0002292,2024-01-27T18:43:00,26,M0101,Food,low,C00747,241,14,1235,0.0284,1283.33,card,SBI,410099,18,5,1,0,0,0,0,0,0,0,0,0,0,55
TXN0002293,2024-01-27T20:59:00,26,M0007,Food,mid,C00285,799,102,4942,0.075,4026.15,card,Kotak,582518,20,5,1,0,0,4,0,0,0,1,0,0,0,59
TXN0002294,2024-01-27T08:19:00,26,M0119,Retail,high,C01160,13,3,1349,0.0094,2549.18,upi,Axis,444629,8,5,1,0,0,0,0,0,0,1,0,0,1,71
TXN0002295,2024-01-27T16:54:00,26,M0046,SaaS,high,C01270,194,13,3612,0.2041,2076.99,wallet,SBI,499218,16,5,1,0,1,1,0,0,0,0,0,0,0,67
TXN0002296,2024-01-27T15:54:00,26,M0177,Food,low,C00679,25,4,888,0.0293,1544.01,card,ICICI,557481,15,5,1,0,0,0,0,0,0,1,0,0,1,20
TXN0002297,2024-01-27T14:49:00,26,M0199,SaaS,mid,C00067,25,2,1953,0.0356,598.9,netbanking,ICICI,441054,14,5,1,0,0,0,0,0,0,0,0,0,1,58
TXN0002298,2024-01-27T21:36:00,26,M0006,Food,low,C01432,91,8,2195,0.2033,1220.64,netbanking,HDFC,587969,21,5,1,0,0,0,0,0,0,0,0,0,0,69
TXN0002299,2024-01-27T07:03:00,26,M0021,SaaS,mid,C00707,138,10,6761,0.0794,4364.45,netbanking,Yes,580525,7,5,1,0,0,0,0,0,0,1,0,0,0,23
TXN0002300,2024-01-27T11:47:00,26,M0019,Services,mid,C00234,20,4,1443,0.0488,3200.65,upi,Canara,429092,11,5,1,0,0,1,0,0,0,1,0,0,0,45
TXN0002301,2024-01-27T23:09:00,26,M0183,Retail,mid,C00628,6,1,1373,0.0525,1798.66,netbanking,Canara,406746,23,5,1,0,0,0,0,0,0,1,0,0,0,68
TXN0002302,2024-01-27T00:16:00,26,M0122,Retail,low,C01339,5,4,1990,0.0703,3019.29,upi,Canara,437590,0,5,1,0,1,1,0,0,0,0,1,1,0,26
TXN0002303,2024-01-27T06:31:00,26,M0122,Retail,low,C00104,84,15,4496,0.0376,1964.27,card,ICICI,404339,6,5,1,0,0,0,0,0,0,1,0,0,0,25
TXN0002304,2024-01-27T09:07:00,26,M0047,Logistics,low,C00038,277,18,7736,0.0967,12770.83,upi,SBI,460235,9,5,1,0,0,0,0,0,0,0,0,0,0,17
TXN0002305,2024-01-27T13:52:00,26,M0058,B2B,low,C01204,24,4,1562,0.0722,21299.57,wallet,HDFC,594401,13,5,1,0,0,0,0,0,0,1,0,0,1,72
TXN0002306,2024-01-27T10:45:00,26,M0123,Logistics,high,C01380,83,11,3115,0.0312,17175.83,upi,Axis,537224,10,5,1,0,0,0,0,0,0,0,0,0,0,16
TXN0002307,2024-01-27T16:16:00,26,M0057,Food,high,C00250,152,8,1749,0.0053,2541.01,netbanking,HDFC,445929,16,5,1,0,0,0,0,0,0,0,0,0,0,44
TXN0002308,2024-01-27T19:28:00,26,M0092,Food,low,C00678,158,11,3448,0.1289,2189.42,netbanking,PNB,475344,19,5,1,0,0,0,1,0,0,0,1,1,0,12
TXN0002309,2024-01-28T10:31:00,27,M0190,Services,low,C00918,794,115,11397,0.0088,21450.67,netbanking,Axis,433916,10,6,1,0,0,1,0,0,0,0,0,0,0,63
TXN0002310,2024-01-28T13:49:00,27,M0183,Retail,mid,C00229,11,1,1480,0.1655,2336.28,netbanking,ICICI,501797,13,6,1,0,0,1,0,0,0,1,0,0,0,51
TXN0002311,2024-01-28T10:07:00,27,M0004,Logistics,low,C01010,988,54,7189,0.0172,5854.06,upi,ICICI,525512,10,6,1,0,1,1,0,0,0,0,0,0,0,67
TXN0002312,2024-01-28T21:41:00,27,M0075,Retail,mid,C00335,74,20,5337,0.0794,2448.52,card,SBI,590284,21,6,1,0,0,0,0,0,0,1,0,0,0,54
TXN0002313,2024-01-28T21:07:00,27,M0154,Retail,low,C01481,91,10,7198,0.0378,8191.08,wallet,Axis,491945,21,6,1,0,0,0,0,0,0,0,0,0,0,43
TXN0002314,2024-01-28T13:52:00,27,M0141,Logistics,low,C01057,5,2,514,0.1246,18631.67,netbanking,SBI,521995,13,6,1,0,0,1,0,0,0,0,0,0,0,58
TXN0002315,2024-01-28T11:46:00,27,M0159,Services,low,C00871,21,4,1704,0.0778,1999.79,netbanking,Yes,581858,11,6,1,0,0,0,0,0,0,0,0,0,0,12
TXN0002316,2024-01-28T17:09:00,27,M0106,Services,high,C00804,23,1,528,0.1041,2106.74,upi,Axis,548824,17,6,1,14,0,0,0,0,0,1,0,0,0,13
TXN0002317,2024-01-28T22:40:00,27,M0042,Logistics,mid,C00073,293,17,4162,0.1695,27565.58,upi,ICICI,463939,22,6,1,1,0,0,0,0,0,0,1,1,0,71
TXN0002318,2024-01-28T21:02:00,27,M0193,B2B,low,C00883,196,10,1155,0.0425,37321.8,wallet,Canara,463258,21,6,1,0,0,1,0,0,0,1,1,1,0,19
TXN0002319,2024-01-28T10:24:00,27,M0131,Logistics,high,C01083,194,5,2367,0.1078,5953.65,upi,SBI,458475,10,6,1,0,0,0,0,0,0,0,0,0,0,58
TXN0002320,2024-01-28T23:06:00,27,M0023,Services,low,C01019,794,116,24749,0.0205,20919.0,upi,HDFC,492176,23,6,1,1,0,0,0,0,0,0,1,1,0,28
TXN0002321,2024-01-28T17:24:00,27,M0117,SaaS,low,C01280,146,17,1316,0.1056,1586.53,netbanking,Kotak,451767,17,6,1,0,0,1,0,0,0,0,0,0,0,63
TXN0002322,2024-01-28T09:53:00,27,M0070,Services,low,C00665,272,7,1097,0.067,2335.22,card,Axis,474560,9,6,1,6,0,0,0,0,0,1,0,0,0,27
TXN0002323,2024-01-28T19:51:00,27,M0190,Services,low,C01321,14,2,1098,0.1209,7245.8,wallet,Kotak,425616,19,6,1,0,0,1,0,0,0,0,0,0,1,64
TXN0002324,2024-01-28T16:40:00,27,M0106,Services,high,C01333,70,10,3319,0.0482,1790.03,netbanking,PNB,594112,16,6,1,0,0,0,0,0,0,1,0,0,0,46
TXN0002325,2024-01-28T11:03:00,27,M0181,Food,high,C00615,233,15,5548,0.0875,1799.95,upi,SBI,499772,11,6,1,0,0,0,0,0,0,1,1,1,0,47
TXN0002326,2024-01-28T19:19:00,27,M0025,Food,mid,C00755,8,2,1515,0.1589,1848.8,netbanking,Kotak,575722,19,6,1,0,0,1,0,1,0,0,1,1,0,69
TXN0002327,2024-01-28T12:56:00,27,M0096,Food,mid,C01435,239,13,5654,0.071,6740.08,upi,ICICI,493667,12,6,1,0,0,0,0,0,0,0,0,0,0,49
TXN0002328,2024-01-28T18:29:00,27,M0183,Retail,mid,C00553,21,2,1667,0.1014,1430.64,netbanking,Canara,519422,18,6,1,8,0,0,0,0,0,0,0,0,1,30
TXN0002329,2024-01-28T13:40:00,27,M0028,Retail,mid,C01370,917,116,3464,0.0555,3905.39,netbanking,SBI,484131,13,6,1,0,0,0,0,0,0,0,0,0,0,63
TXN0002330,2024-01-28T10:20:00,27,M0081,Logistics,high,C00662,911,105,23004,0.0401,27378.49,card,Kotak,461678,10,6,1,0,0,0,0,0,1,0,1,1,0,30
TXN0002331,2024-01-28T09:07:00,27,M0142,Retail,mid,C00828,99,20,5319,0.1355,5912.63,card,Canara,487020,9,6,1,0,0,1,0,0,0,0,0,0,0,15
TXN0002332,2024-01-28T12:36:00,27,M0025,Food,mid,C00668,824,82,12652,0.0095,6931.3,netbanking,Axis,526522,12,6,1,0,0,0,0,0,0,0,0,0,0,28
TXN0002333,2024-01-28T19:35:00,27,M0121,Food,low,C00841,186,14,1303,0.0839,1249.49,netbanking,Kotak,566321,19,6,1,0,0,1,0,0,0,1,1,1,0,70
TXN0002334,2024-01-28T02:40:00,27,M0070,Services,low,C00363,794,55,16873,0.0015,26769.89,upi,HDFC,470471,2,6,1,0,0,0,0,0,0,0,1,1,0,45
TXN0002335,2024-01-28T11:12:00,27,M0010,SaaS,high,C01286,75,13,3108,0.007,2687.62,wallet,HDFC,497986,11,6,1,0,0,0,0,0,0,0,0,0,0,24
TXN0002336,2024-01-28T15:12:00,27,M0184,Logistics,high,C01177,162,11,3048,0.0283,4311.73,upi,ICICI,430813,15,6,1,0,0,0,0,0,0,0,0,0,0,25
TXN0002337,2024-01-28T22:58:00,27,M0138,Services,mid,C01001,6,3,514,0.1072,1326.39,wallet,Canara,402846,22,6,1,0,0,0,0,0,0,0,0,0,0,36
TXN0002338,2024-01-28T08:12:00,27,M0110,Food,high,C01043,200,13,3135,0.0747,2490.95,upi,ICICI,470632,8,6,1,0,0,0,0,0,0,0,0,0,0,50
TXN0002339,2024-01-28T15:16:00,27,M0058,B2B,low,C00572,739,98,22103,0.0447,23983.34,upi,ICICI,488146,15,6,1,0,0,1,0,0,0,0,0,0,0,35
TXN0002340,2024-01-28T01:13:00,27,M0133,SaaS,mid,C00576,741,55,11106,0.0526,6707.8,upi,ICICI,528765,1,6,1,0,0,0,0,0,0,0,0,0,0,56
TXN0002341,2024-01-28T15:05:00,27,M0093,SaaS,mid,C00744,295,10,1839,0.0357,1207.56,netbanking,Kotak,459404,15,6,1,0,0,1,0,0,0,0,0,0,0,57
TXN0002342,2024-01-28T06:32:00,27,M0000,Logistics,low,C00526,99,14,1086,0.0004,12522.12,wallet,Kotak,537906,6,6,1,0,0,0,0,1,0,0,1,1,0,29
TXN0002343,2024-01-28T09:28:00,27,M0035,SaaS,mid,C00761,187,13,7265,0.1654,2454.89,card,Canara,451880,9,6,1,0,0,0,0,0,0,1,0,0,0,31
TXN0002344,2024-01-28T02:53:00,27,M0139,Logistics,low,C01133,187,8,7592,0.01,15102.84,card,Canara,521159,2,6,1,0,0,0,1,0,0,1,1,1,0,37
TXN0002345,2024-01-28T18:34:00,27,M0034,Retail,high,C00764,925,91,8004,0.0068,6932.63,wallet,Kotak,565492,18,6,1,0,0,0,0,0,0,0,0,0,0,51
TXN0002346,2024-01-28T23:30:00,27,M0065,B2B,high,C00112,205,7,1430,0.0376,98546.89,netbanking,ICICI,565893,23,6,1,0,0,0,0,0,0,0,1,1,0,56
TXN0002347,2024-01-28T15:05:00,27,M0135,Retail,low,C01408,162,5,2506,0.0998,4492.56,wallet,HDFC,458141,15,6,1,0,0,1,0,0,0,0,0,0,0,57
TXN0002348,2024-01-28T18:31:00,27,M0070,Services,low,C00348,244,5,1394,0.0422,6213.16,wallet,Axis,572722,18,6,1,0,0,0,0,1,0,1,1,1,0,28
TXN0002349,2024-01-28T09:05:00,27,M0145,SaaS,low,C00887,8,3,791,0.0813,2297.76,netbanking,ICICI,442978,9,6,1,0,0,0,0,1,0,0,1,1,0,58
TXN0002350,2024-01-28T16:11:00,27,M0143,Logistics,mid,C01078,5,2,1178,0.0571,7363.89,netbanking,Yes,517856,16,6,1,0,0,0,0,0,1,1,0,0,1,37
TXN0002351,2024-01-28T10:03:00,27,M0139,Logistics,low,C01349,21,2,1757,0.1363,21314.32,netbanking,Kotak,598844,10,6,1,0,0,0,0,0,0,0,0,0,1,72
TXN0002352,2024-01-28T05:21:00,27,M0113,Services,high,C00474,739,86,5809,0.0047,6467.66,netbanking,ICICI,510284,5,6,1,0,0,0,0,0,0,0,1,1,0,69
TXN0002353,2024-01-28T14:16:00,27,M0090,Logistics,mid,C00687,211,10,3748,0.0173,13301.93,card,SBI,559207,14,6,1,0,0,0,0,0,0,0,0,0,0,63
TXN0002354,2024-01-28T11:51:00,27,M0072,SaaS,high,C00677,22,3,664,0.2321,661.94,netbanking,Axis,535719,11,6,1,0,0,0,0,0,0,0,0,0,1,54
TXN0002355,2024-01-28T18:56:00,27,M0169,Food,low,C01239,20,3,1092,0.1306,716.59,wallet,Yes,593580,18,6,1,0,0,1,0,0,0,1,0,0,0,18
TXN0002356,2024-01-28T10:58:00,27,M0026,Retail,high,C01138,18,4,1038,0.3389,1504.49,wallet,PNB,529043,10,6,1,0,0,0,0,0,0,0,0,0,0,33
TXN0002357,2024-01-28T08:35:00,27,M0030,B2B,high,C01498,12,2,1312,0.0618,21092.68,netbanking,Kotak,583378,8,6,1,0,0,1,0,0,0,0,1,1,0,13
TXN0002358,2024-01-28T06:34:00,27,M0102,Retail,high,C01053,172,16,7541,0.0741,9746.56,upi,Yes,430600,6,6,1,0,0,0,0,0,0,0,0,0,0,37
TXN0002359,2024-01-28T17:24:00,27,M0105,SaaS,high,C00927,914,55,3972,0.0048,1770.88,card,PNB,554091,17,6,1,0,0,0,0,0,0,0,0,0,0,26
TXN0002360,2024-01-28T02:06:00,27,M0162,Services,high,C01298,215,13,7519,0.0801,6581.78,upi,SBI,457980,2,6,1,0,0,1,0,0,0,0,1,1,0,71
TXN0002361,2024-01-28T08:07:00,27,M0137,B2B,mid,C01257,986,89,16081,0.0186,38229.22,wallet,SBI,547653,8,6,1,0,0,0,0,0,0,1,0,1,0,61
TXN0002362,2024-01-28T08:54:00,27,M0145,SaaS,low,C01456,971,88,15150,0.0033,6278.42,upi,PNB,504045,8,6,1,0,0,1,0,1,0,0,1,1,0,68
TXN0002363,2024-01-28T09:20:00,27,M0148,SaaS,mid,C01326,15,3,1882,0.0626,1447.54,upi,PNB,546990,9,6,1,0,0,0,0,0,0,0,0,0,0,45
TXN0002364,2024-01-28T07:46:00,27,M0031,Food,mid,C00905,997,85,9286,0.052,4896.9,upi,HDFC,470621,7,6,1,0,0,0,1,0,0,0,0,1,0,12
TXN0002365,2024-01-28T09:28:00,27,M0042,Logistics,mid,C01418,16,4,1350,0.0837,8769.41,netbanking,SBI,470119,9,6,1,0,0,0,0,0,0,1,0,0,0,71
TXN0002366,2024-01-28T06:57:00,27,M0032,Food,low,C01271,219,20,3291,0.0181,3054.32,netbanking,Kotak,438537,6,6,1,0,0,2,0,0,0,0,1,1,0,44
TXN0002367,2024-01-28T07:34:00,27,M0055,Services,mid,C00220,162,19,2919,0.0824,4818.44,netbanking,Kotak,490509,7,6,1,0,0,0,0,0,0,0,0,0,0,47
TXN0002368,2024-01-28T15:51:00,27,M0033,Logistics,low,C01011,969,71,17623,0.0588,25537.43,wallet,Kotak,543329,15,6,1,0,0,1,0,0,0,1,0,0,0,22
TXN0002369,2024-01-28T19:00:00,27,M0137,B2B,mid,C00816,19,4,737,0.0138,43767.42,netbanking,HDFC,506756,19,6,1,0,0,0,0,0,0,1,0,1,1,21
TXN0002370,2024-01-28T08:40:00,27,M0069,SaaS,high,C00706,63,18,2785,0.0298,4973.35,wallet,SBI,507139,8,6,1,0,0,0,0,0,0,1,0,0,0,47
TXN0002371,2024-01-28T03:37:00,27,M0069,SaaS,high,C00960,154,7,7188,0.0316,5736.97,wallet,Kotak,438815,3,6,1,0,1,2,0,0,0,0,0,0,0,59
TXN0002372,2024-01-28T19:43:00,27,M0031,Food,mid,C01449,25,4,501,0.0588,533.67,netbanking,Kotak,591756,19,6,1,0,0,1,0,0,0,1,0,0,1,51
TXN0002373,2024-01-28T10:09:00,27,M0019,Services,mid,C01366,185,10,4878,0.1548,3695.82,card,PNB,573947,10,6,1,0,0,0,1,0,0,0,1,1,0,20
TXN0002374,2024-01-28T19:54:00,27,M0151,Food,low,C00020,162,12,2208,0.21,1493.72,card,SBI,433506,19,6,1,0,0,0,0,0,0,0,0,0,0,64
TXN0002375,2024-01-28T05:01:00,27,M0194,Retail,mid,C00199,7,2,1595,0.2347,1019.79,netbanking,PNB,480673,5,6,1,0,0,0,0,0,0,0,0,0,0,50
TXN0002376,2024-01-28T17:39:00,27,M0123,Logistics,high,C00162,893,94,5127,0.0172,7093.25,netbanking,ICICI,457603,17,6,1,0,0,0,0,0,0,0,0,0,0,37
TXN0002377,2024-01-28T07:07:00,27,M0149,Services,low,C01487,880,97,23236,0.0125,8750.0,upi,Kotak,504623,7,6,1,0,0,1,0,0,0,1,0,0,0,48
TXN0002378,2024-01-28T19:21:00,27,M0131,Logistics,high,C00392,15,2,1141,0.0684,4888.91,upi,Axis,526163,19,6,1,10,0,1,0,0,0,1,0,0,0,41
TXN0002379,2024-01-28T14:48:00,27,M0147,SaaS,mid,C00067,25,2,1953,0.0356,652.71,netbanking,Kotak,497624,14,6,1,0,1,1,1,0,0,0,0,1,1,29
TXN0002380,2024-01-28T10:46:00,27,M0009,Retail,low,C00257,237,11,4924,0.0529,6702.75,upi,Yes,488316,10,6,1,9,0,0,0,0,0,0,0,0,0,51
TXN0002381,2024-01-28T09:38:00,27,M0189,SaaS,mid,C00754,16,4,1368,0.0617,1401.76,wallet,HDFC,453641,9,6,1,0,0,0,0,0,0,1,0,0,1,27
TXN0002382,2024-01-28T11:56:00,27,M0038,B2B,mid,C01421,87,15,5114,0.0752,18154.03,upi,ICICI,426084,11,6,1,0,0,1,0,0,0,0,0,0,1,69
TXN0002383,2024-01-28T07:31:00,27,M0104,Food,low,C01132,288,17,2958,0.0648,1875.82,wallet,Canara,458629,7,6,1,0,0,0,1,0,0,0,0,1,0,21
TXN0002384,2024-01-28T09:42:00,27,M0030,B2B,high,C00415,768,112,13506,0.0062,49992.07,card,Kotak,467598,9,6,1,0,0,1,0,0,1,0,0,1,1,16
TXN0002385,2024-01-28T00:45:00,27,M0074,Services,high,C00858,77,7,3771,0.0765,7854.17,netbanking,ICICI,452973,0,6,1,0,0,0,0,0,0,1,0,0,1,27
TXN0002386,2024-01-28T15:04:00,27,M0054,Retail,mid,C01421,87,15,5114,0.0752,2402.89,netbanking,Axis,532714,15,6,1,0,1,2,0,0,0,0,0,0,0,70
TXN0002387,2024-01-28T13:00:00,27,M0096,Food,mid,C00180,200,13,7760,0.0326,9480.19,card,Kotak,578977,13,6,1,0,0,0,1,0,0,0,1,1,0,62
TXN0002388,2024-01-28T06:59:00,27,M0063,SaaS,high,C00792,275,6,6658,0.0466,3428.19,upi,ICICI,575271,6,6,1,0,0,0,0,0,0,1,0,0,0,24
TXN0002389,2024-01-28T08:39:00,27,M0181,Food,high,C00734,20,3,635,0.1512,1245.29,upi,Yes,509228,8,6,1,0,0,0,0,0,0,0,0,0,0,63
TXN0002390,2024-01-28T16:18:00,27,M0097,Services,low,C00028,842,112,10190,0.0064,5291.71,card,Kotak,595577,16,6,1,0,0,0,0,0,0,1,0,0,0,68
TXN0002391,2024-01-28T09:37:00,27,M0083,B2B,low,C00090,885,113,6805,0.0021,21197.19,card,Axis,562578,9,6,1,0,0,1,0,0,0,1,0,0,0,30
TXN0002392,2024-01-28T12:22:00,27,M0120,Food,low,C01430,24,1,1398,0.0992,2462.94,wallet,PNB,494527,12,6,1,0,0,1,0,0,0,0,0,0,0,64
TXN0002393,2024-01-28T11:20:00,27,M0152,Retail,high,C00636,76,15,2705,0.1601,3667.1,upi,Kotak,429007,11,6,1,0,0,0,0,0,0,1,0,0,0,31
TXN0002394,2024-01-28T06:34:00,27,M0079,Retail,high,C01391,114,20,6475,0.0823,4196.94,upi,PNB,428905,6,6,1,8,0,0,0,0,0,1,0,0,0,44
TXN0002395,2024-01-28T16:58:00,27,M0139,Logistics,low,C00273,104,14,6033,0.1228,15511.94,card,Yes,430379,16,6,1,0,0,1,0,0,0,0,0,0,0,55
TXN0002396,2024-01-28T10:28:00,27,M0122,Retail,low,C00626,200,15,3220,0.0394,5856.61,netbanking,Canara,411068,10,6,1,0,0,1,0,0,0,1,0,0,0,41
TXN0002397,2024-01-28T02:50:00,27,M0195,Food,high,C00252,212,15,4155,0.0065,3001.18,wallet,Yes,421748,2,6,1,0,0,0,0,0,0,0,0,0,0,69
TXN0002398,2024-01-28T11:16:00,27,M0174,SaaS,low,C00885,157,13,1745,0.0382,2339.66,netbanking,Yes,441041,11,6,1,0,0,0,0,1,0,0,1,1,0,51
TXN0002399,2024-01-28T15:50:00,27,M0112,Logistics,mid,C00988,21,3,1506,0.0789,11838.67,wallet,SBI,551473,15,6,1,0,0,0,0,0,0,0,0,0,0,54
TXN0002400,2024-01-28T09:23:00,27,M0176,SaaS,low,C01398,9,4,1905,0.069,1746.75,upi,Yes,493339,9,6,1,0,0,0,0,0,0,0,0,0,1,39
TXN0002401,2024-01-28T19:25:00,27,M0048,SaaS,mid,C00271,11,2,1070,0.1758,1327.86,wallet,Kotak,528812,19,6,1,0,0,1,0,0,0,0,0,0,0,25
TXN0002402,2024-01-28T07:40:00,27,M0105,SaaS,high,C00805,90,12,6845,0.0346,3121.14,wallet,Yes,543181,7,6,1,0,0,1,0,0,0,1,0,0,0,44
TXN0002403,2024-01-28T08:17:00,27,M0163,Logistics,high,C00960,154,7,7188,0.0316,9753.15,card,Canara,407353,8,6,1,0,2,3,1,0,0,0,1,1,0,42
TXN0002404,2024-01-29T14:16:00,28,M0150,Retail,mid,C01204,24,4,1562,0.0722,787.61,wallet,ICICI,567807,14,0,0,0,0,1,0,0,0,0,0,0,0,63
TXN0002405,2024-01-29T19:40:00,28,M0073,SaaS,high,C00856,21,4,967,0.023,594.57,netbanking,ICICI,430021,19,0,0,0,0,0,0,0,0,1,0,0,1,44
TXN0002406,2024-01-29T06:27:00,28,M0166,SaaS,mid,C00467,240,13,7839,0.1495,5096.68,netbanking,HDFC,544313,6,0,0,0,0,1,0,0,0,1,0,0,0,63
TXN0002407,2024-01-29T11:51:00,28,M0122,Retail,low,C00153,187,16,7531,0.082,3889.85,wallet,Kotak,407334,11,0,0,0,0,0,0,0,0,1,0,0,0,26
TXN0002408,2024-01-29T10:17:00,28,M0045,Food,high,C01129,210,6,3376,0.0541,2616.08,card,SBI,476224,10,0,0,0,0,0,0,1,0,0,0,1,1,54
TXN0002409,2024-01-29T06:15:00,28,M0091,Logistics,high,C00320,211,6,4563,0.1454,3536.16,wallet,Yes,541434,6,0,0,0,0,1,1,0,0,0,1,1,0,52
TXN0002410,2024-01-29T22:41:00,28,M0044,Logistics,low,C00966,6,2,1405,0.1134,5857.83,netbanking,Yes,598025,22,0,0,0,0,0,0,0,0,0,1,1,0,29
TXN0002411,2024-01-29T13:42:00,28,M0112,Logistics,mid,C00105,83,7,1763,0.0849,23313.6,netbanking,Axis,401297,13,0,0,0,0,0,0,0,0,0,0,0,0,31
TXN0002412,2024-01-29T09:41:00,28,M0084,B2B,mid,C00930,952,58,6882,0.0024,54337.25,netbanking,PNB,486470,9,0,0,0,0,0,0,0,0,1,1,1,0,55
TXN0002413,2024-01-29T23:32:00,28,M0038,B2B,mid,C01139,12,1,816,0.0541,13882.77,card,Canara,538421,23,0,0,0,0,0,0,0,0,1,0,0,1,30
TXN0002414,2024-01-29T09:50:00,28,M0117,SaaS,low,C00006,750,95,9883,0.0209,5681.5,upi,Yes,419886,9,0,0,0,0,1,0,0,0,1,0,0,0,48
TXN0002415,2024-01-29T07:22:00,28,M0069,SaaS,high,C00741,993,74,23579,0.0051,25619.23,upi,HDFC,539753,7,0,0,12,0,0,0,0,0,0,0,0,1,45
TXN0002416,2024-01-29T18:19:00,28,M0167,SaaS,low,C00965,103,7,6500,0.2055,4742.76,card,ICICI,598023,18,0,0,0,0,0,0,0,0,1,0,0,0,30
TXN0002417,2024-01-29T12:55:00,28,M0137,B2B,mid,C01143,141,6,5924,0.2209,44376.87,wallet,Canara,464767,12,0,0,1,0,0,0,0,0,1,1,1,0,22
TXN0002418,2024-01-29T23:20:00,28,M0081,Logistics,high,C01413,15,2,630,0.1079,34004.81,netbanking,Kotak,410309,23,0,0,0,0,1,0,0,0,0,1,1,0,71
TXN0002419,2024-01-29T18:52:00,28,M0110,Food,high,C00968,111,12,4069,0.0077,977.27,wallet,PNB,578694,18,0,0,0,0,2,0,0,0,0,0,0,0,61
TXN0002420,2024-01-29T15:43:00,28,M0147,SaaS,mid,C00744,295,10,1839,0.0357,3621.57,card,SBI,497843,15,0,0,0,0,2,0,0,0,0,0,0,0,36
TXN0002421,2024-01-29T15:13:00,28,M0007,Food,mid,C00995,165,7,1895,0.1327,1923.25,card,ICICI,505657,15,0,0,0,0,0,0,0,0,0,1,1,0,64
TXN0002422,2024-01-29T11:40:00,28,M0111,Logistics,low,C00368,218,17,1317,0.0644,11272.55,netbanking,Kotak,503318,11,0,0,0,0,0,0,0,0,0,0,0,0,52
TXN0002423,2024-01-29T14:59:00,28,M0183,Retail,mid,C01353,870,86,16964,0.0187,7954.08,upi,Kotak,477946,14,0,0,0,0,1,0,0,0,0,0,0,0,32
TXN0002424,2024-01-29T10:16:00,28,M0053,Retail,low,C00613,294,20,7531,0.0191,13719.82,netbanking,ICICI,506096,10,0,0,0,0,2,0,0,0,1,0,0,0,58
TXN0002425,2024-01-29T18:53:00,28,M0168,Food,high,C01466,15,3,1413,0.1741,1601.1,upi,SBI,596226,18,0,0,0,0,0,1,0,0,0,0,1,1,67
TXN0002426,2024-01-29T18:46:00,28,M0172,Food,mid,C00808,20,2,1162,0.047,322.29,upi,Canara,486377,18,0,0,0,0,0,0,0,0,0,0,0,1,47
TXN0002427,2024-01-29T11:38:00,28,M0177,Food,low,C00910,845,104,5439,0.0542,4879.68,upi,ICICI,593149,11,0,0,0,0,1,0,0,0,1,0,0,0,45
TXN0002428,2024-01-29T05:18:00,28,M0095,Food,low,C01137,796,106,15017,0.0135,6156.19,netbanking,SBI,506372,5,0,0,0,0,0,0,0,0,1,1,1,0,38
TXN0002429,2024-01-29T09:44:00,28,M0120,Food,low,C00123,211,6,3883,0.0949,3159.9,wallet,ICICI,464605,9,0,0,0,0,0,0,0,0,0,0,0,0,47
TXN0002430,2024-01-29T09:56:00,28,M0023,Services,low,C01435,239,13,5654,0.071,5306.24,wallet,ICICI,575165,9,0,0,0,1,1,1,0,0,0,0,1,0,53
TXN0002431,2024-01-29T10:50:00,28,M0186,B2B,mid,C01233,239,11,5229,0.0346,41065.9,wallet,ICICI,550126,10,0,0,12,0,0,0,0,0,0,0,1,1,16
TXN0002432,2024-01-29T08:44:00,28,M0096,Food,mid,C00187,270,12,1258,0.1298,1068.53,wallet,Yes,414921,8,0,0,0,0,0,0,0,0,0,0,0,0,31
TXN0002433,2024-01-29T08:04:00,28,M0192,B2B,mid,C01460,11,4,1061,0.0319,9701.65,card,Kotak,416613,8,0,0,0,0,1,0,0,0,0,0,0,0,16
TXN0002434,2024-01-29T15:50:00,28,M0039,Logistics,mid,C00165,165,18,7744,0.1186,48172.37,card,Canara,557830,15,0,0,0,0,1,0,0,0,0,1,1,0,72
TXN0002435,2024-01-29T11:47:00,28,M0118,Retail,mid,C00465,97,20,3939,0.0191,1100.66,netbanking,Kotak,595104,11,0,0,0,0,0,0,0,1,0,0,0,0,28
TXN0002436,2024-01-29T09:01:00,28,M0149,Services,low,C00612,15,3,1311,0.1636,3081.73,netbanking,SBI,444320,9,0,0,0,0,0,0,0,0,0,0,0,1,71
TXN0002437,2024-01-29T11:12:00,28,M0018,SaaS,high,C00530,869,86,24248,0.023,7339.84,wallet,ICICI,564792,11,0,0,0,0,0,0,0,0,1,0,0,1,19
TXN0002438,2024-01-29T21:44:00,28,M0171,Retail,low,C01343,14,3,808,0.014,2479.4,netbanking,SBI,593997,21,0,0,0,0,0,0,0,0,1,0,0,0,19
TXN0002439,2024-01-29T14:13:00,28,M0019,Services,mid,C00212,74,19,2080,0.1389,2839.46,card,ICICI,565222,14,0,0,0,0,0,1,0,0,0,1,1,0,63
TXN0002440,2024-01-29T14:26:00,28,M0108,Food,high,C00043,285,13,5553,0.0103,6258.34,wallet,SBI,542171,14,0,0,0,0,2,0,0,0,0,0,0,0,44
TXN0002441,2024-01-29T13:52:00,28,M0183,Retail,mid,C01149,892,51,7931,0.0336,5834.04,card,Yes,550700,13,0,0,0,0,1,0,0,0,0,0,0,0,58
TXN0002442,2024-01-29T17:49:00,28,M0097,Services,low,C00556,22,2,1268,0.1906,2420.32,card,Kotak,545338,17,0,0,0,0,0,0,0,0,1,0,0,1,31
TXN0002443,2024-01-29T19:13:00,28,M0118,Retail,mid,C00792,275,6,6658,0.0466,5027.95,upi,Kotak,414172,19,0,0,0,0,1,0,0,0,0,0,0,0,46
TXN0002444,2024-01-29T12:36:00,28,M0064,Food,high,C00697,211,15,4432,0.0478,5297.86,upi,ICICI,524243,12,0,0,0,0,1,0,0,0,0,0,0,0,49
TXN0002445,2024-01-29T11:33:00,28,M0096,Food,mid,C00835,979,88,23266,0.031,6399.36,upi,ICICI,467327,11,0,0,0,0,1,0,0,0,0,0,0,1,22
TXN0002446,2024-01-29T19:37:00,28,M0168,Food,high,C00438,15,4,1953,0.1344,2288.51,upi,Kotak,475681,19,0,0,0,0,0,0,0,0,1,0,0,0,59
TXN0002447,2024-01-29T13:44:00,28,M0069,SaaS,high,C01093,201,11,7691,0.0981,11190.68,card,PNB,570756,13,0,0,0,0,0,0,0,0,0,0,0,0,56
TXN0002448,2024-01-29T14:30:00,28,M0173,Food,high,C00024,184,12,3249,0.0951,9738.02,netbanking,PNB,514710,14,0,0,0,0,0,0,0,0,1,0,0,0,24
TXN0002449,2024-01-29T05:21:00,28,M0076,Services,high,C00013,300,11,3983,0.0544,4642.23,netbanking,Axis,595647,5,0,0,0,0,0,1,0,0,0,1,1,0,58
TXN0002450,2024-01-29T21:44:00,28,M0034,Retail,high,C01401,98,5,3761,0.048,3071.38,upi,Yes,595380,21,0,0,0,0,0,0,0,0,0,0,0,0,67
TXN0002451,2024-01-29T21:02:00,28,M0038,B2B,mid,C00780,270,19,3194,0.1202,16773.13,upi,Yes,476121,21,0,0,0,0,0,0,0,0,0,0,0,0,17
TXN0002452,2024-01-29T08:10:00,28,M0023,Services,low,C01061,20,3,1042,0.0431,1171.58,upi,ICICI,531880,8,0,0,0,0,0,0,0,0,1,0,0,0,17
TXN0002453,2024-01-29T13:47:00,28,M0165,Services,low,C00728,70,9,6554,0.1071,9417.23,upi,PNB,566931,13,0,0,0,0,1,0,0,0,1,0,0,0,29
TXN0002454,2024-01-29T12:19:00,28,M0120,Food,low,C00472,10,4,545,0.0467,1094.11,upi,Canara,419426,12,0,0,0,0,0,0,0,0,1,0,0,0,40
TXN0002455,2024-01-29T10:17:00,28,M0131,Logistics,high,C00211,21,4,738,0.1348,15612.56,upi,Kotak,583696,10,0,0,0,0,0,0,0,0,0,0,0,1,46
TXN0002456,2024-01-29T08:23:00,28,M0105,SaaS,high,C00171,127,11,7282,0.1708,2843.83,netbanking,HDFC,404080,8,0,0,0,0,0,0,0,0,1,0,0,0,12
TXN0002457,2024-01-29T13:21:00,28,M0175,Food,low,C01222,809,61,11869,0.0028,7684.22,card,Canara,540898,13,0,0,0,0,1,0,0,0,1,0,0,0,52
TXN0002458,2024-01-29T20:37:00,28,M0182,Retail,high,C00065,198,19,4385,0.0174,12382.01,upi,Canara,572728,20,0,0,0,0,1,1,0,0,0,1,1,0,27
TXN0002459,2024-01-29T07:48:00,28,M0179,Services,low,C00498,261,12,6545,0.1476,5977.11,wallet,Kotak,503614,7,0,0,0,0,0,0,0,0,0,0,0,0,71
TXN0002460,2024-01-29T17:11:00,28,M0082,B2B,high,C00842,269,20,2899,0.1515,30562.39,netbanking,HDFC,597140,17,0,0,0,0,0,0,0,0,0,1,1,0,33
TXN0002461,2024-01-29T18:14:00,28,M0067,Food,mid,C00981,173,5,1529,0.0551,1592.05,upi,Axis,588873,18,0,0,0,0,0,0,0,0,0,0,0,0,54
TXN0002462,2024-01-29T10:02:00,28,M0069,SaaS,high,C01244,243,9,3280,0.1395,1018.07,netbanking,ICICI,446085,10,0,0,0,0,0,0,0,0,1,0,0,0,20
TXN0002463,2024-01-29T15:03:00,28,M0021,SaaS,mid,C00650,236,7,2163,0.1174,4362.64,upi,Axis,591121,15,0,0,0,0,0,1,0,0,0,1,1,0,68
TXN0002464,2024-01-29T15:26:00,28,M0004,Logistics,low,C00121,79,10,7331,0.1149,9455.09,card,HDFC,409945,15,0,0,0,0,0,0,0,0,0,0,0,0,20
TXN0002465,2024-01-29T16:45:00,28,M0168,Food,high,C00262,944,119,4204,0.0321,3895.99,wallet,HDFC,473243,16,0,0,0,0,1,0,0,0,1,1,1,0,28
TXN0002466,2024-01-29T19:56:00,28,M0000,Logistics,low,C00782,940,90,5111,0.0167,7769.5,upi,SBI,464149,19,0,0,0,0,0,0,0,0,0,0,0,0,22
TXN0002467,2024-01-29T16:59:00,28,M0184,Logistics,high,C00247,904,100,13694,0.0007,7203.13,upi,Kotak,561902,16,0,0,0,0,0,0,0,0,0,0,0,0,15
TXN0002468,2024-01-29T10:43:00,28,M0176,SaaS,low,C00172,224,14,4956,0.0526,6023.52,upi,Kotak,571169,10,0,0,0,0,0,0,0,0,0,0,0,0,65
TXN0002469,2024-01-29T16:07:00,28,M0030,B2B,high,C01457,175,14,4484,0.2094,38638.95,upi,ICICI,491171,16,0,0,0,0,0,0,0,0,0,1,1,0,58
TXN0002470,2024-01-29T21:00:00,28,M0029,Retail,high,C00890,739,84,21155,0.0579,6405.13,card,HDFC,565090,21,0,0,0,0,0,0,0,0,0,0,0,0,52
TXN0002471,2024-01-29T11:41:00,28,M0045,Food,high,C01444,129,7,7536,0.0228,4128.7,netbanking,PNB,491952,11,0,0,0,0,1,0,0,0,0,0,0,0,51
TXN0002472,2024-01-29T21:04:00,28,M0183,Retail,mid,C00193,299,13,3357,0.0334,5789.94,wallet,SBI,484194,21,0,0,0,0,0,0,0,0,1,0,0,1,59
TXN0002473,2024-01-29T19:29:00,28,M0042,Logistics,mid,C00633,76,20,1924,0.0829,16580.76,wallet,ICICI,550565,19,0,0,0,0,0,1,0,0,0,1,1,0,15
TXN0002474,2024-01-29T10:02:00,28,M0182,Retail,high,C01376,15,4,962,0.0503,2683.61,netbanking,PNB,596207,10,0,0,0,0,0,0,0,0,1,0,0,1,63
TXN0002475,2024-01-29T01:00:00,28,M0138,Services,mid,C00536,12,4,1407,0.0616,2579.6,upi,Yes,573995,1,0,0,0,0,0,0,0,0,0,1,1,0,61
TXN0002476,2024-01-29T14:10:00,28,M0118,Retail,mid,C01386,785,103,16955,0.0407,4347.69,upi,SBI,509444,14,0,0,0,0,0,0,0,0,0,0,0,0,53
TXN0002477,2024-01-29T05:21:00,28,M0050,Logistics,high,C00428,11,3,1906,0.0571,2001.12,netbanking,Kotak,413578,5,0,0,0,0,0,0,0,0,0,1,1,0,39
TXN0002478,2024-01-29T17:49:00,28,M0091,Logistics,high,C01261,22,4,765,0.0873,28422.23,card,HDFC,555439,17,0,0,0,0,0,0,0,0,0,0,0,0,29
TXN0002479,2024-01-29T06:06:00,28,M0154,Retail,low,C00177,65,7,4221,0.1108,1685.98,card,SBI,563588,6,0,0,0,0,0,0,0,0,0,0,0,0,44
TXN0002480,2024-01-29T09:54:00,28,M0117,SaaS,low,C00606,221,7,4962,0.1239,5440.82,wallet,Kotak,417602,9,0,0,0,0,0,0,0,0,1,0,0,0,47
TXN0002481,2024-01-29T23:21:00,28,M0043,Logistics,high,C01036,209,8,7172,0.1514,13368.34,card,Axis,427601,23,0,0,0,0,1,0,0,0,0,0,0,0,69
TXN0002482,2024-01-29T12:14:00,28,M0096,Food,mid,C00756,89,17,3323,0.0739,731.12,netbanking,HDFC,520180,12,0,0,11,0,1,0,1,0,0,0,1,0,65
TXN0002483,2024-01-29T19:16:00,28,M0193,B2B,low,C00674,731,115,19078,0.0133,53820.91,wallet,SBI,496612,19,0,0,0,0,0,0,0,0,0,1,1,0,28
TXN0002484,2024-01-30T12:25:00,29,M0168,Food,high,C00804,23,1,528,0.1041,429.71,upi,HDFC,510737,12,1,0,0,0,1,0,0,0,0,0,0,0,48
TXN0002485,2024-01-30T12:58:00,29,M0099,B2B,low,C01227,273,18,1786,0.038,15795.66,netbanking,ICICI,531005,12,1,0,0,0,0,0,0,0,1,0,0,0,27
TXN0002486,2024-01-30T04:13:00,29,M0106,Services,high,C00114,71,12,4237,0.0363,3499.85,netbanking,Kotak,560161,4,1,0,0,0,0,0,0,0,0,0,0,0,70
TXN0002487,2024-01-30T13:19:00,29,M0163,Logistics,high,C00113,166,13,2765,0.0701,11028.47,wallet,HDFC,453402,13,1,0,0,0,0,0,0,0,0,0,0,0,24
TXN0002488,2024-01-30T07:06:00,29,M0169,Food,low,C00346,23,1,1516,0.0407,1879.49,upi,PNB,578325,7,1,0,0,0,3,0,0,0,1,0,0,0,43
TXN0002489,2024-01-30T21:42:00,29,M0040,SaaS,mid,C01019,794,116,24749,0.0205,27949.85,wallet,Yes,581635,21,1,0,0,0,1,0,0,0,0,1,1,0,42
TXN0002490,2024-01-30T08:25:00,29,M0160,Services,mid,C00242,10,1,1523,0.2298,2299.38,wallet,SBI,469904,8,1,0,0,0,0,0,0,0,0,0,0,0,17
TXN0002491,2024-01-30T08:06:00,29,M0116,Services,low,C00881,257,14,5596,0.1712,1971.94,card,Axis,536151,8,1,0,0,0,0,0,0,0,1,0,0,0,12
TXN0002492,2024-01-30T11:26:00,29,M0056,Retail,low,C01294,194,19,3596,0.0608,2249.32,card,PNB,415075,11,1,0,0,0,0,1,0,0,0,1,1,0,23
TXN0002493,2024-01-30T12:36:00,29,M0078,B2B,high,C01265,12,1,1705,0.0059,26429.51,netbanking,PNB,455813,12,1,0,0,0,1,1,0,0,0,1,1,0,13
TXN0002494,2024-01-30T06:24:00,29,M0066,Food,mid,C00112,205,7,1430,0.0376,4397.75,wallet,ICICI,565000,6,1,0,0,0,1,0,0,0,0,0,0,0,71
TXN0002495,2024-01-30T13:58:00,29,M0003,SaaS,low,C00595,91,7,1935,0.1952,6192.61,netbanking,HDFC,444371,13,1,0,0,0,0,0,1,0,0,1,1,0,44
TXN0002496,2024-01-30T15:09:00,29,M0117,SaaS,low,C00136,918,106,18128,0.0252,20030.86,upi,Yes,592570,15,1,0,0,0,1,0,0,0,0,0,0,0,53
TXN0002497,2024-01-30T07:04:00,29,M0015,Services,low,C00255,186,11,4750,0.0264,5220.82,wallet,Axis,412320,7,1,0,0,0,0,0,0,0,1,0,0,0,70
TXN0002498,2024-01-30T14:14:00,29,M0021,SaaS,mid,C00842,269,20,2899,0.1515,1173.34,wallet,Yes,517283,14,1,0,0,1,1,0,0,0,0,0,0,0,69
TXN0002499,2024-01-30T17:17:00,29,M0015,Services,low,C00234,20,4,1443,0.0488,2060.41,card,Axis,496897,17,1,0,0,0,1,0,0,0,1,0,0,1,62
TXN0002500,2024-01-30T10:08:00,29,M0044,Logistics,low,C00033,253,5,3025,0.0321,16290.53,wallet,HDFC,437230,10,1,0,0,0,0,0,0,0,0,0,0,0,31
TXN0002501,2024-01-30T07:53:00,29,M0176,SaaS,low,C00670,6,4,1295,0.065,2079.74,wallet,HDFC,543955,7,1,0,0,0,0,0,1,0,0,1,1,0,28
TXN0002502,2024-01-30T11:41:00,29,M0058,B2B,low,C01319,7,2,506,0.0739,25513.01,wallet,HDFC,506902,11,1,0,0,0,0,0,0,0,1,0,0,1,60
TXN0002503,2024-01-30T08:04:00,29,M0178,Logistics,low,C01377,16,3,1214,0.1358,4573.34,upi,PNB,555882,8,1,0,0,0,1,1,0,0,1,1,1,0,13
TXN0002504,2024-01-30T13:00:00,29,M0053,Retail,low,C01483,8,4,533,0.0062,2138.01,card,SBI,419125,13,1,0,7,0,0,0,0,0,0,0,0,0,62
TXN0002505,2024-01-30T13:14:00,29,M0063,SaaS,high,C01296,939,96,5611,0.0086,2572.45,card,Axis,414275,13,1,0,0,0,0,0,0,0,0,0,0,0,25
TXN0002506,2024-01-30T12:31:00,29,M0120,Food,low,C00029,264,17,6932,0.0507,2251.56,netbanking,Kotak,592664,12,1,0,14,0,0,0,0,0,0,0,0,0,28
TXN0002507,2024-01-30T14:30:00,29,M0041,B2B,low,C01142,239,20,1936,0.0703,11486.63,netbanking,Axis,401729,14,1,0,10,0,0,0,0,0,0,0,0,0,65
TXN0002508,2024-01-30T17:14:00,29,M0108,Food,high,C00101,290,7,3638,0.1309,3151.28,upi,HDFC,598517,17,1,0,0,0,0,0,0,0,1,0,0,0,14
TXN0002509,2024-01-30T17:54:00,29,M0151,Food,low,C01054,25,1,1125,0.0641,1418.21,netbanking,Axis,507739,17,1,0,0,0,0,0,0,0,0,0,0,0,70
TXN0002510,2024-01-30T18:49:00,29,M0161,Services,mid,C00162,893,94,5127,0.0172,4292.3,card,SBI,497160,18,1,0,0,0,1,0,0,0,0,0,0,0,49
TXN0002511,2024-01-30T09:36:00,29,M0027,Services,high,C00587,12,1,1336,0.0454,2694.05,netbanking,PNB,417175,9,1,0,0,0,1,0,0,0,1,0,0,0,17
TXN0002512,2024-01-30T07:31:00,29,M0098,Retail,mid,C00660,137,20,7112,0.0513,6208.58,card,PNB,446726,7,1,0,0,0,0,0,0,0,0,0,0,0,71
TXN0002513,2024-01-30T18:43:00,29,M0008,Retail,low,C00369,128,16,1165,0.0715,3633.83,wallet,HDFC,457388,18,1,0,0,0,1,0,0,0,0,0,0,0,19
TXN0002514,2024-01-30T14:05:00,29,M0163,Logistics,high,C01385,233,17,3459,0.019,12570.52,netbanking,ICICI,556773,14,1,0,0,0,0,0,0,0,0,0,0,0,56
TXN0002515,2024-01-30T05:09:00,29,M0040,SaaS,mid,C00984,20,1,1236,0.0756,2794.39,card,HDFC,472465,5,1,0,0,0,1,0,0,0,0,1,1,0,21
TXN0002516,2024-01-30T20:31:00,29,M0125,Retail,low,C00375,745,80,15204,0.0135,5523.39,wallet,ICICI,531997,20,1,0,0,0,0,0,0,0,1,0,0,0,54
TXN0002517,2024-01-30T08:44:00,29,M0113,Services,high,C00904,204,10,1535,0.1432,2418.61,upi,ICICI,535913,8,1,0,0,0,0,0,0,0,1,0,0,0,22
TXN0002518,2024-01-30T18:45:00,29,M0142,Retail,mid,C00472,10,4,545,0.0467,1987.46,wallet,Kotak,566243,18,1,0,0,0,1,1,0,0,0,0,1,1,31
TXN0002519,2024-01-30T14:10:00,29,M0015,Services,low,C01042,11,2,1733,0.1162,10048.55,wallet,Canara,482793,14,1,0,0,0,0,0,0,0,0,0,0,0,38
TXN0002520,2024-01-30T10:05:00,29,M0143,Logistics,mid,C01058,295,6,5975,0.0554,11689.32,upi,ICICI,557471,10,1,0,0,0,0,0,0,0,0,0,0,0,47
TXN0002521,2024-01-30T13:08:00,29,M0146,Food,mid,C00123,211,6,3883,0.0949,3233.83,netbanking,Kotak,586521,13,1,0,0,0,1,0,0,0,0,0,0,0,48
TXN0002522,2024-01-30T03:36:00,29,M0110,Food,high,C00162,893,94,5127,0.0172,6075.39,card,SBI,492471,3,1,0,1,1,2,0,1,0,1,1,1,0,26
TXN0002523,2024-01-30T21:16:00,29,M0118,Retail,mid,C00849,21,1,630,0.0762,3301.69,upi,Yes,587657,21,1,0,9,0,0,0,0,0,0,0,0,1,34
TXN0002524,2024-01-30T17:35:00,29,M0059,Logistics,mid,C01039,730,81,12850,0.0007,7790.86,upi,ICICI,588177,17,1,0,14,0,0,0,0,0,0,0,0,0,46
TXN0002525,2024-01-30T21:32:00,29,M0020,B2B,low,C01026,84,9,3649,0.1314,33255.42,upi,Canara,417738,21,1,0,0,0,0,0,0,0,0,0,1,0,34
TXN0002526,2024-01-30T10:27:00,29,M0102,Retail,high,C00362,805,65,17714,0.0025,3599.46,wallet,HDFC,542063,10,1,0,0,0,0,0,0,0,0,1,1,0,68
TXN0002527,2024-01-30T06:09:00,29,M0016,Services,high,C00619,137,11,5301,0.0478,3982.93,card,ICICI,589711,6,1,0,0,0,0,0,0,0,1,0,0,0,12
TXN0002528,2024-01-30T11:26:00,29,M0023,Services,low,C00298,114,9,4372,0.1389,3521.25,upi,Axis,475786,11,1,0,0,0,0,0,0,0,1,0,0,0,57
TXN0002529,2024-01-30T17:32:00,29,M0130,Food,low,C01022,974,77,19220,0.0059,9363.35,netbanking,ICICI,450294,17,1,0,0,0,2,0,0,0,0,0,0,0,23
TXN0002530,2024-01-30T21:55:00,29,M0172,Food,mid,C00877,943,111,21778,0.0075,17435.73,upi,Canara,438949,21,1,0,0,0,0,0,0,0,1,0,0,0,45
TXN0002531,2024-01-30T17:53:00,29,M0040,SaaS,mid,C01317,274,6,6197,0.1133,7508.96,netbanking,Kotak,527478,17,1,0,0,0,0,0,0,0,1,0,0,1,30
TXN0002532,2024-01-30T04:30:00,29,M0028,Retail,mid,C00412,998,78,24949,0.0394,8408.13,upi,Canara,544440,4,1,0,1,0,0,0,0,0,0,1,1,0,43
TXN0002533,2024-01-30T21:00:00,29,M0192,B2B,mid,C00729,83,15,1450,0.1125,51265.57,card,Canara,496923,21,1,0,0,0,0,0,0,0,1,1,1,0,25
TXN0002534,2024-01-30T20:12:00,29,M0042,Logistics,mid,C00812,82,15,6818,0.1273,34524.77,upi,Kotak,570188,20,1,0,0,0,0,0,0,0,0,0,1,0,38
TXN0002535,2024-01-30T23:45:00,29,M0152,Retail,high,C00332,9,4,908,0.1434,2460.8,card,Canara,405785,23,1,0,0,0,1,0,0,0,0,0,0,0,14
TXN0002536,2024-01-30T13:51:00,29,M0019,Services,mid,C00420,243,19,1934,0.0247,2979.32,card,ICICI,543070,13,1,0,0,0,0,0,0,0,1,1,1,0,31
TXN0002537,2024-01-30T23:20:00,29,M0198,Food,mid,C00992,126,19,6579,0.0334,1537.15,wallet,HDFC,500989,23,1,0,0,0,0,0,0,0,0,0,0,0,14
TXN0002538,2024-01-30T14:06:00,29,M0014,Logistics,high,C01227,273,18,1786,0.038,6526.17,upi,Yes,593341,14,1,0,0,1,1,0,0,0,0,0,0,0,59
TXN0002539,2024-01-30T16:37:00,29,M0016,Services,high,C00862,226,19,6713,0.0589,2264.88,wallet,SBI,544756,16,1,0,0,0,0,0,0,0,0,0,0,0,71
TXN0002540,2024-01-30T15:43:00,29,M0125,Retail,low,C01495,123,12,3053,0.0454,3645.56,netbanking,ICICI,594846,15,1,0,0,0,0,0,0,0,0,0,0,0,14
TXN0002541,2024-01-30T02:18:00,29,M0187,SaaS,high,C01269,294,12,4633,0.1214,2029.22,wallet,ICICI,555243,2,1,0,0,0,0,1,0,0,0,1,1,0,58
TXN0002542,2024-01-30T17:11:00,29,M0007,Food,mid,C00371,246,18,5955,0.1486,11575.22,upi,Axis,419537,17,1,0,0,0,1,0,0,0,0,0,0,0,22
TXN0002543,2024-01-30T06:50:00,29,M0043,Logistics,high,C00882,253,6,5671,0.095,4303.16,card,Axis,404548,6,1,0,0,0,1,0,0,0,1,0,0,0,65
TXN0002544,2024-01-30T15:34:00,29,M0083,B2B,low,C00283,217,9,7429,0.0668,24203.35,upi,ICICI,565060,15,1,0,0,0,2,0,0,0,1,0,0,0,28
TXN0002545,2024-01-30T18:26:00,29,M0160,Services,mid,C00407,219,13,7005,0.033,14966.9,netbanking,HDFC,409026,18,1,0,0,0,0,0,0,0,0,0,0,0,16
TXN0002546,2024-01-30T13:32:00,29,M0155,SaaS,mid,C01287,12,3,723,0.0232,1247.94,card,Yes,415623,13,1,0,10,0,0,0,0,0,1,0,0,1,22
TXN0002547,2024-01-30T11:51:00,29,M0128,B2B,high,C00933,21,4,928,0.1246,8915.31,card,Canara,428172,11,1,0,0,0,0,0,1,0,1,1,1,0,35
TXN0002548,2024-01-30T14:50:00,29,M0028,Retail,mid,C00620,957,114,3817,0.0332,1684.6,card,Yes,556276,14,1,0,0,0,1,0,0,0,1,0,0,0,33
TXN0002549,2024-01-30T20:39:00,29,M0058,B2B,low,C00854,25,3,1185,0.0337,33130.03,upi,Canara,544350,20,1,0,0,0,0,0,0,0,0,0,1,1,24
TXN0002550,2024-01-30T03:40:00,29,M0165,Services,low,C00772,10,1,1602,0.0467,4678.53,upi,Canara,518308,3,1,0,0,0,0,0,0,0,0,0,0,1,69
TXN0002551,2024-01-30T05:51:00,29,M0110,Food,high,C00269,192,10,5521,0.0392,8013.87,card,PNB,538656,5,1,0,0,0,0,0,0,0,0,0,1,0,32
TXN0002552,2024-01-30T12:55:00,29,M0159,Services,low,C00956,207,6,7039,0.0199,5472.4,netbanking,HDFC,595680,12,1,0,14,0,0,0,0,0,0,0,0,0,18
TXN0002553,2024-01-30T14:17:00,29,M0066,Food,mid,C00612,15,3,1311,0.1636,1876.28,upi,Axis,540053,14,1,0,0,0,1,0,0,0,1,0,0,0,29
TXN0002554,2024-01-30T08:47:00,29,M0179,Services,low,C01260,748,94,5318,0.0544,3327.87,wallet,ICICI,502833,8,1,0,11,0,0,0,0,0,1,0,0,0,18
TXN0002555,2024-01-30T13:04:00,29,M0029,Retail,high,C00496,858,106,15356,0.0145,19495.8,upi,HDFC,518144,13,1,0,0,0,0,0,0,0,1,0,0,0,32
TXN0002556,2024-01-30T10:37:00,29,M0141,Logistics,low,C00611,236,14,3084,0.1764,8115.83,upi,PNB,535502,10,1,0,0,0,0,0,0,0,0,1,1,0,69
TXN0002557,2024-01-30T20:33:00,29,M0046,SaaS,high,C00744,295,10,1839,0.0357,3862.37,upi,SBI,470316,20,1,0,0,0,3,0,0,0,0,1,1,0,55
TXN0002558,2024-01-30T15:48:00,29,M0198,Food,mid,C00213,741,100,11338,0.0295,3218.12,upi,PNB,473982,15,1,0,0,0,1,0,0,0,1,0,0,0,35
TXN0002559,2024-01-30T21:49:00,29,M0189,SaaS,mid,C00650,236,7,2163,0.1174,1050.3,upi,HDFC,526932,21,1,0,0,0,1,0,0,0,0,0,0,0,69
TXN0002560,2024-01-30T05:09:00,29,M0130,Food,low,C00305,112,9,5394,0.0518,2868.07,card,HDFC,526815,5,1,0,0,0,0,0,1,0,0,1,1,0,39
TXN0002561,2024-01-30T13:43:00,29,M0175,Food,low,C00966,6,2,1405,0.1134,1429.27,wallet,Axis,511100,13,1,0,0,1,1,0,0,0,0,0,0,0,40
TXN0002562,2024-01-30T17:54:00,29,M0183,Retail,mid,C01317,274,6,6197,0.1133,5810.21,upi,Axis,486499,17,1,0,13,1,1,0,0,0,1,0,0,0,51
TXN0002563,2024-01-30T11:46:00,29,M0015,Services,low,C01210,5,3,1470,0.1267,4673.06,wallet,HDFC,510350,11,1,0,0,0,0,0,0,0,0,0,0,0,16
TXN0002564,2024-01-30T12:34:00,29,M0033,Logistics,low,C00727,14,2,1657,0.1645,7006.04,card,Kotak,573396,12,1,0,0,0,0,0,0,0,1,0,0,0,15
TXN0002565,2024-01-31T06:32:00,30,M0132,Food,mid,C01068,259,17,5111,0.1204,1837.88,upi,PNB,599421,6,2,0,9,0,0,0,0,0,1,0,0,0,12
TXN0002566,2024-01-31T11:56:00,30,M0119,Retail,high,C01496,193,13,7225,0.0594,1546.07,card,Kotak,549971,11,2,0,0,0,0,0,0,0,0,0,0,0,51
TXN0002567,2024-01-31T11:06:00,30,M0199,SaaS,mid,C01390,12,2,1902,0.1392,1526.28,netbanking,Canara,427844,11,2,0,0,0,1,1,0,0,1,1,1,0,36
TXN0002568,2024-01-31T16:25:00,30,M0085,SaaS,mid,C00275,197,10,5545,0.0476,1842.0,upi,HDFC,456367,16,2,0,0,0,0,0,0,0,1,0,0,0,72
TXN0002569,2024-01-31T13:04:00,30,M0115,Services,high,C00396,14,4,1990,0.0986,2428.92,wallet,SBI,431773,13,2,0,0,0,1,1,0,0,0,0,1,1,16
TXN0002570,2024-01-31T11:58:00,30,M0178,Logistics,low,C01272,201,11,2005,0.0898,3040.25,card,HDFC,529848,11,2,0,0,0,0,0,0,0,1,0,0,0,70
TXN0002571,2024-01-31T19:45:00,30,M0164,Logistics,high,C00157,67,9,7952,0.0952,7229.53,wallet,Canara,473175,19,2,0,0,0,0,0,0,0,1,0,0,0,30
TXN0002572,2024-01-31T21:34:00,30,M0084,B2B,mid,C00924,19,1,1515,0.0429,16913.66,upi,Canara,423632,21,2,0,0,0,0,0,0,0,0,0,0,1,65
TXN0002573,2024-01-31T14:37:00,30,M0073,SaaS,high,C00556,22,2,1268,0.1906,709.94,netbanking,Kotak,523052,14,2,0,0,0,1,0,0,0,1,0,0,0,14
TXN0002574,2024-01-31T11:35:00,30,M0112,Logistics,mid,C00475,116,18,5922,0.0285,11836.03,card,ICICI,544436,11,2,0,0,0,0,0,0,0,0,0,0,0,50
TXN0002575,2024-01-31T21:37:00,30,M0146,Food,mid,C00104,84,15,4496,0.0376,1960.41,upi,Axis,590158,21,2,0,0,0,1,0,0,0,0,0,0,0,56
TXN0002576,2024-01-31T09:50:00,30,M0004,Logistics,low,C00865,5,3,994,0.0664,3969.67,netbanking,HDFC,547065,9,2,0,0,0,0,0,0,0,0,0,0,1,37
TXN0002577,2024-01-31T10:32:00,30,M0063,SaaS,high,C00628,6,1,1373,0.0525,671.11,upi,Canara,495971,10,2,0,0,0,1,0,0,0,1,0,0,0,54
TXN0002578,2024-01-31T06:30:00,30,M0060,Services,high,C00666,124,11,1278,0.1892,2253.74,wallet,SBI,573508,6,2,0,0,0,0,1,0,0,0,1,1,0,22
TXN0002579,2024-01-31T20:41:00,30,M0152,Retail,high,C00254,18,3,1362,0.0629,1936.03,netbanking,Axis,443824,20,2,0,0,0,0,0,0,0,0,0,0,1,36
TXN0002580,2024-01-31T11:08:00,30,M0010,SaaS,high,C01488,807,73,14962,0.0496,9594.06,card,Axis,457485,11,2,0,0,0,0,0,0,0,1,0,0,0,52
TXN0002581,2024-01-31T08:28:00,30,M0096,Food,mid,C00090,885,113,6805,0.0021,4720.67,wallet,Axis,406639,8,2,0,0,0,2,0,0,0,0,0,0,0,63
TXN0002582,2024-01-31T06:47:00,30,M0178,Logistics,low,C00171,127,11,7282,0.1708,18194.06,wallet,Axis,493376,6,2,0,0,0,1,0,0,0,0,1,1,0,22
TXN0002583,2024-01-31T03:39:00,30,M0035,SaaS,mid,C01050,106,16,7603,0.1525,5715.94,wallet,Yes,421754,3,2,0,0,0,0,0,0,0,0,0,0,0,29
TXN0002584,2024-01-31T10:50:00,30,M0197,Food,low,C01216,914,76,5925,0.0032,2575.18,netbanking,Axis,453164,10,2,0,0,0,0,0,0,0,0,0,0,0,56
TXN0002585,2024-01-31T09:34:00,30,M0114,Logistics,mid,C01306,119,14,5041,0.0461,21559.69,wallet,Yes,456513,9,2,0,0,0,0,0,0,0,0,1,1,0,38
TXN0002586,2024-01-31T11:28:00,30,M0064,Food,high,C00709,766,99,13908,0.0162,9108.06,card,Axis,460897,11,2,0,0,0,0,0,1,0,1,1,1,0,52
TXN0002587,2024-01-31T10:35:00,30,M0167,SaaS,low,C00761,187,13,7265,0.1654,3495.03,card,SBI,408407,10,2,0,9,0,1,0,0,0,0,0,0,0,26
TXN0002588,2024-01-31T18:02:00,30,M0138,Services,mid,C00358,107,16,4124,0.0797,10112.76,wallet,HDFC,563746,18,2,0,0,0,0,0,0,0,0,0,0,1,30
TXN0002589,2024-01-31T15:39:00,30,M0139,Logistics,low,C01105,6,2,864,0.0973,7011.7,upi,ICICI,404719,15,2,0,0,0,0,0,0,0,0,0,0,0,31
TXN0002590,2024-01-31T09:59:00,30,M0148,SaaS,mid,C01330,256,7,6365,0.0174,1384.13,upi,ICICI,463572,9,2,0,0,0,0,0,0,0,0,0,0,0,66
TXN0002591,2024-01-31T09:44:00,30,M0101,Food,low,C00661,171,5,3365,0.1198,2989.25,upi,Yes,424416,9,2,0,0,0,0,0,0,0,0,0,0,0,65
TXN0002592,2024-01-31T07:39:00,30,M0179,Services,low,C01369,11,1,1181,0.2256,5075.36,upi,Axis,449106,7,2,0,0,0,0,0,0,0,1,0,0,1,12
TXN0002593,2024-01-31T19:42:00,30,M0135,Retail,low,C01032,775,109,24309,0.009,24374.36,card,Axis,426435,19,2,0,0,0,0,0,0,0,0,0,0,0,12
TXN0002594,2024-01-31T12:27:00,30,M0079,Retail,high,C00557,161,5,6949,0.0163,7265.33,card,SBI,417975,12,2,0,0,0,0,1,1,0,0,1,1,0,52
TXN0002595,2024-01-31T07:58:00,30,M0024,B2B,mid,C00080,877,119,8176,0.0012,13887.48,card,HDFC,552467,7,2,0,0,0,0,1,0,0,0,1,1,0,41
TXN0002596,2024-01-31T19:06:00,30,M0172,Food,mid,C00830,18,3,1664,0.0177,2284.25,netbanking,SBI,435248,19,2,0,0,0,0,1,0,0,0,1,1,0,59
TXN0002597,2024-01-31T20:49:00,30,M0061,Services,low,C00336,12,3,1592,0.2711,2451.8,netbanking,HDFC,552454,20,2,0,0,0,0,0,0,0,0,0,0,0,64
TXN0002598,2024-01-31T21:50:00,30,M0066,Food,mid,C01053,172,16,7541,0.0741,2365.64,wallet,PNB,458587,21,2,0,7,0,1,0,0,0,0,0,0,0,24
TXN0002599,2024-01-31T09:15:00,30,M0119,Retail,high,C00333,64,17,7405,0.1213,3663.5,netbanking,Canara,545539,9,2,0,0,0,1,0,0,0,1,0,0,1,55
TXN0002600,2024-01-31T19:21:00,30,M0053,Retail,low,C00475,116,18,5922,0.0285,14765.94,netbanking,ICICI,404367,19,2,0,0,1,1,0,0,0,0,0,0,0,72
TXN0002601,2024-01-31T19:50:00,30,M0036,Retail,low,C00393,255,7,2060,0.1223,4311.19,card,Kotak,445213,19,2,0,0,0,0,0,0,0,0,0,0,0,27
TXN0002602,2024-01-31T14:15:00,30,M0157,SaaS,mid,C01098,21,2,1988,0.0213,5891.6,wallet,Kotak,594738,14,2,0,0,0,0,0,0,0,1,0,0,1,52
TXN0002603,2024-01-31T22:45:00,30,M0026,Retail,high,C00912,124,12,1883,0.0678,3931.13,wallet,PNB,511612,22,2,0,0,0,0,0,0,0,0,0,0,0,22
TXN0002604,2024-01-31T22:11:00,30,M0110,Food,high,C00752,85,5,5332,0.0525,7769.33,netbanking,Kotak,482164,22,2,0,0,0,0,0,0,0,1,0,0,0,30
TXN0002605,2024-01-31T04:12:00,30,M0115,Services,high,C01368,758,106,23888,0.0261,14726.06,card,Kotak,445314,4,2,0,0,0,0,0,0,0,1,0,1,0,30
TXN0002606,2024-01-31T15:21:00,30,M0107,SaaS,mid,C00750,260,8,5929,0.0549,1284.9,upi,Axis,410094,15,2,0,0,0,0,0,0,0,1,0,0,0,70
TXN0002607,2024-01-31T02:05:00,30,M0124,Retail,low,C00949,264,17,4123,0.0427,3543.26,netbanking,Yes,488742,2,2,0,0,0,0,1,0,1,0,1,1,0,65
TXN0002608,2024-01-31T13:18:00,30,M0041,B2B,low,C00994,11,4,839,0.0526,20160.5,upi,PNB,484561,13,2,0,0,0,1,0,0,0,0,0,0,1,20
TXN0002609,2024-01-31T13:12:00,30,M0102,Retail,high,C00653,167,16,7539,0.0503,8341.84,wallet,HDFC,407044,13,2,0,0,0,1,0,0,1,0,0,0,0,29
TXN0002610,2024-01-31T19:40:00,30,M0088,Food,low,C00114,71,12,4237,0.0363,1984.9,card,Axis,512765,19,2,0,0,0,1,0,0,0,0,0,0,0,12
TXN0002611,2024-01-31T13:28:00,30,M0052,Logistics,mid,C01010,988,54,7189,0.0172,12861.2,wallet,PNB,404257,13,2,0,0,0,2,0,0,0,0,1,1,0,29
TXN0002612,2024-01-31T10:48:00,30,M0098,Retail,mid,C01318,11,3,1462,0.0305,1840.23,wallet,ICICI,495417,10,2,0,0,0,0,1,0,0,1,1,1,0,47
TXN0002613,2024-01-31T12:11:00,30,M0112,Logistics,mid,C01248,819,99,16764,0.0629,89414.32,netbanking,Yes,566011,12,2,0,0,0,1,0,0,0,1,1,1,0,52
TXN0002614,2024-01-31T11:17:00,30,M0156,Services,mid,C00078,122,18,5636,0.166,4259.93,card,Axis,499009,11,2,0,0,0,0,0,1,0,0,1,1,0,62
TXN0002615,2024-01-31T11:17:00,30,M0044,Logistics,low,C01093,201,11,7691,0.0981,3299.53,wallet,ICICI,485945,11,2,0,0,0,1,0,0,0,0,0,0,0,35
TXN0002616,2024-01-31T15:44:00,30,M0105,SaaS,high,C00955,271,17,5954,0.1364,1574.15,upi,SBI,490175,15,2,0,0,0,0,0,0,0,1,0,0,0,13
TXN0002617,2024-01-31T22:16:00,30,M0039,Logistics,mid,C01425,25,4,1901,0.0218,13012.69,upi,HDFC,576685,22,2,0,0,0,0,0,0,0,1,0,0,0,19
TXN0002618,2024-01-31T21:48:00,30,M0173,Food,high,C01165,811,91,9676,0.0017,10177.43,upi,SBI,481370,21,2,0,0,0,0,0,0,0,1,0,0,0,38
TXN0002619,2024-01-31T15:11:00,30,M0148,SaaS,mid,C00710,216,11,7452,0.1486,9190.39,netbanking,PNB,553630,15,2,0,0,0,0,0,0,0,0,0,0,0,19
TXN0002620,2024-01-31T02:17:00,30,M0053,Retail,low,C00864,22,3,937,0.0258,609.99,wallet,SBI,560020,2,2,0,0,0,0,0,0,0,1,0,0,0,19
TXN0002621,2024-01-31T04:22:00,30,M0027,Services,high,C00274,16,2,1546,0.0683,1544.36,card,ICICI,458090,4,2,0,0,0,0,0,0,0,0,0,0,1,28
TXN0002622,2024-01-31T13:39:00,30,M0108,Food,high,C00056,14,4,645,0.1133,695.96,card,ICICI,417173,13,2,0,0,0,0,0,0,0,1,0,0,0,26
TXN0002623,2024-01-31T16:40:00,30,M0020,B2B,low,C00162,893,94,5127,0.0172,21352.69,card,ICICI,586364,16,2,0,0,1,3,0,0,0,1,0,0,0,54
TXN0002624,2024-01-31T20:19:00,30,M0009,Retail,low,C00643,761,97,20985,0.0702,26211.9,wallet,Kotak,452918,20,2,0,8,0,0,0,0,0,0,0,0,0,48
TXN0002625,2024-01-31T11:17:00,30,M0020,B2B,low,C00538,22,1,1018,0.095,63076.8,wallet,HDFC,509645,11,2,0,0,0,0,0,0,0,0,1,1,0,52
TXN0002626,2024-01-31T19:03:00,30,M0139,Logistics,low,C00403,20,3,980,0.0023,3433.49,card,ICICI,550531,19,2,0,0,0,0,0,0,0,0,0,0,0,53
TXN0002627,2024-01-31T06:59:00,30,M0164,Logistics,high,C01476,108,9,2688,0.0579,3434.09,card,Kotak,406027,6,2,0,0,0,1,0,0,0,1,0,0,0,55
TXN0002628,2024-01-31T18:28:00,30,M0126,B2B,low,C00169,92,14,6033,0.1224,21613.73,wallet,ICICI,419285,18,2,0,0,0,0,0,0,0,0,1,1,0,19
TXN0002629,2024-01-31T07:23:00,30,M0071,Retail,low,C01463,786,110,7400,0.052,16188.08,netbanking,PNB,544575,7,2,0,0,0,0,0,0,0,0,0,0,0,18
TXN0002630,2024-01-31T11:02:00,30,M0104,Food,low,C00841,186,14,1303,0.0839,1450.22,wallet,PNB,484308,11,2,0,0,0,1,0,0,0,0,0,0,0,42
TXN0002631,2024-01-31T08:04:00,30,M0029,Retail,high,C01246,908,101,5214,0.0008,3700.13,card,Canara,438963,8,2,0,0,0,0,0,0,0,1,0,0,0,65
TXN0002632,2024-01-31T07:49:00,30,M0150,Retail,mid,C01462,24,4,621,0.0321,924.15,card,Kotak,537044,7,2,0,0,0,1,0,0,0,0,0,0,0,25
TXN0002633,2024-01-31T10:33:00,30,M0175,Food,low,C00170,24,3,1654,0.0234,735.16,netbanking,Yes,576224,10,2,0,0,0,0,0,1,0,0,1,1,0,50
TXN0002634,2024-01-31T13:19:00,30,M0092,Food,low,C01247,8,4,1891,0.0746,2657.15,upi,HDFC,449932,13,2,0,0,0,0,0,0,0,1,0,0,0,24
TXN0002635,2024-01-31T21:52:00,30,M0119,Retail,high,C01396,132,14,4168,0.1527,7007.86,card,Axis,511875,21,2,0,0,0,1,1,1,0,0,1,1,0,30
TXN0002636,2024-01-31T18:22:00,30,M0177,Food,low,C01462,24,4,621,0.0321,539.24,wallet,Kotak,447885,18,2,0,0,1,1,0,0,0,0,0,0,0,16
TXN0002637,2024-01-31T23:22:00,30,M0069,SaaS,high,C01071,123,9,6974,0.0782,4538.23,netbanking,PNB,509334,23,2,0,0,0,0,0,0,0,0,0,0,1,71
TXN0002638,2024-01-31T09:54:00,30,M0147,SaaS,mid,C00351,767,93,8574,0.0491,4566.45,upi,SBI,442492,9,2,0,0,0,0,0,0,0,0,0,0,0,30
TXN0002639,2024-01-31T23:02:00,30,M0049,Services,mid,C01260,748,94,5318,0.0544,546.55,netbanking,HDFC,431864,23,2,0,0,0,1,0,0,0,0,0,0,1,58
TXN0002640,2024-01-31T08:32:00,30,M0066,Food,mid,C01277,952,104,4871,0.0312,3303.89,wallet,HDFC,579040,8,2,0,0,0,1,0,0,0,0,1,1,0,51
TXN0002641,2024-01-31T15:50:00,30,M0016,Services,high,C00150,11,1,908,0.0473,4081.31,card,HDFC,582164,15,2,0,0,0,0,0,0,0,1,0,0,1,71
TXN0002642,2024-01-31T16:44:00,30,M0196,Retail,low,C00994,11,4,839,0.0526,2562.66,netbanking,SBI,539711,16,2,0,0,1,2,0,0,0,1,0,0,0,35
TXN0002643,2024-01-31T23:32:00,30,M0169,Food,low,C00905,997,85,9286,0.052,8745.97,netbanking,Yes,506893,23,2,0,0,0,1,0,0,0,0,0,0,0,31
TXN0002644,2024-01-31T20:42:00,30,M0057,Food,high,C00245,79,14,2330,0.0808,1414.39,wallet,Kotak,408793,20,2,0,0,0,0,0,0,0,1,0,0,0,61
TXN0002645,2024-01-31T13:39:00,30,M0135,Retail,low,C00093,16,3,624,0.0975,2104.26,upi,ICICI,494095,13,2,0,8,0,0,0,0,0,1,0,0,0,32
TXN0002646,2024-01-31T08:48:00,30,M0179,Services,low,C00028,842,112,10190,0.0064,5999.28,card,Axis,501522,8,2,0,0,0,1,0,0,0,0,0,0,0,18
TXN0002647,2024-01-31T19:36:00,30,M0164,Logistics,high,C01457,175,14,4484,0.2094,17420.74,wallet,Canara,428751,19,2,0,0,0,1,0,0,0,0,0,0,0,39
TXN0002648,2024-02-01T09:27:00,31,M0112,Logistics,mid,C01073,216,10,2545,0.126,7650.89,upi,SBI,518498,9,3,0,0,0,0,0,0,0,0,0,0,0,20
TXN0002649,2024-02-01T12:41:00,31,M0021,SaaS,mid,C00725,15,3,802,0.0878,359.84,card,Kotak,437886,12,3,0,0,0,1,0,0,0,0,0,0,0,59
TXN0002650,2024-02-01T10:34:00,31,M0023,Services,low,C00916,281,5,4714,0.0524,4108.28,upi,ICICI,470911,10,3,0,0,0,0,0,0,0,0,0,0,0,65
TXN0002651,2024-02-01T16:33:00,31,M0128,B2B,high,C00934,17,3,1521,0.0828,19470.14,card,Yes,556215,16,3,0,0,0,0,0,0,0,1,0,0,0,48
TXN0002652,2024-02-01T17:37:00,31,M0175,Food,low,C01152,17,2,1212,0.0396,427.04,upi,HDFC,554064,17,3,0,0,0,0,0,0,0,0,0,0,0,45
TXN0002653,2024-02-01T16:22:00,31,M0182,Retail,high,C00309,5,3,1379,0.0467,1879.82,wallet,Kotak,442461,16,3,0,0,0,0,0,0,0,0,0,0,0,40
TXN0002654,2024-02-01T07:12:00,31,M0113,Services,high,C00433,25,4,986,0.0824,1160.69,wallet,PNB,514293,7,3,0,12,0,0,0,0,0,0,0,0,1,67
TXN0002655,2024-02-01T10:16:00,31,M0178,Logistics,low,C00629,174,16,3559,0.0527,9495.6,wallet,SBI,561306,10,3,0,0,0,0,0,0,0,1,1,1,0,58
TXN0002656,2024-02-01T13:25:00,31,M0090,Logistics,mid,C00841,186,14,1303,0.0839,4518.88,upi,Axis,568186,13,3,0,0,0,2,1,0,0,1,1,1,0,62
TXN0002657,2024-02-01T10:21:00,31,M0037,Retail,mid,C00880,231,19,7028,0.0694,3077.05,wallet,SBI,474248,10,3,0,0,0,0,0,0,0,0,0,0,0,56
TXN0002658,2024-02-01T19:03:00,31,M0132,Food,mid,C00419,844,108,13878,0.0154,11744.97,netbanking,ICICI,497713,19,3,0,6,0,0,0,0,0,0,0,0,0,32
TXN0002659,2024-02-01T19:20:00,31,M0172,Food,mid,C00268,238,19,3612,0.0522,2505.29,wallet,Axis,550020,19,3,0,0,0,0,0,0,0,0,0,0,0,63
TXN0002660,2024-02-01T09:57:00,31,M0030,B2B,high,C01167,151,10,2963,0.1531,21046.98,upi,HDFC,567923,9,3,0,0,0,0,0,0,0,1,0,0,0,39
TXN0002661,2024-02-01T20:39:00,31,M0174,SaaS,low,C00677,22,3,664,0.2321,1930.51,upi,Kotak,537071,20,3,0,0,0,1,0,0,0,1,0,0,0,51
TXN0002662,2024-02-01T21:24:00,31,M0180,Food,low,C00797,781,70,11551,0.0148,3638.75,wallet,Canara,596761,21,3,0,0,0,0,0,0,0,1,0,0,0,17
TXN0002663,2024-02-01T13:43:00,31,M0043,Logistics,high,C00355,808,56,14823,0.0001,22661.7,upi,Kotak,409634,13,3,0,0,0,0,0,0,0,0,1,1,0,38
TXN0002664,2024-02-01T17:20:00,31,M0035,SaaS,mid,C01460,11,4,1061,0.0319,3057.94,upi,SBI,487939,17,3,0,0,0,2,0,0,0,0,0,0,0,33
TXN0002665,2024-02-01T23:07:00,31,M0058,B2B,low,C00686,143,8,6604,0.0842,18370.42,upi,HDFC,585607,23,3,0,0,0,0,0,0,0,0,0,0,0,62
TXN0002666,2024-02-01T20:16:00,31,M0077,Services,high,C00140,942,56,15991,0.0155,17056.12,card,Canara,506504,20,3,0,0,0,0,0,0,0,0,0,0,0,72
TXN0002667,2024-02-01T17:32:00,31,M0130,Food,low,C00043,285,13,5553,0.0103,4019.03,upi,SBI,443903,17,3,0,0,0,1,0,0,0,0,0,0,0,47
TXN0002668,2024-02-01T13:11:00,31,M0136,Logistics,mid,C00831,205,13,3911,0.051,20721.69,wallet,Yes,448290,13,3,0,0,0,0,0,0,0,0,0,0,0,63
TXN0002669,2024-02-01T10:55:00,31,M0195,Food,high,C01001,6,3,514,0.1072,541.46,wallet,SBI,561188,10,3,0,0,0,1,0,0,0,0,0,0,0,32
TXN0002670,2024-02-01T06:50:00,31,M0186,B2B,mid,C01305,226,19,4107,0.0527,22556.44,upi,PNB,561187,6,3,0,0,0,0,0,0,0,0,0,0,0,14
TXN0002671,2024-02-01T16:28:00,31,M0012,Food,low,C01420,162,18,3883,0.1507,3555.22,wallet,ICICI,593115,16,3,0,0,0,0,0,0,0,0,0,0,0,44
TXN0002672,2024-02-01T14:53:00,31,M0095,Food,low,C01268,91,7,1625,0.0505,793.66,card,PNB,506380,14,3,0,0,0,0,0,0,0,1,1,1,0,56
TXN0002673,2024-02-01T09:54:00,31,M0087,Logistics,mid,C00199,7,2,1595,0.2347,8020.62,upi,PNB,476993,9,3,0,0,0,1,0,0,0,0,0,0,0,51
TXN0002674,2024-02-01T12:10:00,31,M0169,Food,low,C00135,132,19,2916,0.0791,5355.16,card,Kotak,550314,12,3,0,0,0,2,0,0,0,0,1,1,0,16
TXN0002675,2024-02-01T09:59:00,31,M0169,Food,low,C00102,143,17,5893,0.0911,5569.05,netbanking,Axis,547811,9,3,0,0,0,1,0,0,0,0,0,0,0,72
TXN0002676,2024-02-01T21:41:00,31,M0047,Logistics,low,C01038,6,1,755,0.0897,6911.69,wallet,Yes,412906,21,3,0,0,0,0,0,0,0,0,0,0,0,25
TXN0002677,2024-02-01T11:27:00,31,M0180,Food,low,C00465,97,20,3939,0.0191,1014.5,card,Axis,409676,11,3,0,0,0,1,0,0,0,0,0,0,0,21
TXN0002678,2024-02-01T06:30:00,31,M0174,SaaS,low,C00317,15,1,1846,0.0784,554.28,upi,Yes,434656,6,3,0,0,0,0,0,0,0,0,0,0,0,66
TXN0002679,2024-02-01T15:15:00,31,M0148,SaaS,mid,C01282,19,1,1400,0.0645,699.7,card,PNB,541873,15,3,0,0,0,0,0,0,0,0,0,0,1,24
TXN0002680,2024-02-01T00:50:00,31,M0085,SaaS,mid,C01218,166,13,3533,0.0365,1851.09,card,SBI,496247,0,3,0,0,0,0,0,0,0,0,0,0,0,35
TXN0002681,2024-02-01T21:19:00,31,M0017,B2B,low,C00890,739,84,21155,0.0579,20709.49,card,SBI,530907,21,3,0,0,0,1,0,0,0,0,0,0,0,52
TXN0002682,2024-02-01T07:43:00,31,M0002,B2B,low,C00963,178,20,4779,0.0258,19966.57,card,ICICI,598628,7,3,0,0,0,0,0,0,0,0,0,0,0,19
TXN0002683,2024-02-01T09:00:00,31,M0160,Services,mid,C00888,11,2,1722,0.0928,2429.21,upi,ICICI,523226,9,3,0,0,0,0,0,0,0,0,0,0,0,56
TXN0002684,2024-02-01T20:29:00,31,M0022,Retail,low,C01091,62,16,2796,0.1742,7581.06,card,SBI,442822,20,3,0,0,0,0,0,0,0,0,0,0,0,49
TXN0002685,2024-02-01T15:49:00,31,M0047,Logistics,low,C00453,155,5,5534,0.0173,6713.91,netbanking,SBI,586148,15,3,0,0,0,0,0,0,0,1,0,0,0,32
TXN0002686,2024-02-01T18:10:00,31,M0051,Food,low,C01491,8,1,1214,0.0663,930.87,wallet,SBI,502180,18,3,0,0,0,0,0,0,0,0,0,0,1,44
TXN0002687,2024-02-01T23:37:00,31,M0092,Food,low,C00727,14,2,1657,0.1645,901.66,netbanking,Yes,545455,23,3,0,0,0,1,0,0,0,0,0,0,0,60
TXN0002688,2024-02-01T05:34:00,31,M0197,Food,low,C00214,16,1,1608,0.0371,1882.28,wallet,ICICI,599515,5,3,0,0,0,1,0,0,0,0,1,1,0,40
TXN0002689,2024-02-01T18:29:00,31,M0107,SaaS,mid,C00285,799,102,4942,0.075,2610.07,card,PNB,485420,18,3,0,0,0,2,0,0,0,1,0,0,0,44
TXN0002690,2024-02-01T20:34:00,31,M0024,B2B,mid,C00003,988,112,11228,0.0464,6149.7,upi,HDFC,542022,20,3,0,0,0,0,0,0,0,0,1,1,0,33
TXN0002691,2024-02-01T20:49:00,31,M0132,Food,mid,C01342,17,4,1571,0.174,1023.42,card,HDFC,495084,20,3,0,0,0,0,0,0,0,0,0,0,0,35
TXN0002692,2024-02-01T08:41:00,31,M0013,Logistics,high,C00957,270,10,4400,0.043,9306.31,card,Axis,433907,8,3,0,0,0,0,1,0,0,0,1,1,0,37
TXN0002693,2024-02-01T07:50:00,31,M0106,Services,high,C00299,8,4,1219,0.0488,1491.39,card,SBI,438203,7,3,0,0,0,0,1,1,0,0,1,1,0,44
TXN0002694,2024-02-01T13:56:00,31,M0082,B2B,high,C01213,63,16,3466,0.121,67326.6,netbanking,Axis,541580,13,3,0,0,0,0,0,0,0,0,1,1,0,56
TXN0002695,2024-02-01T08:30:00,31,M0103,Services,low,C00899,268,17,7778,0.0887,5384.17,upi,Kotak,579396,8,3,0,12,0,0,0,0,0,0,0,0,0,14
TXN0002696,2024-02-01T13:11:00,31,M0022,Retail,low,C00381,86,5,5190,0.1964,2388.68,wallet,SBI,563694,13,3,0,0,0,0,0,0,0,1,0,0,0,31
TXN0002697,2024-02-01T18:28:00,31,M0079,Retail,high,C00149,178,20,6175,0.035,864.63,upi,Axis,443566,18,3,0,0,0,1,0,0,1,0,0,0,1,30
TXN0002698,2024-02-01T13:22:00,31,M0074,Services,high,C01483,8,4,533,0.0062,2483.56,netbanking,Yes,436330,13,3,0,0,0,1,0,0,0,1,0,0,0,13
TXN0002699,2024-02-01T18:59:00,31,M0194,Retail,mid,C00394,69,11,6985,0.0758,1594.48,card,SBI,429790,18,3,0,0,0,0,0,0,0,0,0,0,0,70
TXN0002700,2024-02-01T08:55:00,31,M0128,B2B,high,C00428,11,3,1906,0.0571,27749.19,upi,Kotak,532083,8,3,0,0,0,1,0,0,0,0,1,1,0,27
TXN0002701,2024-02-01T16:59:00,31,M0061,Services,low,C00803,10,1,1321,0.1485,1054.6,upi,HDFC,576821,16,3,0,0,0,0,0,0,0,0,0,0,0,53
TXN0002702,2024-02-01T11:12:00,31,M0176,SaaS,low,C00707,138,10,6761,0.0794,5542.62,upi,HDFC,595447,11,3,0,0,0,1,0,0,0,0,0,0,0,18
TXN0002703,2024-02-01T15:30:00,31,M0043,Logistics,high,C00924,19,1,1515,0.0429,7387.81,card,Canara,409012,15,3,0,0,1,1,0,0,0,1,0,0,1,53
TXN0002704,2024-02-01T09:13:00,31,M0030,B2B,high,C01068,259,17,5111,0.1204,22694.68,wallet,SBI,578246,9,3,0,0,0,1,0,0,0,0,1,1,0,15
TXN0002705,2024-02-01T17:22:00,31,M0189,SaaS,mid,C01355,92,17,3704,0.1002,2755.67,card,HDFC,496098,17,3,0,0,0,0,0,0,0,0,0,0,0,67
TXN0002706,2024-02-01T19:09:00,31,M0008,Retail,low,C01133,187,8,7592,0.01,1888.81,wallet,Kotak,438683,19,3,0,0,0,1,0,0,0,1,0,0,0,58
TXN0002707,2024-02-01T20:42:00,31,M0103,Services,low,C00206,15,3,1692,0.1412,3483.94,card,Yes,505561,20,3,0,0,0,0,0,0,0,0,0,0,1,17
TXN0002708,2024-02-01T11:03:00,31,M0074,Services,high,C00044,254,12,6657,0.0891,19639.19,card,Axis,464326,11,3,0,0,0,2,0,0,0,1,0,0,0,35
TXN0002709,2024-02-01T08:42:00,31,M0065,B2B,high,C00281,123,14,1264,0.0655,45992.81,wallet,PNB,495179,8,3,0,0,0,0,0,0,0,0,1,1,0,65
TXN0002710,2024-02-01T09:07:00,31,M0005,Logistics,high,C00978,173,15,2099,0.0457,7862.54,upi,HDFC,595978,9,3,0,6,0,0,0,0,0,0,0,0,0,32
TXN0002711,2024-02-01T16:50:00,31,M0086,Retail,high,C01030,903,105,7868,0.0201,7049.11,card,Canara,559396,16,3,0,0,0,0,0,0,0,0,0,0,0,63
TXN0002712,2024-02-01T19:45:00,31,M0046,SaaS,high,C01280,146,17,1316,0.1056,396.84,upi,Canara,415731,19,3,0,0,0,1,0,0,0,0,0,0,0,32
TXN0002713,2024-02-01T07:23:00,31,M0128,B2B,high,C01092,282,8,6919,0.1439,80546.83,upi,Canara,432299,7,3,0,0,0,0,0,0,0,0,1,1,0,37
TXN0002714,2024-02-01T18:48:00,31,M0023,Services,low,C01138,18,4,1038,0.3389,2324.33,upi,PNB,580822,18,3,0,0,0,1,0,0,0,0,0,0,0,20
TXN0002715,2024-02-01T09:26:00,31,M0185,Food,high,C01170,777,59,19195,0.0443,15966.83,card,Kotak,542553,9,3,0,0,0,0,0,0,0,0,1,1,0,31
TXN0002716,2024-02-01T23:31:00,31,M0147,SaaS,mid,C00060,7,2,1880,0.1375,1663.02,wallet,PNB,461005,23,3,0,0,0,0,0,0,0,0,0,0,0,52
TXN0002717,2024-02-01T12:37:00,31,M0025,Food,mid,C00666,124,11,1278,0.1892,3026.55,netbanking,SBI,465967,12,3,0,0,0,1,0,0,1,0,0,0,1,34
TXN0002718,2024-02-01T07:04:00,31,M0037,Retail,mid,C00143,1000,104,6643,0.0326,4286.85,card,Yes,546031,7,3,0,0,0,0,0,0,0,0,0,0,0,49
TXN0002719,2024-02-01T13:52:00,31,M0157,SaaS,mid,C01243,240,17,5202,0.0226,4511.1,upi,Yes,568921,13,3,0,0,0,0,1,0,0,1,1,1,0,41
TXN0002720,2024-02-01T21:50:00,31,M0061,Services,low,C00592,168,14,6022,0.124,2481.65,wallet,Canara,489052,21,3,0,0,0,0,0,0,0,0,0,0,0,42
TXN0002721,2024-02-01T15:58:00,31,M0015,Services,low,C00190,104,19,5367,0.0534,6153.57,card,PNB,543880,15,3,0,0,0,0,0,0,0,0,0,0,0,50
TXN0002722,2024-02-01T10:45:00,31,M0013,Logistics,high,C01134,289,7,5087,0.0305,11189.24,netbanking,ICICI,418180,10,3,0,10,0,1,0,0,0,0,0,0,0,51
TXN0002723,2024-02-01T19:12:00,31,M0027,Services,high,C00306,139,18,6979,0.0673,11185.68,netbanking,Canara,403079,19,3,0,0,0,0,0,0,0,0,0,0,0,60
TXN0002724,2024-02-01T11:27:00,31,M0109,Services,low,C00963,178,20,4779,0.0258,10021.62,upi,SBI,402032,11,3,0,0,1,1,0,0,0,0,0,0,0,65
TXN0002725,2024-02-01T15:33:00,31,M0082,B2B,high,C01405,22,1,758,0.1553,12400.7,card,Kotak,443836,15,3,0,0,0,0,0,0,0,1,0,0,0,47
TXN0002726,2024-02-01T01:47:00,31,M0033,Logistics,low,C00505,18,4,1607,0.0104,12710.13,card,Axis,553133,1,3,0,0,0,0,1,0,0,0,1,1,0,58
TXN0002727,2024-02-01T21:31:00,31,M0087,Logistics,mid,C00533,246,5,2907,0.0373,3812.05,wallet,HDFC,465971,21,3,0,0,0,0,1,0,0,0,0,1,0,68
TXN0002728,2024-02-01T16:14:00,31,M0023,Services,low,C01162,25,4,605,0.233,1446.04,netbanking,HDFC,576960,16,3,0,0,0,0,0,0,0,0,0,0,1,58
TXN0002729,2024-02-01T09:12:00,31,M0145,SaaS,low,C01474,15,4,808,0.0462,1156.93,netbanking,ICICI,474221,9,3,0,0,0,0,0,0,0,0,0,0,0,32
TXN0002730,2024-02-01T13:25:00,31,M0157,SaaS,mid,C00684,263,8,4737,0.1664,1507.3,wallet,HDFC,476999,13,3,0,0,0,0,0,0,0,0,0,0,0,52
TXN0002731,2024-02-01T22:06:00,31,M0011,Food,low,C00555,100,19,3886,0.0597,6101.31,card,HDFC,466629,22,3,0,0,0,0,0,0,0,0,0,0,0,19
TXN0002732,2024-02-01T19:58:00,31,M0062,B2B,low,C00018,850,89,10361,0.0377,15705.53,wallet,Axis,426134,19,3,0,0,0,0,0,0,0,1,0,0,0,23
TXN0002733,2024-02-01T13:04:00,31,M0124,Retail,low,C00142,20,2,1944,0.1027,4305.98,wallet,ICICI,545459,13,3,0,0,0,0,1,0,0,0,1,1,0,68
TXN0002734,2024-02-01T16:37:00,31,M0120,Food,low,C00029,264,17,6932,0.0507,4592.9,netbanking,Axis,590318,16,3,0,0,0,1,0,0,0,0,0,0,0,54
TXN0002735,2024-02-01T08:52:00,31,M0018,SaaS,high,C01281,736,65,13056,0.0178,7096.18,card,Kotak,492821,8,3,0,0,0,0,0,0,0,1,0,0,0,26
TXN0002736,2024-02-01T16:24:00,31,M0150,Retail,mid,C01364,5,3,568,0.1317,612.11,upi,Canara,544238,16,3,0,0,0,0,0,0,0,0,0,0,0,69
TXN0002737,2024-02-01T07:15:00,31,M0046,SaaS,high,C00984,20,1,1236,0.0756,733.01,wallet,ICICI,499696,7,3,0,0,0,1,0,0,0,1,0,0,1,47
TXN0002738,2024-02-01T13:01:00,31,M0048,SaaS,mid,C00694,235,20,5075,0.0632,3548.34,upi,ICICI,584695,13,3,0,0,0,0,0,0,0,0,0,0,0,53
TXN0002739,2024-02-01T11:19:00,31,M0199,SaaS,mid,C01290,134,9,5843,0.0096,2275.71,wallet,ICICI,428890,11,3,0,11,0,0,0,0,1,0,0,0,0,39
TXN0002740,2024-02-01T18:15:00,31,M0089,Food,low,C00698,85,12,7043,0.0717,8367.79,card,HDFC,479495,18,3,0,0,0,0,0,1,0,1,1,1,0,30
TXN0002741,2024-02-01T19:16:00,31,M0040,SaaS,mid,C00303,64,7,1112,0.0787,2427.42,upi,Axis,436906,19,3,0,0,0,0,0,0,0,0,0,0,0,45
TXN0002742,2024-02-01T12:09:00,31,M0081,Logistics,high,C01411,6,4,871,0.1404,10628.39,card,HDFC,547870,12,3,0,0,0,0,0,0,0,0,0,0,0,70
TXN0002743,2024-02-01T16:58:00,31,M0133,SaaS,mid,C00438,15,4,1953,0.1344,2054.0,card,Canara,551732,16,3,0,0,0,1,0,0,0,0,1,1,0,28
TXN0002744,2024-02-01T01:16:00,31,M0142,Retail,mid,C00436,880,107,8813,0.0956,3612.69,netbanking,HDFC,457785,1,3,0,0,0,0,0,0,0,0,1,1,0,68
TXN0002745,2024-02-02T12:19:00,32,M0177,Food,low,C01054,25,1,1125,0.0641,470.17,upi,Axis,548431,12,4,0,0,0,1,0,0,0,0,1,1,0,53
TXN0002746,2024-02-02T16:28:00,32,M0031,Food,mid,C01437,172,14,2265,0.197,2204.92,card,Canara,442610,16,4,0,0,0,1,0,0,0,0,0,0,0,25
TXN0002747,2024-02-02T01:41:00,32,M0006,Food,low,C00628,6,1,1373,0.0525,2516.86,wallet,Axis,544306,1,4,0,0,0,2,0,0,0,1,1,1,0,18
TXN0002748,2024-02-02T19:09:00,32,M0093,SaaS,mid,C00801,126,10,6631,0.1262,8404.58,netbanking,Yes,517360,19,4,0,0,0,0,0,0,0,1,0,0,0,65
TXN0002749,2024-02-02T10:59:00,32,M0135,Retail,low,C00469,906,112,18797,0.0674,8284.22,wallet,SBI,580905,10,4,0,0,0,0,0,0,0,1,0,0,0,60
TXN0002750,2024-02-02T16:28:00,32,M0035,SaaS,mid,C00380,17,3,1440,0.0452,839.09,wallet,HDFC,577761,16,4,0,0,0,0,1,0,0,0,1,1,0,39
TXN0002751,2024-02-02T12:48:00,32,M0007,Food,mid,C00118,24,4,1912,0.1164,1593.54,wallet,Canara,488406,12,4,0,0,0,0,0,0,0,1,0,0,0,47
TXN0002752,2024-02-02T08:25:00,32,M0100,Retail,low,C00392,15,2,1141,0.0684,2528.58,upi,Kotak,584598,8,4,0,0,0,1,0,0,0,0,0,0,0,17
TXN0002753,2024-02-02T12:56:00,32,M0112,Logistics,mid,C00603,212,10,4730,0.2417,21048.65,wallet,Yes,567267,12,4,0,0,0,0,0,0,0,0,0,0,0,68
TXN0002754,2024-02-02T19:49:00,32,M0006,Food,low,C00514,23,2,1082,0.0667,617.89,upi,Axis,582619,19,4,0,14,0,1,0,0,0,0,0,0,0,53
TXN0002755,2024-02-02T12:33:00,32,M0066,Food,mid,C01191,67,12,1391,0.2025,1629.33,upi,Yes,598620,12,4,0,0,0,0,0,0,0,1,0,0,0,45
TXN0002756,2024-02-02T20:50:00,32,M0124,Retail,low,C00046,899,95,17868,0.007,9761.24,netbanking,Canara,505196,20,4,0,0,0,0,0,0,0,0,0,0,0,56
TXN0002757,2024-02-02T21:52:00,32,M0012,Food,low,C01439,994,101,18629,0.0221,14899.76,wallet,SBI,496849,21,4,0,0,0,0,0,0,0,0,0,0,0,36
TXN0002758,2024-02-02T13:11:00,32,M0054,Retail,mid,C01189,130,15,7174,0.0537,2265.34,card,PNB,458101,13,4,0,0,0,0,0,0,0,0,0,0,0,31
TXN0002759,2024-02-02T10:41:00,32,M0143,Logistics,mid,C00430,876,104,3418,0.0136,4188.33,wallet,Yes,568298,10,4,0,0,0,0,0,0,0,0,0,0,0,46
TXN0002760,2024-02-02T16:58:00,32,M0006,Food,low,C01006,228,20,5218,0.0396,1871.06,card,SBI,452869,16,4,0,12,0,0,0,0,0,0,0,0,0,55
TXN0002761,2024-02-02T13:27:00,32,M0075,Retail,mid,C00315,14,2,1450,0.0587,1811.1,wallet,PNB,595771,13,4,0,0,0,0,0,0,0,0,0,0,0,56
TXN0002762,2024-02-02T14:27:00,32,M0145,SaaS,low,C00788,272,13,5066,0.0347,2761.97,netbanking,HDFC,466207,14,4,0,0,0,0,0,0,0,0,0,0,0,13
TXN0002763,2024-02-02T06:38:00,32,M0101,Food,low,C01316,288,6,4550,0.0271,3124.66,wallet,ICICI,565209,6,4,0,0,0,0,0,0,0,1,0,0,0,55
TXN0002764,2024-02-02T13:58:00,32,M0140,Logistics,high,C00022,195,15,7187,0.1177,16248.89,card,PNB,452887,13,4,0,0,0,0,0,0,0,0,0,0,0,28
TXN0002765,2024-02-02T10:19:00,32,M0022,Retail,low,C00467,240,13,7839,0.1495,769.44,netbanking,SBI,577406,10,4,0,0,0,1,0,0,0,0,0,0,0,53
TXN0002766,2024-02-02T10:46:00,32,M0079,Retail,high,C00950,23,4,1808,0.0475,1952.59,upi,Yes,437013,10,4,0,0,0,0,0,0,0,1,1,1,0,54
TXN0002767,2024-02-02T11:50:00,32,M0122,Retail,low,C00866,21,3,753,0.0237,2535.63,wallet,Kotak,514802,11,4,0,0,0,0,0,0,0,0,0,0,1,17
TXN0002768,2024-02-02T11:15:00,32,M0010,SaaS,high,C00961,21,1,1446,0.011,1231.38,upi,SBI,519950,11,4,0,0,0,0,0,0,0,1,0,0,0,50
TXN0002769,2024-02-02T06:00:00,32,M0175,Food,low,C00403,20,3,980,0.0023,200,wallet,Yes,579179,6,4,0,0,0,1,0,0,0,1,0,0,1,18
TXN0002770,2024-02-02T21:56:00,32,M0033,Logistics,low,C01062,298,6,4793,0.2582,5099.5,upi,Yes,450833,21,4,0,0,0,0,0,0,0,0,1,1,0,52
TXN0002771,2024-02-02T20:32:00,32,M0035,SaaS,mid,C00919,9,1,623,0.0317,1456.54,upi,Kotak,468905,20,4,0,0,0,0,0,0,0,0,0,0,1,13
TXN0002772,2024-02-02T08:46:00,32,M0185,Food,high,C00736,885,113,21326,0.0296,11002.74,netbanking,PNB,433039,8,4,0,0,0,0,0,0,0,1,0,0,0,34
TXN0002773,2024-02-02T09:34:00,32,M0021,SaaS,mid,C00954,139,11,5116,0.1756,8033.01,wallet,Canara,583999,9,4,0,0,0,0,0,0,0,0,0,0,0,58
TXN0002774,2024-02-02T03:33:00,32,M0156,Services,mid,C00742,283,15,7773,0.2377,4384.48,netbanking,Canara,544831,3,4,0,0,0,0,0,0,0,0,1,1,0,29
TXN0002775,2024-02-02T07:05:00,32,M0133,SaaS,mid,C00048,132,8,7820,0.0412,2535.34,upi,Yes,540109,7,4,0,0,0,0,0,0,0,0,0,0,0,32
TXN0002776,2024-02-02T17:14:00,32,M0162,Services,high,C00975,145,5,5985,0.0929,8528.17,upi,PNB,586152,17,4,0,0,0,0,0,0,0,1,0,0,0,21
TXN0002777,2024-02-02T15:55:00,32,M0093,SaaS,mid,C00009,248,12,3185,0.0397,4191.42,card,SBI,464248,15,4,0,11,0,0,0,0,0,1,0,0,0,43
TXN0002778,2024-02-02T09:03:00,32,M0177,Food,low,C00491,109,6,7422,0.1327,3516.04,card,SBI,429766,9,4,0,0,0,0,0,0,0,0,0,0,0,43
TXN0002779,2024-02-02T15:14:00,32,M0075,Retail,mid,C01369,11,1,1181,0.2256,2250.95,card,Yes,476188,15,4,0,0,0,1,0,0,0,1,0,0,0,62
TXN0002780,2024-02-02T17:55:00,32,M0035,SaaS,mid,C00785,9,1,1029,0.1564,719.06,card,Axis,531540,17,4,0,0,0,1,0,0,0,0,0,0,0,23
TXN0002781,2024-02-02T12:40:00,32,M0037,Retail,mid,C01080,70,11,2580,0.1981,1674.38,upi,Canara,575452,12,4,0,0,0,0,0,0,0,0,0,0,0,36
TXN0002782,2024-02-02T14:35:00,32,M0028,Retail,mid,C00327,221,7,5770,0.1545,2914.97,netbanking,SBI,463231,14,4,0,0,0,1,0,0,0,0,0,0,0,47
TXN0002783,2024-02-02T07:55:00,32,M0147,SaaS,mid,C00899,268,17,7778,0.0887,4279.14,wallet,Kotak,476441,7,4,0,0,1,1,0,0,0,0,0,0,0,56
TXN0002784,2024-02-02T14:21:00,32,M0021,SaaS,mid,C00673,806,50,4239,0.0236,3437.31,upi,Kotak,570951,14,4,0,0,0,1,0,0,0,0,0,0,0,52
TXN0002785,2024-02-02T05:55:00,32,M0099,B2B,low,C00613,294,20,7531,0.0191,7114.06,upi,Axis,474452,5,4,0,0,0,1,1,0,0,0,1,1,0,36
TXN0002786,2024-02-02T07:43:00,32,M0160,Services,mid,C00056,14,4,645,0.1133,1700.83,wallet,Canara,439094,7,4,0,0,0,1,0,0,0,0,0,0,0,70
TXN0002787,2024-02-02T15:31:00,32,M0163,Logistics,high,C00406,233,15,4489,0.2614,10566.92,card,ICICI,504177,15,4,0,0,0,0,0,0,0,0,0,0,0,20
TXN0002788,2024-02-02T14:23:00,32,M0051,Food,low,C01475,230,11,7307,0.1466,3931.23,netbanking,SBI,503808,14,4,0,0,0,0,0,0,0,0,0,0,0,34
TXN0002789,2024-02-02T00:15:00,32,M0045,Food,high,C01272,201,11,2005,0.0898,2086.34,upi,Yes,428576,0,4,0,0,0,1,0,0,1,1,0,0,0,69
TXN0002790,2024-02-02T18:10:00,32,M0144,Retail,low,C01471,226,11,7159,0.0178,9061.76,netbanking,Kotak,420526,18,4,0,9,0,0,0,0,0,0,0,0,0,22
TXN0002791,2024-02-02T18:18:00,32,M0060,Services,high,C01186,985,55,11992,0.0131,7706.01,netbanking,ICICI,550558,18,4,0,0,0,0,0,0,0,0,0,0,0,64
TXN0002792,2024-02-02T18:01:00,32,M0095,Food,low,C00775,14,3,1392,0.0331,343.15,netbanking,ICICI,581922,18,4,0,0,0,0,0,0,0,0,0,0,0,39
TXN0002793,2024-02-02T13:08:00,32,M0195,Food,high,C00463,23,3,774,0.0897,1069.39,card,Yes,439061,13,4,0,0,0,0,0,0,0,0,0,0,0,61
TXN0002794,2024-02-02T10:42:00,32,M0147,SaaS,mid,C01415,250,20,2725,0.1037,5086.12,wallet,Yes,570461,10,4,0,0,0,0,0,0,0,0,0,0,1,36
TXN0002795,2024-02-02T07:59:00,32,M0017,B2B,low,C00510,5,2,1363,0.0704,14581.78,wallet,Canara,470396,7,4,0,0,0,0,0,0,0,1,0,0,1,68
TXN0002796,2024-02-02T19:18:00,32,M0060,Services,high,C00466,11,3,1294,0.1314,6014.66,wallet,ICICI,578379,19,4,0,0,0,0,0,0,0,1,0,0,0,61
TXN0002797,2024-02-02T17:41:00,32,M0002,B2B,low,C00603,212,10,4730,0.2417,29199.54,card,ICICI,460094,17,4,0,0,1,1,0,0,0,0,0,0,0,45
TXN0002798,2024-02-02T04:52:00,32,M0028,Retail,mid,C01432,91,8,2195,0.2033,1845.93,wallet,Yes,418559,4,4,0,0,0,1,0,0,0,0,1,1,0,59
TXN0002799,2024-02-02T23:03:00,32,M0014,Logistics,high,C01312,5,3,916,0.0576,12989.54,wallet,SBI,563070,23,4,0,0,0,0,0,0,0,1,0,0,0,46
TXN0002800,2024-02-02T18:51:00,32,M0158,Retail,low,C01114,880,108,7723,0.0341,11363.86,netbanking,ICICI,597448,18,4,0,0,0,0,0,0,0,1,0,0,0,70
TXN0002801,2024-02-02T09:23:00,32,M0127,Food,low,C00720,21,3,1343,0.0888,1544.33,netbanking,PNB,547297,9,4,0,0,0,0,0,0,0,0,0,0,0,60
TXN0002802,2024-02-02T16:29:00,32,M0034,Retail,high,C01236,957,100,4823,0.0537,4302.63,upi,Axis,424372,16,4,0,0,0,0,1,0,0,1,1,1,0,24
TXN0002803,2024-02-02T15:52:00,32,M0108,Food,high,C01021,277,6,5906,0.0539,5958.79,wallet,Yes,417651,15,4,0,0,0,0,0,0,0,1,0,0,0,49
TXN0002804,2024-02-02T18:55:00,32,M0063,SaaS,high,C01381,181,9,4827,0.1171,2031.86,wallet,Canara,572572,18,4,0,0,0,0,0,0,0,0,0,0,0,71
TXN0002805,2024-02-02T17:25:00,32,M0161,Services,mid,C00559,119,13,7644,0.0554,4220.49,card,PNB,466070,17,4,0,0,0,0,1,0,0,0,0,1,0,69
TXN0002806,2024-02-02T19:08:00,32,M0063,SaaS,high,C00741,993,74,23579,0.0051,4869.41,netbanking,Axis,433923,19,4,0,0,0,1,0,0,0,1,0,0,0,37
TXN0002807,2024-02-02T14:14:00,32,M0158,Retail,low,C00156,171,13,6238,0.025,3683.46,netbanking,Kotak,528813,14,4,0,0,0,0,0,0,0,0,0,0,1,38
TXN0002808,2024-02-02T19:00:00,32,M0193,B2B,low,C01144,168,13,3064,0.1729,53193.2,wallet,Kotak,412562,19,4,0,0,0,0,0,0,0,0,1,1,0,21
TXN0002809,2024-02-02T21:10:00,32,M0192,B2B,mid,C01113,181,9,1902,0.0152,46486.79,upi,PNB,597577,21,4,0,0,0,0,0,0,0,0,1,1,0,35
TXN0002810,2024-02-02T09:59:00,32,M0076,Services,high,C00095,835,58,21160,0.0053,9427.06,card,SBI,536021,9,4,0,0,0,0,0,0,0,0,0,0,1,43
TXN0002811,2024-02-02T10:56:00,32,M0055,Services,mid,C00231,970,90,9656,0.0095,19372.67,wallet,SBI,470778,10,4,0,0,0,0,0,0,0,0,1,1,0,62
TXN0002812,2024-02-02T19:46:00,32,M0020,B2B,low,C00558,871,120,19753,0.0192,14671.52,netbanking,Canara,412441,19,4,0,0,0,0,1,0,0,0,1,1,0,28
TXN0002813,2024-02-02T08:17:00,32,M0140,Logistics,high,C01137,796,106,15017,0.0135,30128.85,card,SBI,436321,8,4,0,0,0,1,0,1,0,0,1,1,0,52
TXN0002814,2024-02-02T19:34:00,32,M0122,Retail,low,C00178,20,4,1085,0.1022,1900.32,card,Axis,500661,19,4,0,0,0,1,0,0,0,0,0,0,0,34
TXN0002815,2024-02-02T14:43:00,32,M0131,Logistics,high,C01128,987,62,19455,0.0377,29766.65,upi,PNB,587151,14,4,0,0,0,0,0,0,0,0,0,0,0,54
TXN0002816,2024-02-02T19:15:00,32,M0071,Retail,low,C00925,268,15,7613,0.1884,3400.81,upi,PNB,577888,19,4,0,0,0,0,0,0,0,0,0,0,0,42
TXN0002817,2024-02-02T19:11:00,32,M0127,Food,low,C00933,21,4,928,0.1246,850.97,netbanking,PNB,460666,19,4,0,0,0,1,0,0,0,1,0,0,0,59
TXN0002818,2024-02-02T10:04:00,32,M0004,Logistics,low,C00179,255,17,3997,0.1177,17423.48,card,PNB,577411,10,4,0,0,0,0,0,0,0,1,1,1,0,49
TXN0002819,2024-02-02T14:16:00,32,M0066,Food,mid,C01494,266,9,2847,0.112,615.38,upi,SBI,401646,14,4,0,0,0,0,0,0,0,1,0,0,0,32
TXN0002820,2024-02-02T17:34:00,32,M0161,Services,mid,C01323,896,81,24706,0.0128,5026.04,netbanking,Axis,485078,17,4,0,0,0,0,0,1,0,0,1,1,0,62
TXN0002821,2024-02-02T11:30:00,32,M0057,Food,high,C00024,184,12,3249,0.0951,3631.82,netbanking,Yes,475544,11,4,0,0,0,1,0,0,0,0,0,0,0,26
TXN0002822,2024-02-02T07:20:00,32,M0110,Food,high,C00001,266,5,6471,0.1662,3041.11,wallet,Canara,447688,7,4,0,0,0,0,1,0,0,0,1,1,0,20
TXN0002823,2024-02-02T10:50:00,32,M0038,B2B,mid,C01184,214,11,5319,0.0395,7843.73,wallet,PNB,516949,10,4,0,0,0,0,0,0,0,1,0,0,0,12
TXN0002824,2024-02-02T17:29:00,32,M0003,SaaS,low,C00203,225,13,6886,0.0333,6632.3,upi,SBI,471743,17,4,0,0,0,0,0,0,0,0,0,0,1,15
TXN0002825,2024-02-02T17:56:00,32,M0140,Logistics,high,C00514,23,2,1082,0.0667,10695.56,upi,Kotak,565612,17,4,0,1,1,2,0,1,0,0,1,1,0,15
TXN0002826,2024-02-02T08:03:00,32,M0073,SaaS,high,C01468,266,20,7538,0.0121,13272.9,upi,Canara,532756,8,4,0,13,0,0,0,0,1,0,0,0,0,40
TXN0002827,2024-02-02T08:45:00,32,M0077,Services,high,C01025,160,7,5324,0.1057,1546.04,wallet,Axis,455534,8,4,0,0,0,0,0,0,0,0,0,0,0,49
TXN0002828,2024-02-02T07:31:00,32,M0024,B2B,mid,C00487,101,8,2756,0.0754,20199.7,card,HDFC,441369,7,4,0,0,0,0,0,0,0,0,0,0,0,15
TXN0002829,2024-02-02T12:30:00,32,M0152,Retail,high,C00592,168,14,6022,0.124,3434.13,upi,SBI,553622,12,4,0,0,1,1,0,0,0,1,0,0,0,69
TXN0002830,2024-02-02T12:51:00,32,M0051,Food,low,C00297,803,58,20383,0.0156,14200.36,card,PNB,501535,12,4,0,0,0,0,0,0,0,1,0,0,0,39
TXN0002831,2024-02-02T12:01:00,32,M0095,Food,low,C00429,16,4,1693,0.1106,1133.73,wallet,Yes,400225,12,4,0,0,0,0,0,0,0,1,0,0,0,47
TXN0002832,2024-02-02T23:02:00,32,M0160,Services,mid,C00393,255,7,2060,0.1223,1730.82,card,Canara,413747,23,4,0,0,0,1,0,0,0,0,0,0,0,22
TXN0002833,2024-02-02T11:19:00,32,M0075,Retail,mid,C01478,168,13,2908,0.0476,2721.1,upi,ICICI,549694,11,4,0,0,0,0,0,0,0,0,0,0,0,44
TXN0002834,2024-02-02T12:37:00,32,M0070,Services,low,C01451,139,19,1913,0.1121,2776.77,wallet,Canara,493064,12,4,0,0,0,0,0,0,0,0,0,0,0,51
TXN0002835,2024-02-02T22:44:00,32,M0161,Services,mid,C00784,14,4,1494,0.0944,1402.58,upi,Canara,412979,22,4,0,0,0,0,0,0,0,0,0,0,1,40
TXN0002836,2024-02-02T08:06:00,32,M0101,Food,low,C00139,21,2,1395,0.0205,774.85,wallet,SBI,472961,8,4,0,0,0,0,0,0,0,0,0,0,0,34
TXN0002837,2024-02-02T14:47:00,32,M0194,Retail,mid,C00415,768,112,13506,0.0062,9316.74,card,Axis,526670,14,4,0,0,0,1,1,0,0,0,1,1,0,23
TXN0002838,2024-02-02T15:34:00,32,M0093,SaaS,mid,C01387,998,75,21611,0.0326,20811.3,wallet,Yes,424809,15,4,0,0,0,0,0,0,0,0,0,0,0,13
TXN0002839,2024-02-02T18:34:00,32,M0060,Services,high,C00663,8,3,1840,0.0977,1953.67,wallet,Canara,572604,18,4,0,0,0,0,0,0,0,0,0,0,0,24
TXN0002840,2024-02-02T20:27:00,32,M0111,Logistics,low,C00036,243,11,1622,0.1295,13645.72,upi,HDFC,558152,20,4,0,0,0,0,0,0,0,0,0,0,0,43
TXN0002841,2024-02-02T05:06:00,32,M0169,Food,low,C01079,120,13,2720,0.1461,1326.71,upi,HDFC,470726,5,4,0,0,0,0,0,0,0,1,1,1,0,32
TXN0002842,2024-02-02T02:13:00,32,M0050,Logistics,high,C00676,205,16,3731,0.1246,8584.93,upi,Canara,538673,2,4,0,11,0,0,0,0,0,0,0,1,0,15
TXN0002843,2024-02-03T07:08:00,33,M0083,B2B,low,C00383,290,6,7598,0.2306,38966.37,card,SBI,569071,7,5,1,0,0,0,0,0,0,0,1,1,0,55
TXN0002844,2024-02-03T13:40:00,33,M0077,Services,high,C00407,219,13,7005,0.033,7482.91,upi,Kotak,570227,13,5,1,0,0,1,0,0,0,0,0,0,0,53
TXN0002845,2024-02-03T09:38:00,33,M0067,Food,mid,C00610,941,55,13937,0.0074,7292.0,wallet,Canara,538322,9,5,1,14,0,0,0,0,0,1,0,0,0,71
TXN0002846,2024-02-03T09:43:00,33,M0050,Logistics,high,C00594,111,19,1738,0.0355,9974.9,wallet,ICICI,453636,9,5,1,0,0,0,0,0,0,0,0,0,0,32
TXN0002847,2024-02-03T11:57:00,33,M0006,Food,low,C00863,773,54,20610,0.0073,4144.92,netbanking,Canara,563887,11,5,1,0,0,0,0,0,0,0,0,0,0,67
TXN0002848,2024-02-03T09:42:00,33,M0043,Logistics,high,C00719,167,19,7043,0.1785,18648.51,card,Canara,435378,9,5,1,0,0,0,0,0,0,0,0,0,0,20
TXN0002849,2024-02-03T06:57:00,33,M0047,Logistics,low,C01237,12,3,1754,0.1256,9991.39,wallet,Yes,509574,6,5,1,0,0,0,0,0,0,0,1,1,0,48
TXN0002850,2024-02-03T11:43:00,33,M0091,Logistics,high,C01293,247,18,5415,0.1497,3052.64,netbanking,Kotak,445536,11,5,1,0,0,0,0,0,0,1,0,0,0,46
TXN0002851,2024-02-03T09:53:00,33,M0074,Services,high,C00417,187,5,1840,0.0718,1937.57,card,Axis,578918,9,5,1,0,0,0,1,0,1,0,0,1,1,44
TXN0002852,2024-02-03T18:22:00,33,M0125,Retail,low,C01315,189,15,3261,0.0741,1943.44,wallet,HDFC,514071,18,5,1,0,0,0,1,0,0,1,1,1,0,52
TXN0002853,2024-02-03T10:31:00,33,M0029,Retail,high,C00544,19,3,1611,0.17,1233.11,wallet,Axis,566350,10,5,1,1,0,0,0,0,0,1,1,1,0,54
TXN0002854,2024-02-03T22:16:00,33,M0062,B2B,low,C01243,240,17,5202,0.0226,22696.14,netbanking,PNB,561469,22,5,1,1,0,1,0,0,0,1,1,1,0,31
TXN0002855,2024-02-03T12:35:00,33,M0063,SaaS,high,C00143,1000,104,6643,0.0326,2198.06,card,Kotak,403117,12,5,1,0,0,1,0,0,0,0,0,0,0,46
TXN0002856,2024-02-03T13:11:00,33,M0195,Food,high,C01037,264,15,2007,0.014,922.75,netbanking,ICICI,496440,13,5,1,0,0,0,0,0,0,0,0,0,0,28
TXN0002857,2024-02-03T19:59:00,33,M0138,Services,mid,C00976,5,1,1132,0.0574,3508.02,card,Axis,574975,19,5,1,0,0,0,0,0,0,0,0,0,0,12
TXN0002858,2024-02-03T04:27:00,33,M0034,Retail,high,C00141,67,15,1811,0.1733,1769.04,netbanking,PNB,448138,4,5,1,0,0,0,0,0,0,0,1,1,0,38
TXN0002859,2024-02-03T07:51:00,33,M0031,Food,mid,C00747,241,14,1235,0.0284,1671.55,card,Canara,411243,7,5,1,0,0,1,0,0,0,0,0,0,0,28
TXN0002860,2024-02-03T09:03:00,33,M0071,Retail,low,C00773,866,52,18391,0.0182,6134.77,upi,SBI,501087,9,5,1,0,0,0,0,0,0,0,0,0,0,41
TXN0002861,2024-02-03T02:18:00,33,M0163,Logistics,high,C00111,21,2,1270,0.0829,7678.1,upi,HDFC,542180,2,5,1,0,0,0,0,0,0,0,0,1,0,18
TXN0002862,2024-02-03T10:43:00,33,M0072,SaaS,high,C01075,73,14,1901,0.0584,882.98,upi,PNB,562563,10,5,1,0,0,1,0,0,0,0,0,0,0,23
TXN0002863,2024-02-03T18:20:00,33,M0187,SaaS,high,C00245,79,14,2330,0.0808,1709.76,netbanking,PNB,588591,18,5,1,0,0,1,0,0,0,0,0,0,0,49
TXN0002864,2024-02-03T12:30:00,33,M0074,Services,high,C01402,178,14,1326,0.0337,4689.89,wallet,SBI,473987,12,5,1,0,0,0,0,0,0,0,0,0,0,45
TXN0002865,2024-02-03T09:40:00,33,M0187,SaaS,high,C00908,186,16,5237,0.1913,1340.89,upi,Axis,509295,9,5,1,0,0,0,0,0,0,0,0,0,0,58
TXN0002866,2024-02-03T16:08:00,33,M0157,SaaS,mid,C00455,13,2,734,0.0307,866.97,upi,Canara,480597,16,5,1,0,0,0,0,1,0,0,1,1,0,68
TXN0002867,2024-02-03T19:05:00,33,M0082,B2B,high,C01454,216,11,5677,0.16,29361.46,upi,Kotak,573109,19,5,1,0,0,0,0,0,0,1,1,1,0,17
TXN0002868,2024-02-03T17:43:00,33,M0089,Food,low,C01066,151,11,1906,0.0889,437.58,card,HDFC,491396,17,5,1,14,0,0,0,0,0,1,0,0,0,56
TXN0002869,2024-02-03T23:49:00,33,M0198,Food,mid,C00153,187,16,7531,0.082,3386.19,card,Canara,415913,23,5,1,0,0,1,0,0,0,0,0,0,0,53
TXN0002870,2024-02-03T13:18:00,33,M0186,B2B,mid,C01329,214,5,6916,0.0088,8670.54,wallet,Canara,553941,13,5,1,8,0,0,0,0,0,0,0,0,0,21
TXN0002871,2024-02-03T19:25:00,33,M0195,Food,high,C01412,93,13,3187,0.0774,1640.45,upi,Kotak,404238,19,5,1,0,0,0,1,1,0,0,1,1,0,53
TXN0002872,2024-02-03T08:05:00,33,M0147,SaaS,mid,C00555,100,19,3886,0.0597,1803.05,wallet,ICICI,496503,8,5,1,0,0,1,0,0,0,0,0,0,0,46
TXN0002873,2024-02-03T16:41:00,33,M0102,Retail,high,C00558,871,120,19753,0.0192,25197.71,card,PNB,598377,16,5,1,0,1,1,0,1,0,0,1,1,0,64
TXN0002874,2024-02-03T05:30:00,33,M0079,Retail,high,C01238,107,9,7705,0.1555,2042.12,card,Axis,430826,5,5,1,0,0,0,0,0,0,1,0,0,0,71
TXN0002875,2024-02-03T10:30:00,33,M0125,Retail,low,C00106,22,3,1872,0.0279,1602.69,upi,HDFC,462667,10,5,1,0,0,0,0,0,0,1,0,0,0,65
TXN0002876,2024-02-03T22:21:00,33,M0121,Food,low,C01203,13,3,700,0.0223,906.0,netbanking,Canara,515372,22,5,1,0,0,0,0,0,0,0,0,0,0,17
TXN0002877,2024-02-03T11:02:00,33,M0074,Services,high,C00025,771,67,7942,0.0048,3597.03,netbanking,Kotak,477831,11,5,1,14,0,0,0,0,0,1,0,0,0,60
TXN0002878,2024-02-03T16:46:00,33,M0134,Services,low,C01117,9,1,1001,0.0185,3747.28,upi,Canara,525506,16,5,1,0,0,0,0,0,0,0,0,0,1,14
TXN0002879,2024-02-03T05:25:00,33,M0072,SaaS,high,C00427,24,3,1936,0.0865,1629.77,wallet,PNB,432616,5,5,1,0,0,0,1,0,0,0,1,1,0,44
TXN0002880,2024-02-03T12:03:00,33,M0109,Services,low,C01036,209,8,7172,0.1514,4190.37,card,ICICI,579898,12,5,1,7,0,1,0,0,0,0,0,0,0,13
TXN0002881,2024-02-03T15:39:00,33,M0146,Food,mid,C01047,82,16,3732,0.0328,3683.06,upi,HDFC,560746,15,5,1,0,0,0,0,0,0,1,1,1,0,26
TXN0002882,2024-02-03T08:23:00,33,M0133,SaaS,mid,C01488,807,73,14962,0.0496,9724.81,wallet,SBI,412137,8,5,1,8,0,1,0,0,0,0,0,0,0,67
TXN0002883,2024-02-03T17:56:00,33,M0197,Food,low,C00903,25,4,727,0.0815,757.86,wallet,SBI,400396,17,5,1,0,0,0,0,0,0,0,0,0,1,39
TXN0002884,2024-02-03T14:24:00,33,M0054,Retail,mid,C00266,5,4,714,0.0812,1983.99,upi,Canara,493855,14,5,1,0,0,0,0,0,1,1,0,0,1,16
TXN0002885,2024-02-03T20:34:00,33,M0184,Logistics,high,C00611,236,14,3084,0.1764,11102.49,netbanking,Yes,571090,20,5,1,11,0,1,0,1,0,1,0,1,0,23
TXN0002886,2024-02-03T21:04:00,33,M0084,B2B,mid,C00672,25,1,1404,0.0267,20062.24,card,SBI,494098,21,5,1,0,0,0,0,0,0,0,0,0,1,19
TXN0002887,2024-02-03T18:41:00,33,M0179,Services,low,C00787,228,7,4251,0.029,5372.44,card,Yes,550137,18,5,1,0,0,0,0,0,0,1,0,0,0,59
TXN0002888,2024-02-03T21:58:00,33,M0174,SaaS,low,C01382,8,3,516,0.0408,1082.91,netbanking,Yes,530104,21,5,1,0,0,0,0,0,0,0,0,0,1,31
TXN0002889,2024-02-03T06:09:00,33,M0166,SaaS,mid,C00374,295,16,6772,0.0438,2966.88,upi,HDFC,514094,6,5,1,0,0,0,0,0,0,0,0,0,0,62
TXN0002890,2024-02-03T15:04:00,33,M0088,Food,low,C00277,164,20,4404,0.1783,3408.13,netbanking,SBI,438939,15,5,1,0,0,0,0,0,0,1,0,0,0,13
TXN0002891,2024-02-03T14:56:00,33,M0046,SaaS,high,C00694,235,20,5075,0.0632,3979.4,netbanking,Yes,411650,14,5,1,0,0,1,0,0,0,0,0,0,1,22
TXN0002892,2024-02-03T07:48:00,33,M0194,Retail,mid,C00767,156,19,4765,0.0133,7527.48,upi,Canara,442370,7,5,1,0,0,0,0,0,0,0,0,0,0,27
TXN0002893,2024-02-03T18:38:00,33,M0111,Logistics,low,C01438,223,12,1229,0.2301,7853.1,card,Canara,526703,18,5,1,0,0,0,0,0,0,0,1,1,0,57
TXN0002894,2024-02-03T14:34:00,33,M0138,Services,mid,C00190,104,19,5367,0.0534,2544.78,card,Yes,484280,14,5,1,0,0,1,1,0,0,0,1,1,0,21
TXN0002895,2024-02-03T09:11:00,33,M0082,B2B,high,C00949,264,17,4123,0.0427,17346.19,card,Axis,579911,9,5,1,0,0,1,0,0,0,0,0,0,0,12
TXN0002896,2024-02-03T23:29:00,33,M0024,B2B,mid,C00855,10,1,1044,0.075,7527.97,wallet,Yes,532584,23,5,1,0,0,0,0,0,0,1,0,0,1,20
TXN0002897,2024-02-03T10:34:00,33,M0181,Food,high,C01424,95,7,5911,0.177,5281.27,upi,Yes,444720,10,5,1,0,0,0,0,0,0,0,0,0,0,17
TXN0002898,2024-02-03T13:28:00,33,M0153,Food,low,C00161,185,11,2004,0.0423,1193.26,upi,ICICI,518390,13,5,1,12,0,0,1,0,0,0,0,1,0,16
TXN0002899,2024-02-03T14:38:00,33,M0119,Retail,high,C01404,136,6,5880,0.0288,2554.12,upi,PNB,513552,14,5,1,10,0,0,0,0,0,0,0,0,0,51
TXN0002900,2024-02-03T19:50:00,33,M0097,Services,low,C00657,266,10,3140,0.067,2050.12,upi,Canara,402229,19,5,1,0,0,0,0,0,0,0,0,0,0,55
TXN0002901,2024-02-03T11:26:00,33,M0074,Services,high,C01401,98,5,3761,0.048,2470.93,upi,SBI,563953,11,5,1,0,0,1,0,0,0,1,0,0,0,48
TXN0002902,2024-02-03T14:43:00,33,M0062,B2B,low,C01240,238,8,4800,0.127,31942.42,wallet,Yes,531192,14,5,1,0,0,0,0,0,0,0,0,0,0,15
TXN0002903,2024-02-03T20:12:00,33,M0114,Logistics,mid,C00321,931,91,13422,0.0134,5520.88,wallet,SBI,437353,20,5,1,0,0,0,0,0,1,1,1,1,0,63
TXN0002904,2024-02-03T07:16:00,33,M0130,Food,low,C00578,267,6,6126,0.0334,2834.12,upi,HDFC,455001,7,5,1,0,0,0,0,0,0,1,0,0,0,45
TXN0002905,2024-02-03T11:54:00,33,M0105,SaaS,high,C00354,246,13,6411,0.0854,8514.43,wallet,Kotak,568531,11,5,1,0,0,0,0,0,0,0,0,0,0,13
TXN0002906,2024-02-03T08:22:00,33,M0121,Food,low,C00041,872,107,10990,0.0263,3807.41,wallet,Yes,548712,8,5,1,0,0,0,0,0,0,0,0,0,0,54
TXN0002907,2024-02-03T19:03:00,33,M0145,SaaS,low,C01494,266,9,2847,0.112,968.6,wallet,PNB,505690,19,5,1,0,0,1,0,0,0,0,0,0,0,18
TXN0002908,2024-02-03T18:38:00,33,M0135,Retail,low,C00909,174,15,1042,0.0534,1503.09,wallet,Canara,483093,18,5,1,0,0,0,1,0,0,0,1,1,0,38
TXN0002909,2024-02-03T15:46:00,33,M0050,Logistics,high,C00752,85,5,5332,0.0525,51478.24,netbanking,Canara,538388,15,5,1,0,0,1,0,0,0,0,1,1,0,18
TXN0002910,2024-02-03T14:31:00,33,M0081,Logistics,high,C00760,16,2,1193,0.0457,11340.59,netbanking,SBI,441593,14,5,1,0,0,0,0,0,0,1,0,0,0,24
TXN0002911,2024-02-03T01:06:00,33,M0199,SaaS,mid,C00960,154,7,7188,0.0316,14499.85,upi,Kotak,597263,1,5,1,0,0,3,0,0,0,0,1,1,0,57
TXN0002912,2024-02-03T01:30:00,33,M0146,Food,mid,C00671,931,72,24151,0.0159,8300.52,upi,Kotak,556594,1,5,1,0,0,0,0,0,0,1,1,1,0,71
TXN0002913,2024-02-03T11:02:00,33,M0059,Logistics,mid,C00198,25,4,1477,0.1421,5962.09,wallet,Canara,508144,11,5,1,0,0,0,0,0,0,0,0,0,0,44
TXN0002914,2024-02-03T21:50:00,33,M0109,Services,low,C00735,294,9,2632,0.0396,3240.33,netbanking,SBI,504296,21,5,1,0,0,0,0,0,0,0,0,0,0,12
TXN0002915,2024-02-03T11:21:00,33,M0187,SaaS,high,C00725,15,3,802,0.0878,659.98,card,HDFC,559531,11,5,1,14,0,1,0,0,0,0,0,0,0,48
TXN0002916,2024-02-03T14:44:00,33,M0021,SaaS,mid,C00959,25,3,1865,0.1485,1484.29,wallet,PNB,514517,14,5,1,0,0,0,0,0,0,1,0,0,0,40
TXN0002917,2024-02-03T17:19:00,33,M0125,Retail,low,C01463,786,110,7400,0.052,6947.57,card,Kotak,539703,17,5,1,0,0,1,0,0,0,1,0,0,0,46
TXN0002918,2024-02-03T16:20:00,33,M0029,Retail,high,C01035,242,10,4320,0.0826,2585.4,upi,Axis,428211,16,5,1,0,0,0,0,0,0,0,0,0,0,58
TXN0002919,2024-02-03T17:22:00,33,M0095,Food,low,C00293,25,3,1986,0.1281,1390.48,card,Kotak,518198,17,5,1,0,0,0,0,0,0,0,0,0,1,37
TXN0002920,2024-02-03T09:43:00,33,M0197,Food,low,C00458,228,14,6680,0.1174,4200.12,netbanking,Kotak,439655,9,5,1,0,0,0,0,0,0,1,0,0,0,70
TXN0002921,2024-02-03T10:13:00,33,M0138,Services,mid,C00970,220,11,6117,0.0537,3220.56,wallet,ICICI,591186,10,5,1,0,0,0,0,0,0,0,0,0,1,29
TXN0002922,2024-02-03T19:46:00,33,M0136,Logistics,mid,C00756,89,17,3323,0.0739,17372.29,netbanking,PNB,544164,19,5,1,0,0,1,0,0,0,0,0,0,0,37
TXN0002923,2024-02-03T11:34:00,33,M0016,Services,high,C00998,188,8,4691,0.1272,7355.23,upi,PNB,431849,11,5,1,0,0,0,0,0,0,0,0,0,0,18
TXN0002924,2024-02-03T10:57:00,33,M0027,Services,high,C00207,289,14,6654,0.0346,5002.2,upi,SBI,412187,10,5,1,0,0,0,0,0,0,1,0,0,0,66
TXN0002925,2024-02-03T09:07:00,33,M0123,Logistics,high,C00115,8,1,1518,0.0701,10358.23,wallet,PNB,528491,9,5,1,0,0,0,0,0,0,0,0,0,0,16
TXN0002926,2024-02-03T11:35:00,33,M0175,Food,low,C00824,11,2,1295,0.1478,523.91,card,Kotak,489453,11,5,1,0,0,0,0,0,0,1,0,0,1,51
TXN0002927,2024-02-03T11:32:00,33,M0191,Logistics,high,C01038,6,1,755,0.0897,8006.0,wallet,Axis,428464,11,5,1,0,0,1,0,0,0,1,0,0,1,65
TXN0002928,2024-02-03T23:58:00,33,M0069,SaaS,high,C00188,165,11,4361,0.0928,9052.21,wallet,Axis,478176,23,5,1,0,0,0,1,0,0,0,1,1,0,55
TXN0002929,2024-02-03T21:04:00,33,M0087,Logistics,mid,C00853,16,2,1991,0.0564,15776.8,card,PNB,583177,21,5,1,0,0,0,0,1,0,1,1,1,0,31
TXN0002930,2024-02-03T20:40:00,33,M0046,SaaS,high,C00421,155,8,1375,0.2041,1078.29,wallet,ICICI,532841,20,5,1,0,0,0,0,0,0,1,0,0,0,28
TXN0002931,2024-02-03T17:29:00,33,M0002,B2B,low,C01452,137,8,4630,0.0509,104988.01,card,Canara,498087,17,5,1,0,0,0,0,0,0,1,1,1,0,69
TXN0002932,2024-02-03T12:39:00,33,M0181,Food,high,C00376,201,16,3820,0.0317,5442.2,card,Axis,566460,12,5,1,0,0,0,0,0,0,1,0,0,0,32
TXN0002933,2024-02-03T12:51:00,33,M0132,Food,mid,C01290,134,9,5843,0.0096,2216.33,upi,Yes,485692,12,5,1,0,0,1,0,0,0,1,0,0,0,62
TXN0002934,2024-02-03T16:30:00,33,M0155,SaaS,mid,C00877,943,111,21778,0.0075,15113.24,netbanking,Axis,452479,16,5,1,0,0,1,0,0,0,0,0,0,0,42
TXN0002935,2024-02-03T17:12:00,33,M0023,Services,low,C00917,300,5,4719,0.0825,10807.62,card,Canara,561096,17,5,1,0,0,0,0,0,0,1,0,0,0,13
TXN0002936,2024-02-03T22:19:00,33,M0158,Retail,low,C00284,22,2,1162,0.105,1822.4,wallet,ICICI,524360,22,5,1,0,0,0,1,1,0,1,1,1,0,45
TXN0002937,2024-02-03T20:10:00,33,M0086,Retail,high,C00921,228,9,1469,0.0468,2677.89,netbanking,Kotak,565258,20,5,1,0,0,0,0,0,0,0,0,0,0,20
TXN0002938,2024-02-03T10:27:00,33,M0021,SaaS,mid,C01498,12,2,1312,0.0618,2011.63,upi,ICICI,522406,10,5,1,0,0,1,0,0,0,0,0,0,0,51
TXN0002939,2024-02-03T09:12:00,33,M0164,Logistics,high,C00106,22,3,1872,0.0279,11301.63,netbanking,ICICI,468071,9,5,1,1,1,1,0,0,0,0,0,0,0,25
TXN0002940,2024-02-03T17:36:00,33,M0104,Food,low,C00513,906,52,16492,0.0021,7312.14,netbanking,Kotak,402959,17,5,1,0,0,0,0,1,0,0,1,1,0,63
TXN0002941,2024-02-04T12:21:00,34,M0129,Services,low,C01346,8,1,1368,0.0887,906.89,wallet,Yes,598793,12,6,1,0,0,0,0,0,0,1,0,0,0,60
TXN0002942,2024-02-04T11:03:00,34,M0152,Retail,high,C01414,212,15,5435,0.0786,3314.48,card,ICICI,585611,11,6,1,0,0,0,0,1,0,0,1,1,0,35
TXN0002943,2024-02-04T16:40:00,34,M0176,SaaS,low,C01262,170,20,3485,0.2024,1758.24,card,Canara,406143,16,6,1,0,0,0,0,0,0,0,0,0,0,37
TXN0002944,2024-02-04T09:38:00,34,M0156,Services,mid,C00853,16,2,1991,0.0564,2814.86,upi,PNB,457073,9,6,1,0,1,1,0,0,0,1,0,0,1,18
TXN0002945,2024-02-04T10:19:00,34,M0030,B2B,high,C00939,187,15,3236,0.084,19710.26,upi,Yes,491994,10,6,1,0,0,0,0,0,0,1,0,0,0,37
TXN0002946,2024-02-04T15:40:00,34,M0000,Logistics,low,C01250,832,75,11273,0.0124,20749.73,upi,PNB,425691,15,6,1,0,0,0,1,0,0,0,1,1,0,72
TXN0002947,2024-02-04T06:15:00,34,M0052,Logistics,mid,C01046,18,4,553,0.0474,3889.6,card,Kotak,400787,6,6,1,0,0,0,0,0,0,1,0,0,1,22
TXN0002948,2024-02-04T15:20:00,34,M0143,Logistics,mid,C00169,92,14,6033,0.1224,5791.85,upi,Kotak,463984,15,6,1,0,0,1,0,0,0,1,0,0,0,30
TXN0002949,2024-02-04T17:53:00,34,M0017,B2B,low,C00239,8,2,993,0.0332,27618.0,upi,Axis,409548,17,6,1,0,0,0,0,0,0,0,0,0,0,26
TXN0002950,2024-02-04T14:32:00,34,M0144,Retail,low,C00765,193,20,7494,0.0847,2876.33,upi,Canara,487363,14,6,1,0,0,0,0,0,0,0,0,0,0,30
TXN0002951,2024-02-04T10:57:00,34,M0075,Retail,mid,C00264,25,4,1179,0.0072,2256.76,wallet,Kotak,503919,10,6,1,0,0,0,0,0,0,0,0,0,0,72
TXN0002952,2024-02-04T14:22:00,34,M0122,Retail,low,C01162,25,4,605,0.233,735.49,upi,Canara,532701,14,6,1,0,0,1,0,0,0,1,0,0,0,41
TXN0002953,2024-02-04T18:13:00,34,M0131,Logistics,high,C00856,21,4,967,0.023,9734.35,card,Yes,442847,18,6,1,0,0,1,0,0,0,0,0,0,1,70
TXN0002954,2024-02-04T12:40:00,34,M0024,B2B,mid,C00242,10,1,1523,0.2298,36849.72,netbanking,SBI,456410,12,6,1,0,0,1,0,0,0,0,0,1,1,56
TXN0002955,2024-02-04T13:51:00,34,M0196,Retail,low,C00275,197,10,5545,0.0476,7630.54,upi,HDFC,465531,13,6,1,0,0,1,0,0,0,0,0,0,0,68
TXN0002956,2024-02-04T09:14:00,34,M0018,SaaS,high,C00843,25,4,1469,0.0275,1047.26,netbanking,Axis,532062,9,6,1,0,0,0,0,0,0,1,0,0,0,53
TXN0002957,2024-02-04T11:52:00,34,M0131,Logistics,high,C00301,17,3,1823,0.0261,12353.23,wallet,PNB,591762,11,6,1,0,0,0,0,0,0,0,1,1,0,33
TXN0002958,2024-02-04T06:14:00,34,M0004,Logistics,low,C01239,20,3,1092,0.1306,4089.79,card,SBI,454480,6,6,1,0,0,1,1,0,0,0,1,1,0,37
TXN0002959,2024-02-04T22:49:00,34,M0062,B2B,low,C00567,17,2,1649,0.1358,50463.18,card,ICICI,510260,22,6,1,0,0,0,0,0,0,0,1,1,0,40
TXN0002960,2024-02-04T01:25:00,34,M0172,Food,mid,C00905,997,85,9286,0.052,3052.78,netbanking,PNB,575446,1,6,1,0,0,2,0,0,0,0,0,0,1,72
TXN0002961,2024-02-04T09:36:00,34,M0016,Services,high,C01007,738,96,4499,0.0593,7451.52,upi,Yes,561719,9,6,1,0,0,0,0,0,1,0,0,0,1,23
TXN0002962,2024-02-04T07:43:00,34,M0065,B2B,high,C00025,771,67,7942,0.0048,13837.89,upi,PNB,511777,7,6,1,0,1,1,0,0,0,0,0,0,0,71
TXN0002963,2024-02-04T21:26:00,34,M0191,Logistics,high,C00587,12,1,1336,0.0454,12013.24,upi,HDFC,435942,21,6,1,0,0,1,0,0,0,1,0,0,1,62
TXN0002964,2024-02-04T10:48:00,34,M0071,Retail,low,C01183,243,15,2751,0.0611,3184.19,upi,Axis,586607,10,6,1,0,0,0,1,0,0,0,1,1,0,29
TXN0002965,2024-02-04T15:14:00,34,M0068,B2B,low,C00061,128,6,7251,0.1482,30463.41,upi,PNB,552659,15,6,1,0,0,0,0,0,0,0,0,0,0,50
TXN0002966,2024-02-04T14:29:00,34,M0043,Logistics,high,C01423,8,4,1688,0.1325,8344.76,card,SBI,574569,14,6,1,0,0,0,0,0,0,1,0,0,1,20
TXN0002967,2024-02-04T23:37:00,34,M0198,Food,mid,C01376,15,4,962,0.0503,753.32,netbanking,Yes,528512,23,6,1,11,0,1,1,0,0,0,0,1,1,56
TXN0002968,2024-02-04T05:51:00,34,M0138,Services,mid,C00549,6,2,719,0.0845,2134.5,upi,Canara,536951,5,6,1,0,0,0,0,1,0,0,1,1,0,57
TXN0002969,2024-02-04T09:09:00,34,M0017,B2B,low,C00980,292,12,7565,0.1281,32685.98,card,SBI,448299,9,6,1,0,0,0,0,0,0,1,0,0,0,68
TXN0002970,2024-02-04T07:39:00,34,M0009,Retail,low,C00184,241,14,4890,0.1259,3428.97,netbanking,SBI,454598,7,6,1,0,0,0,0,0,0,1,0,0,0,51
TXN0002971,2024-02-04T13:49:00,34,M0165,Services,low,C00077,283,8,4634,0.0584,5194.8,netbanking,Kotak,525847,13,6,1,0,0,0,0,0,0,1,0,0,0,37
TXN0002972,2024-02-04T17:39:00,34,M0120,Food,low,C00478,987,65,6053,0.0157,1640.25,upi,PNB,554747,17,6,1,0,0,0,0,0,0,0,0,0,0,42
TXN0002973,2024-02-04T07:48:00,34,M0068,B2B,low,C00495,18,1,1644,0.0142,13669.74,upi,SBI,425365,7,6,1,0,0,0,0,0,0,0,0,0,1,71
TXN0002974,2024-02-04T10:23:00,34,M0087,Logistics,mid,C01245,822,114,24591,0.0177,21183.36,upi,Axis,416145,10,6,1,0,0,0,0,0,0,0,1,1,0,26
TXN0002975,2024-02-04T11:38:00,34,M0094,SaaS,high,C00660,137,20,7112,0.0513,2672.65,netbanking,SBI,400586,11,6,1,0,0,1,1,0,0,0,0,1,0,66
TXN0002976,2024-02-04T19:29:00,34,M0092,Food,low,C01162,25,4,605,0.233,694.68,card,HDFC,458708,19,6,1,0,1,2,0,0,0,1,0,0,0,54
TXN0002977,2024-02-04T08:31:00,34,M0040,SaaS,mid,C00511,261,20,3457,0.0646,1878.1,upi,SBI,421178,8,6,1,0,0,0,0,0,0,1,0,0,0,44
TXN0002978,2024-02-04T16:34:00,34,M0042,Logistics,mid,C00513,906,52,16492,0.0021,18546.54,card,ICICI,401068,16,6,1,0,1,1,0,0,0,1,0,0,0,52
TXN0002979,2024-02-04T06:48:00,34,M0007,Food,mid,C00941,8,1,1237,0.0191,2654.15,card,SBI,416244,6,6,1,0,0,0,0,0,0,1,0,0,1,26
TXN0002980,2024-02-04T09:38:00,34,M0167,SaaS,low,C00762,162,16,4897,0.165,2217.95,netbanking,PNB,432023,9,6,1,0,0,0,0,0,0,0,0,0,0,54
TXN0002981,2024-02-04T16:17:00,34,M0116,Services,low,C01206,243,17,4210,0.0573,9373.33,wallet,HDFC,427084,16,6,1,0,0,0,0,0,0,0,0,0,0,48
TXN0002982,2024-02-04T10:57:00,34,M0184,Logistics,high,C01255,21,3,706,0.0285,5622.82,card,Yes,495291,10,6,1,0,0,0,0,0,0,1,0,0,0,37
TXN0002983,2024-02-04T15:55:00,34,M0187,SaaS,high,C01216,914,76,5925,0.0032,1987.76,upi,ICICI,586623,15,6,1,8,0,1,0,0,0,0,0,0,0,30
TXN0002984,2024-02-04T23:06:00,34,M0170,Logistics,mid,C00020,162,12,2208,0.21,11904.45,wallet,Canara,563429,23,6,1,0,0,0,0,0,0,0,1,1,0,13
TXN0002985,2024-02-04T21:02:00,34,M0067,Food,mid,C00953,11,2,921,0.0534,1355.11,netbanking,Axis,403592,21,6,1,0,0,0,0,0,0,1,0,0,0,21
TXN0002986,2024-02-04T09:20:00,34,M0033,Logistics,low,C00793,792,118,10745,0.0392,14540.14,card,ICICI,597673,9,6,1,14,0,0,0,0,0,1,0,0,0,35
TXN0002987,2024-02-04T00:49:00,34,M0158,Retail,low,C00454,11,3,933,0.0749,1138.91,upi,PNB,436715,0,6,1,0,0,0,0,0,0,0,0,0,1,21
TXN0002988,2024-02-04T09:56:00,34,M0082,B2B,high,C01324,148,17,6773,0.0247,44144.0,card,ICICI,547508,9,6,1,0,0,0,0,1,0,0,1,1,0,38
TXN0002989,2024-02-04T21:57:00,34,M0083,B2B,low,C01025,160,7,5324,0.1057,38558.85,wallet,Axis,429493,21,6,1,0,0,1,0,0,0,1,1,1,0,44
TXN0002990,2024-02-04T02:42:00,34,M0062,B2B,low,C00017,816,60,12299,0.0135,34726.05,netbanking,Axis,522653,2,6,1,0,0,0,0,0,0,1,1,1,0,34
TXN0002991,2024-02-04T14:51:00,34,M0152,Retail,high,C01370,917,116,3464,0.0555,5170.87,card,Axis,588641,14,6,1,0,0,0,0,0,0,1,0,0,0,48
TXN0002992,2024-02-04T15:10:00,34,M0192,B2B,mid,C01077,24,1,1382,0.0444,8671.67,netbanking,Yes,568340,15,6,1,0,0,0,0,0,0,0,0,0,1,62
TXN0002993,2024-02-04T08:47:00,34,M0140,Logistics,high,C01412,93,13,3187,0.0774,22015.49,wallet,Axis,589940,8,6,1,7,1,1,0,0,0,0,0,0,0,53
TXN0002994,2024-02-04T17:06:00,34,M0186,B2B,mid,C00656,24,3,1063,0.0277,17734.88,netbanking,ICICI,458918,17,6,1,0,0,0,0,0,0,0,0,0,1,21
TXN0002995,2024-02-04T08:34:00,34,M0090,Logistics,mid,C01054,25,1,1125,0.0641,6012.29,card,Yes,493461,8,6,1,0,0,2,0,0,0,0,0,0,0,21
TXN0002996,2024-02-04T10:23:00,34,M0102,Retail,high,C00389,144,16,3134,0.1005,2097.71,wallet,SBI,439065,10,6,1,0,0,0,0,0,0,1,0,0,0,55
TXN0002997,2024-02-04T14:30:00,34,M0021,SaaS,mid,C00785,9,1,1029,0.1564,1002.1,netbanking,Yes,573924,14,6,1,0,0,1,0,0,0,0,0,0,0,31
TXN0002998,2024-02-04T11:56:00,34,M0185,Food,high,C00475,116,18,5922,0.0285,2002.08,card,ICICI,540606,11,6,1,0,0,2,0,0,0,0,0,0,0,68
TXN0002999,2024-02-04T15:15:00,34,M0168,Food,high,C01313,19,3,724,0.1902,1088.37,wallet,ICICI,453878,15,6,1,11,0,0,0,0,0,0,0,0,0,28
TXN0003000,2024-02-04T10:40:00,34,M0121,Food,low,C01364,5,3,568,0.1317,615.1,netbanking,PNB,581693,10,6,1,0,0,1,0,0,0,0,0,0,0,32
TXN0003001,2024-02-04T08:55:00,34,M0012,Food,low,C00768,814,112,17112,0.0026,10290.59,upi,Axis,524719,8,6,1,0,0,0,0,1,0,1,1,1,0,70
TXN0003002,2024-02-04T13:54:00,34,M0188,Logistics,mid,C00838,827,61,12860,0.0338,19783.57,wallet,PNB,535954,13,6,1,0,0,0,1,0,0,1,1,1,0,51
TXN0003003,2024-02-04T19:41:00,34,M0105,SaaS,high,C00711,292,16,1422,0.0271,328.34,wallet,Kotak,580576,19,6,1,0,0,0,0,0,0,0,0,0,0,37
TXN0003004,2024-02-04T07:41:00,34,M0030,B2B,high,C01412,93,13,3187,0.0774,46910.82,card,Yes,588786,7,6,1,1,2,2,1,0,0,1,1,1,0,15
TXN0003005,2024-02-04T12:15:00,34,M0106,Services,high,C01370,917,116,3464,0.0555,7665.18,netbanking,SBI,525796,12,6,1,1,1,2,0,0,0,0,0,0,0,59
TXN0003006,2024-02-04T22:38:00,34,M0021,SaaS,mid,C00289,838,113,11799,0.0085,6840.0,card,Canara,477931,22,6,1,0,0,0,0,0,0,0,0,0,0,58
TXN0003007,2024-02-04T17:17:00,34,M0106,Services,high,C00036,243,11,1622,0.1295,8368.18,netbanking,Canara,531613,17,6,1,0,0,1,0,0,0,0,0,0,0,13
TXN0003008,2024-02-04T18:09:00,34,M0041,B2B,low,C01149,892,51,7931,0.0336,43717.07,netbanking,Canara,430296,18,6,1,0,0,1,0,0,0,0,1,1,0,16
TXN0003009,2024-02-04T08:38:00,34,M0154,Retail,low,C00694,235,20,5075,0.0632,5509.7,wallet,ICICI,597769,8,6,1,0,1,2,0,1,0,0,1,1,0,24
TXN0003010,2024-02-04T09:18:00,34,M0167,SaaS,low,C01372,164,10,6204,0.1709,2983.05,wallet,PNB,446713,9,6,1,0,0,0,0,0,1,0,0,0,0,64
TXN0003011,2024-02-04T13:24:00,34,M0059,Logistics,mid,C01447,197,6,3612,0.0881,11495.16,card,SBI,510346,13,6,1,0,0,0,0,0,0,0,0,0,0,42
TXN0003012,2024-02-04T10:35:00,34,M0040,SaaS,mid,C01376,15,4,962,0.0503,650.37,upi,HDFC,444731,10,6,1,1,1,2,0,0,0,0,1,1,0,49
TXN0003013,2024-02-04T12:14:00,34,M0174,SaaS,low,C00080,877,119,8176,0.0012,1757.81,upi,PNB,577452,12,6,1,0,0,1,0,0,1,0,1,1,0,65
TXN0003014,2024-02-04T19:38:00,34,M0016,Services,high,C01091,62,16,2796,0.1742,7255.61,card,Kotak,466101,19,6,1,0,0,1,0,0,0,0,0,0,0,49
TXN0003015,2024-02-04T15:57:00,34,M0072,SaaS,high,C01286,75,13,3108,0.007,3302.97,upi,Kotak,484214,15,6,1,0,0,0,0,0,0,1,0,0,0,63
TXN0003016,2024-02-04T20:04:00,34,M0050,Logistics,high,C00491,109,6,7422,0.1327,7254.81,netbanking,PNB,426325,20,6,1,0,0,1,0,0,0,0,0,0,0,24
TXN0003017,2024-02-04T11:37:00,34,M0105,SaaS,high,C00201,734,88,21610,0.0185,3436.48,netbanking,Kotak,480714,11,6,1,0,0,0,0,0,0,0,0,0,0,14
TXN0003018,2024-02-04T08:18:00,34,M0076,Services,high,C01053,172,16,7541,0.0741,5743.25,wallet,Yes,468243,8,6,1,14,0,1,0,0,0,0,0,0,0,13
TXN0003019,2024-02-04T10:05:00,34,M0013,Logistics,high,C00298,114,9,4372,0.1389,5749.03,upi,Axis,515981,10,6,1,0,0,1,1,0,0,1,0,1,1,28
TXN0003020,2024-02-05T18:39:00,35,M0161,Services,mid,C01005,24,1,1586,0.0437,4120.71,netbanking,ICICI,577851,18,0,0,0,0,0,0,0,0,0,0,0,0,55
TXN0003021,2024-02-05T14:27:00,35,M0173,Food,high,C00305,112,9,5394,0.0518,2046.78,wallet,ICICI,589088,14,0,0,0,0,1,0,0,0,0,0,0,0,53
TXN0003022,2024-02-05T01:20:00,35,M0013,Logistics,high,C00136,918,106,18128,0.0252,17134.99,upi,Kotak,405680,1,0,0,0,0,1,0,0,0,0,1,1,0,13
TXN0003023,2024-02-05T03:08:00,35,M0059,Logistics,mid,C00616,911,58,7892,0.0092,27690.26,card,Yes,411336,3,0,0,0,0,0,0,0,0,1,1,1,0,39
TXN0003024,2024-02-05T17:47:00,35,M0042,Logistics,mid,C00191,237,13,5997,0.1009,15707.6,upi,SBI,494770,17,0,0,0,0,0,0,0,0,1,0,0,1,41
TXN0003025,2024-02-05T20:18:00,35,M0019,Services,mid,C00517,15,2,1142,0.0701,1172.14,wallet,PNB,501072,20,0,0,0,0,0,0,0,1,0,0,0,1,40
TXN0003026,2024-02-05T21:32:00,35,M0156,Services,mid,C00187,270,12,1258,0.1298,1300.16,card,Axis,481818,21,0,0,0,0,0,0,0,0,1,0,0,0,48
TXN0003027,2024-02-05T07:05:00,35,M0048,SaaS,mid,C00226,94,17,2989,0.0739,2562.11,card,PNB,576861,7,0,0,0,0,0,0,0,0,0,0,0,0,53
TXN0003028,2024-02-05T14:24:00,35,M0153,Food,low,C00699,115,19,2458,0.0619,1520.01,wallet,ICICI,457059,14,0,0,0,0,0,0,0,0,0,0,0,0,59
TXN0003029,2024-02-05T18:17:00,35,M0131,Logistics,high,C00345,5,4,1662,0.0094,5672.06,card,ICICI,467987,18,0,0,0,0,0,0,0,0,0,0,0,0,41
TXN0003030,2024-02-05T08:09:00,35,M0011,Food,low,C01321,14,2,1098,0.1209,704.43,card,SBI,415624,8,0,0,0,0,0,0,0,0,0,0,0,0,53
TXN0003031,2024-02-05T20:53:00,35,M0164,Logistics,high,C00224,141,18,4344,0.0297,15745.18,wallet,SBI,463981,20,0,0,0,0,0,0,0,0,0,0,0,0,37
TXN0003032,2024-02-05T04:13:00,35,M0149,Services,low,C00500,105,20,3571,0.0765,2140.73,netbanking,ICICI,490401,4,0,0,0,0,0,1,0,0,0,1,1,0,68
TXN0003033,2024-02-05T11:26:00,35,M0157,SaaS,mid,C00617,275,10,5677,0.1505,2958.85,wallet,Axis,477793,11,0,0,11,0,0,0,0,0,0,0,0,1,18
TXN0003034,2024-02-05T18:24:00,35,M0044,Logistics,low,C01321,14,2,1098,0.1209,19812.89,netbanking,HDFC,518722,18,0,0,0,1,1,0,0,0,0,0,0,1,53
TXN0003035,2024-02-05T08:50:00,35,M0162,Services,high,C00629,174,16,3559,0.0527,3317.71,card,SBI,549184,8,0,0,0,0,1,0,0,1,1,1,1,0,18
TXN0003036,2024-02-05T15:17:00,35,M0192,B2B,mid,C00238,130,14,1140,0.0951,68849.57,netbanking,ICICI,427135,15,0,0,0,0,0,0,0,0,0,1,1,0,64
TXN0003037,2024-02-05T21:24:00,35,M0000,Logistics,low,C01435,239,13,5654,0.071,13217.68,upi,Kotak,577047,21,0,0,0,0,0,0,0,0,0,0,0,1,68
TXN0003038,2024-02-05T17:59:00,35,M0141,Logistics,low,C00803,10,1,1321,0.1485,11386.66,wallet,PNB,460077,17,0,0,0,0,1,0,0,0,0,0,0,0,15
TXN0003039,2024-02-05T12:43:00,35,M0114,Logistics,mid,C00809,22,1,606,0.0443,8429.51,netbanking,Kotak,428883,12,0,0,0,0,0,1,0,0,0,0,1,1,64
TXN0003040,2024-02-05T10:24:00,35,M0181,Food,high,C00887,8,3,791,0.0813,666.24,wallet,Axis,435642,10,0,0,0,0,0,0,0,0,0,0,0,0,25
TXN0003041,2024-02-05T20:08:00,35,M0050,Logistics,high,C00652,73,15,5382,0.1701,13053.85,netbanking,SBI,406471,20,0,0,0,0,0,0,0,0,0,1,1,0,12
TXN0003042,2024-02-05T17:09:00,35,M0085,SaaS,mid,C01421,87,15,5114,0.0752,3785.19,wallet,HDFC,441267,17,0,0,0,0,0,0,0,0,0,0,0,0,37
TXN0003043,2024-02-05T09:36:00,35,M0023,Services,low,C01431,750,96,16088,0.0245,8073.04,card,PNB,487245,9,0,0,0,0,0,0,0,0,1,0,0,0,59
TXN0003044,2024-02-05T19:10:00,35,M0170,Logistics,mid,C00510,5,2,1363,0.0704,5339.25,wallet,HDFC,447122,19,0,0,13,0,1,0,0,0,0,0,0,1,26
TXN0003045,2024-02-05T23:03:00,35,M0121,Food,low,C01041,197,11,6635,0.0326,6324.26,wallet,Kotak,545736,23,0,0,0,0,0,0,0,0,0,0,0,0,12
TXN0003046,2024-02-05T15:08:00,35,M0133,SaaS,mid,C00738,122,5,1977,0.1778,1632.05,wallet,Canara,438493,15,0,0,0,0,0,0,0,0,0,0,0,0,31
TXN0003047,2024-02-05T13:52:00,35,M0026,Retail,high,C01430,24,1,1398,0.0992,6215.66,wallet,SBI,581814,13,0,0,0,0,0,0,0,0,0,0,0,0,34
TXN0003048,2024-02-05T12:10:00,35,M0073,SaaS,high,C00253,122,10,6614,0.0795,4987.22,netbanking,ICICI,469023,12,0,0,0,0,0,0,0,0,0,0,0,0,49
TXN0003049,2024-02-05T05:59:00,35,M0129,Services,low,C00469,906,112,18797,0.0674,6371.52,card,HDFC,485744,5,0,0,0,0,1,0,0,0,0,0,0,0,36
TXN0003050,2024-02-05T09:32:00,35,M0196,Retail,low,C00754,16,4,1368,0.0617,1420.84,wallet,Yes,574726,9,0,0,0,0,0,0,0,0,0,0,0,1,68
TXN0003051,2024-02-05T07:54:00,35,M0121,Food,low,C00207,289,14,6654,0.0346,12402.6,card,Kotak,523338,7,0,0,0,0,1,1,0,0,0,1,1,0,35
TXN0003052,2024-02-05T14:22:00,35,M0010,SaaS,high,C00099,24,1,1989,0.1715,346.49,netbanking,Axis,598213,14,0,0,0,0,0,1,0,0,0,1,1,0,45
TXN0003053,2024-02-05T14:30:00,35,M0102,Retail,high,C00169,92,14,6033,0.1224,3098.8,netbanking,ICICI,452380,14,0,0,0,1,2,0,0,0,0,0,0,0,40
TXN0003054,2024-02-05T07:09:00,35,M0133,SaaS,mid,C00963,178,20,4779,0.0258,4698.04,netbanking,PNB,531022,7,0,0,13,0,2,0,0,0,0,0,0,0,68
TXN0003055,2024-02-05T08:00:00,35,M0127,Food,low,C00611,236,14,3084,0.1764,706.04,upi,HDFC,480708,8,0,0,0,0,2,0,0,0,1,0,0,0,38
TXN0003056,2024-02-05T10:25:00,35,M0188,Logistics,mid,C01306,119,14,5041,0.0461,15838.2,netbanking,SBI,432971,10,0,0,0,0,1,1,0,1,1,1,1,0,26
TXN0003057,2024-02-05T09:23:00,35,M0159,Services,low,C01316,288,6,4550,0.0271,7215.52,wallet,Kotak,481492,9,0,0,0,0,1,0,0,0,0,0,0,0,68
TXN0003058,2024-02-05T17:32:00,35,M0108,Food,high,C00311,23,1,967,0.0137,237.36,card,PNB,591022,17,0,0,0,0,0,0,0,0,0,0,0,0,36
TXN0003059,2024-02-05T14:49:00,35,M0141,Logistics,low,C00349,156,16,5473,0.0569,16656.43,upi,Kotak,576829,14,0,0,7,0,0,0,0,1,1,0,0,0,24
TXN0003060,2024-02-05T06:40:00,35,M0164,Logistics,high,C00465,97,20,3939,0.0191,8527.52,upi,PNB,407506,6,0,0,0,0,2,0,0,0,1,0,0,0,51
TXN0003061,2024-02-05T10:10:00,35,M0158,Retail,low,C01462,24,4,621,0.0321,5705.26,netbanking,Kotak,472035,10,0,0,10,0,2,0,0,1,0,0,0,1,58
TXN0003062,2024-02-05T16:33:00,35,M0149,Services,low,C01191,67,12,1391,0.2025,1515.38,upi,Axis,559483,16,0,0,0,0,1,0,0,0,0,0,0,0,42
TXN0003063,2024-02-05T14:32:00,35,M0035,SaaS,mid,C01345,202,7,1860,0.0767,2223.97,card,PNB,475448,14,0,0,0,0,0,0,0,0,0,0,0,0,28
TXN0003064,2024-02-05T11:34:00,35,M0151,Food,low,C01267,15,3,1733,0.143,993.13,upi,Yes,527208,11,0,0,0,0,0,0,0,0,0,1,1,0,25
TXN0003065,2024-02-05T14:28:00,35,M0134,Services,low,C00295,90,18,6685,0.0351,4351.61,card,ICICI,480425,14,0,0,11,0,0,0,0,0,0,0,0,0,49
TXN0003066,2024-02-05T11:43:00,35,M0159,Services,low,C00448,10,3,1642,0.0153,1134.03,netbanking,ICICI,427727,11,0,0,0,0,0,0,0,0,1,0,0,0,35
TXN0003067,2024-02-05T20:56:00,35,M0124,Retail,low,C00739,126,20,6687,0.0675,4845.83,upi,Canara,596013,20,0,0,0,0,0,0,0,0,0,0,0,0,53
TXN0003068,2024-02-05T07:42:00,35,M0009,Retail,low,C00049,879,66,23901,0.0391,6560.07,card,PNB,598628,7,0,0,0,0,0,0,0,0,0,0,0,0,14
TXN0003069,2024-02-05T17:41:00,35,M0037,Retail,mid,C01244,243,9,3280,0.1395,2945.99,wallet,HDFC,421884,17,0,0,0,0,0,0,0,0,1,0,0,0,44
TXN0003070,2024-02-05T13:08:00,35,M0142,Retail,mid,C01013,873,78,11441,0.016,9693.88,wallet,Kotak,559854,13,0,0,0,0,0,0,0,0,0,0,0,0,24
TXN0003071,2024-02-05T03:10:00,35,M0034,Retail,high,C00266,5,4,714,0.0812,737.89,wallet,Kotak,584175,3,0,0,0,0,1,0,0,0,0,0,0,1,30
TXN0003072,2024-02-05T08:03:00,35,M0035,SaaS,mid,C00106,22,3,1872,0.0279,3142.0,wallet,Axis,497789,8,0,0,0,0,2,0,0,1,1,0,0,1,68
TXN0003073,2024-02-05T10:58:00,35,M0166,SaaS,mid,C00786,74,7,3571,0.0818,6351.75,card,SBI,580156,10,0,0,0,0,0,0,0,0,1,0,0,0,21
TXN0003074,2024-02-05T09:37:00,35,M0017,B2B,low,C00445,21,1,696,0.0372,18543.94,netbanking,Yes,424867,9,0,0,0,0,0,0,0,0,0,0,0,0,21
TXN0003075,2024-02-05T22:53:00,35,M0119,Retail,high,C00861,1000,68,16236,0.0134,14790.12,upi,Canara,409853,22,0,0,0,0,0,0,0,0,1,1,1,0,72
TXN0003076,2024-02-05T17:58:00,35,M0165,Services,low,C00759,9,4,1320,0.1197,3830.32,netbanking,Kotak,433402,17,0,0,0,0,0,0,0,0,1,0,0,0,18
TXN0003077,2024-02-05T18:17:00,35,M0167,SaaS,low,C00337,17,3,855,0.0316,886.94,wallet,Yes,572191,18,0,0,0,0,0,0,0,0,1,0,0,1,28
TXN0003078,2024-02-05T10:00:00,35,M0032,Food,low,C00688,102,19,2995,0.0255,1452.32,netbanking,HDFC,580002,10,0,0,0,0,0,0,0,0,0,0,0,0,66
TXN0003079,2024-02-05T10:09:00,35,M0094,SaaS,high,C00441,144,16,3404,0.0449,1700.12,netbanking,HDFC,484589,10,0,0,0,0,0,0,0,0,0,0,0,0,64
TXN0003080,2024-02-05T21:48:00,35,M0162,Services,high,C01135,10,4,1028,0.1164,1696.56,upi,Canara,513482,21,0,0,0,0,0,1,0,0,0,1,1,0,22
TXN0003081,2024-02-05T23:42:00,35,M0132,Food,mid,C00865,5,3,994,0.0664,1099.66,card,ICICI,469631,23,0,0,0,0,1,0,0,0,0,0,0,0,22
TXN0003082,2024-02-05T10:42:00,35,M0162,Services,high,C00482,125,11,1044,0.1372,3001.94,netbanking,HDFC,538603,10,0,0,0,0,0,0,0,0,0,1,1,0,61
TXN0003083,2024-02-05T04:48:00,35,M0032,Food,low,C01009,228,8,7015,0.0619,5570.39,upi,HDFC,592277,4,0,0,0,0,0,0,0,0,0,1,1,0,46
TXN0003084,2024-02-05T20:55:00,35,M0094,SaaS,high,C00698,85,12,7043,0.0717,3675.63,wallet,PNB,552720,20,0,0,0,0,1,0,0,0,1,0,0,0,28
TXN0003085,2024-02-05T02:19:00,35,M0110,Food,high,C00178,20,4,1085,0.1022,2266.93,upi,ICICI,449783,2,0,0,0,0,1,0,0,0,0,0,0,1,32
TXN0003086,2024-02-05T17:45:00,35,M0001,Retail,high,C01155,18,3,1937,0.0906,924.51,wallet,SBI,429762,17,0,0,0,0,0,0,0,0,0,0,0,1,15
TXN0003087,2024-02-05T10:16:00,35,M0020,B2B,low,C00796,981,110,16531,0.053,62879.98,card,Canara,440592,10,0,0,0,0,0,0,0,0,0,1,1,0,64
TXN0003088,2024-02-05T21:35:00,35,M0109,Services,low,C00218,130,11,6939,0.0871,4107.19,upi,Axis,504108,21,0,0,0,0,0,0,0,0,0,0,0,0,34
TXN0003089,2024-02-05T18:23:00,35,M0179,Services,low,C00975,145,5,5985,0.0929,3158.79,wallet,HDFC,431198,18,0,0,0,0,1,0,0,0,0,0,0,0,54
TXN0003090,2024-02-05T17:13:00,35,M0002,B2B,low,C01003,891,80,14836,0.0225,21293.07,wallet,PNB,484627,17,0,0,0,0,0,0,0,0,1,0,0,0,31
TXN0003091,2024-02-05T08:40:00,35,M0066,Food,mid,C00722,20,3,1090,0.0836,626.42,upi,Yes,557671,8,0,0,0,0,0,0,0,0,1,0,0,0,69
TXN0003092,2024-02-05T09:44:00,35,M0173,Food,high,C01110,168,20,6680,0.0808,1866.98,upi,Kotak,537644,9,0,0,0,0,0,0,0,0,1,0,0,0,36
TXN0003093,2024-02-05T17:25:00,35,M0005,Logistics,high,C00808,20,2,1162,0.047,7642.39,card,Canara,457300,17,0,0,0,0,1,0,0,0,0,0,0,0,47
TXN0003094,2024-02-05T19:45:00,35,M0153,Food,low,C00364,805,83,13477,0.0482,14432.91,upi,Canara,486188,19,0,0,0,0,0,0,0,0,0,0,0,0,50
TXN0003095,2024-02-05T04:25:00,35,M0113,Services,high,C01103,926,64,19115,0.0046,25359.12,card,Axis,454407,4,0,0,0,0,0,0,0,0,1,1,1,0,33
TXN0003096,2024-02-05T08:03:00,35,M0112,Logistics,mid,C00221,849,90,21922,0.0167,11456.34,wallet,Kotak,536606,8,0,0,0,0,0,1,0,0,0,1,1,0,41
TXN0003097,2024-02-05T16:12:00,35,M0081,Logistics,high,C01318,11,3,1462,0.0305,8627.71,netbanking,Canara,462812,16,0,0,0,0,1,0,0,0,0,0,0,0,72
TXN0003098,2024-02-05T13:37:00,35,M0001,Retail,high,C01094,932,69,17616,0.0048,8616.51,card,HDFC,477199,13,0,0,0,0,0,0,0,0,1,1,1,0,18
TXN0003099,2024-02-05T17:23:00,35,M0016,Services,high,C00387,8,4,762,0.1501,2569.94,card,PNB,571236,17,0,0,0,0,0,0,0,0,0,0,0,0,22
TXN0003100,2024-02-05T13:50:00,35,M0171,Retail,low,C00832,105,10,7905,0.0538,10583.53,card,HDFC,551345,13,0,0,0,0,0,0,0,0,0,0,0,0,30
TXN0003101,2024-02-05T14:43:00,35,M0017,B2B,low,C00325,126,10,1254,0.1405,24525.91,card,HDFC,587598,14,0,0,0,0,0,0,0,0,0,1,1,0,56
TXN0003102,2024-02-05T19:17:00,35,M0198,Food,mid,C00451,19,4,1309,0.0308,500.8,upi,Canara,578076,19,0,0,0,0,0,0,0,0,1,0,0,0,53
TXN0003103,2024-02-05T21:29:00,35,M0150,Retail,mid,C00037,235,8,7522,0.0703,3379.69,upi,Canara,474306,21,0,0,0,0,0,0,0,0,0,0,0,0,49
TXN0003104,2024-02-05T13:26:00,35,M0129,Services,low,C00839,9,4,1493,0.0814,427.33,upi,SBI,549868,13,0,0,0,0,0,0,0,0,1,0,0,0,37
TXN0003105,2024-02-05T06:16:00,35,M0183,Retail,mid,C00820,792,100,15240,0.0131,7623.28,wallet,Kotak,565840,6,0,0,0,0,0,0,0,0,0,0,0,0,53
TXN0003106,2024-02-05T04:53:00,35,M0001,Retail,high,C00445,21,1,696,0.0372,929.38,wallet,HDFC,464594,4,0,0,1,1,1,0,0,0,0,1,1,0,35
TXN0003107,2024-02-05T18:12:00,35,M0177,Food,low,C01026,84,9,3649,0.1314,1472.66,upi,Kotak,589276,18,0,0,0,0,1,0,0,0,0,0,0,0,69
TXN0003108,2024-02-05T20:38:00,35,M0096,Food,mid,C00482,125,11,1044,0.1372,1132.02,wallet,HDFC,503935,20,0,0,0,1,1,0,0,0,0,0,0,0,42
TXN0003109,2024-02-05T16:26:00,35,M0136,Logistics,mid,C01490,5,4,570,0.0627,3469.43,card,Kotak,433570,16,0,0,0,0,0,0,0,0,0,0,0,1,20
TXN0003110,2024-02-05T21:32:00,35,M0008,Retail,low,C01310,784,79,24837,0.0081,48506.04,wallet,Kotak,546047,21,0,0,0,0,0,0,0,0,0,1,1,0,59
TXN0003111,2024-02-05T09:34:00,35,M0195,Food,high,C00230,19,3,1131,0.0522,706.34,wallet,HDFC,415614,9,0,0,0,0,0,0,0,0,0,0,0,0,71
TXN0003112,2024-02-05T20:25:00,35,M0135,Retail,low,C01138,18,4,1038,0.3389,4805.92,upi,HDFC,445014,20,0,0,0,0,1,0,1,0,1,1,1,0,48
TXN0003113,2024-02-05T14:08:00,35,M0034,Retail,high,C00146,81,16,1554,0.283,1581.13,card,PNB,464151,14,0,0,0,0,0,0,0,0,0,0,0,0,70
TXN0003114,2024-02-05T08:09:00,35,M0056,Retail,low,C01361,202,18,6341,0.0707,1451.3,netbanking,SBI,465704,8,0,0,0,0,0,1,0,0,0,0,1,1,13
TXN0003115,2024-02-05T08:25:00,35,M0162,Services,high,C00347,7,3,1414,0.0066,4936.94,card,PNB,589199,8,0,0,0,0,0,0,0,0,0,0,0,1,41
TXN0003116,2024-02-06T17:21:00,36,M0042,Logistics,mid,C01393,160,7,3841,0.0843,10893.98,wallet,Kotak,597500,17,1,0,0,0,0,0,0,0,0,1,1,0,66
TXN0003117,2024-02-06T16:26:00,36,M0137,B2B,mid,C00704,116,9,5699,0.0142,22770.09,card,SBI,517765,16,1,0,0,0,0,0,0,0,0,1,1,0,72
TXN0003118,2024-02-06T16:47:00,36,M0080,Logistics,low,C00623,774,92,18298,0.0518,13361.56,netbanking,SBI,458546,16,1,0,0,0,0,0,0,0,0,1,1,0,66
TXN0003119,2024-02-06T22:40:00,36,M0172,Food,mid,C01130,848,77,24437,0.0028,3982.61,wallet,Canara,452887,22,1,0,0,0,0,0,0,0,0,0,0,0,51
TXN0003120,2024-02-06T07:07:00,36,M0003,SaaS,low,C01320,13,4,1792,0.1094,1380.62,card,SBI,402300,7,1,0,0,0,0,0,0,0,0,0,0,1,67
TXN0003121,2024-02-06T12:23:00,36,M0111,Logistics,low,C00933,21,4,928,0.1246,9135.4,card,SBI,415371,12,1,0,8,0,1,0,0,0,0,0,0,0,25
TXN0003122,2024-02-06T14:03:00,36,M0150,Retail,mid,C00024,184,12,3249,0.0951,4265.37,wallet,ICICI,487621,14,1,0,0,0,1,0,0,0,1,0,0,0,41
TXN0003123,2024-02-06T10:03:00,36,M0128,B2B,high,C01188,22,1,1190,0.1683,42667.25,netbanking,Yes,496547,10,1,0,0,0,0,0,0,0,0,1,1,0,15
TXN0003124,2024-02-06T21:58:00,36,M0146,Food,mid,C00979,877,53,10504,0.0387,6898.89,wallet,Yes,481798,21,1,0,11,0,0,0,0,0,0,0,0,0,25
TXN0003125,2024-02-06T05:31:00,36,M0046,SaaS,high,C00543,202,16,7598,0.0093,9007.12,card,ICICI,410422,5,1,0,0,0,0,0,0,0,0,1,1,0,15
TXN0003126,2024-02-06T12:02:00,36,M0154,Retail,low,C00904,204,10,1535,0.1432,4918.8,upi,Yes,469905,12,1,0,0,0,0,0,0,0,1,0,0,0,61
TXN0003127,2024-02-06T22:48:00,36,M0089,Food,low,C01023,277,12,6737,0.1289,2666.02,netbanking,Canara,592378,22,1,0,0,0,0,0,0,0,0,0,0,0,68
TXN0003128,2024-02-06T20:45:00,36,M0147,SaaS,mid,C00019,767,108,16580,0.0404,6361.3,upi,ICICI,511094,20,1,0,0,0,0,0,0,0,0,0,0,0,36
TXN0003129,2024-02-06T09:40:00,36,M0029,Retail,high,C01442,13,1,1831,0.0407,1298.34,netbanking,Kotak,469821,9,1,0,0,0,0,0,0,0,0,0,0,1,33
TXN0003130,2024-02-06T09:08:00,36,M0186,B2B,mid,C00655,24,1,1087,0.1257,12047.38,card,PNB,545144,9,1,0,0,0,0,0,0,0,1,0,0,0,14
TXN0003131,2024-02-06T22:40:00,36,M0142,Retail,mid,C00612,15,3,1311,0.1636,1283.14,netbanking,Axis,460706,22,1,0,0,0,0,0,0,0,0,0,0,1,53
TXN0003132,2024-02-06T10:50:00,36,M0141,Logistics,low,C01238,107,9,7705,0.1555,26770.68,card,Yes,443704,10,1,0,0,0,1,0,0,0,0,1,1,0,68
TXN0003133,2024-02-06T18:14:00,36,M0142,Retail,mid,C00060,7,2,1880,0.1375,8015.9,wallet,Yes,419908,18,1,0,14,0,1,0,0,0,1,0,0,1,63
TXN0003134,2024-02-06T20:28:00,36,M0016,Services,high,C01242,801,109,18019,0.0054,12548.86,wallet,PNB,400809,20,1,0,0,0,0,0,0,0,0,0,0,0,71
TXN0003135,2024-02-06T14:52:00,36,M0186,B2B,mid,C00539,88,12,6184,0.0646,12589.46,netbanking,HDFC,539045,14,1,0,0,0,0,0,1,0,1,0,1,0,15
TXN0003136,2024-02-06T07:18:00,36,M0162,Services,high,C01101,22,3,1785,0.1531,1563.47,upi,ICICI,599713,7,1,0,0,0,0,1,0,0,0,1,1,0,70
TXN0003137,2024-02-06T12:00:00,36,M0177,Food,low,C00933,21,4,928,0.1246,754.12,wallet,HDFC,503362,12,1,0,11,1,2,0,0,0,0,0,0,0,72
TXN0003138,2024-02-06T18:17:00,36,M0082,B2B,high,C01330,256,7,6365,0.0174,41438.34,upi,Yes,451687,18,1,0,0,0,1,0,0,0,0,1,1,0,69
TXN0003139,2024-02-06T05:10:00,36,M0100,Retail,low,C00524,820,108,23678,0.0222,9770.34,card,Axis,481932,5,1,0,0,0,0,0,0,1,0,0,1,1,36
TXN0003140,2024-02-06T21:46:00,36,M0131,Logistics,high,C01095,777,113,8947,0.0105,31272.85,netbanking,Kotak,417277,21,1,0,0,0,0,0,0,0,0,0,0,0,19
TXN0003141,2024-02-06T07:09:00,36,M0152,Retail,high,C00136,918,106,18128,0.0252,10125.35,upi,Axis,573656,7,1,0,0,0,2,0,0,0,1,1,1,0,67
TXN0003142,2024-02-06T10:09:00,36,M0029,Retail,high,C00684,263,8,4737,0.1664,2673.89,netbanking,Kotak,439806,10,1,0,13,0,1,0,0,0,1,0,0,0,12
TXN0003143,2024-02-06T23:11:00,36,M0178,Logistics,low,C00291,19,1,1376,0.0577,5683.11,card,Kotak,460111,23,1,0,11,0,0,0,0,0,0,0,0,1,52
TXN0003144,2024-02-06T02:50:00,36,M0198,Food,mid,C01106,884,86,14415,0.044,5983.3,card,Canara,483861,2,1,0,0,0,0,0,0,0,0,1,1,0,68
TXN0003145,2024-02-06T08:08:00,36,M0115,Services,high,C00787,228,7,4251,0.029,6502.68,upi,Yes,421183,8,1,0,0,0,1,0,0,0,1,0,0,0,34
TXN0003146,2024-02-06T18:07:00,36,M0072,SaaS,high,C00200,274,10,1297,0.0557,229.77,wallet,SBI,463287,18,1,0,0,0,0,1,0,0,0,1,1,0,59
TXN0003147,2024-02-06T12:42:00,36,M0136,Logistics,mid,C00856,21,4,967,0.023,4361.21,netbanking,PNB,555944,12,1,0,0,0,1,0,0,0,1,0,0,0,40
TXN0003148,2024-02-06T16:11:00,36,M0072,SaaS,high,C01218,166,13,3533,0.0365,5863.83,card,Canara,534378,16,1,0,0,0,1,0,1,0,0,1,1,0,65
TXN0003149,2024-02-06T20:36:00,36,M0000,Logistics,low,C00138,299,8,6827,0.2364,12952.34,upi,Axis,409798,20,1,0,0,0,0,0,0,0,0,0,0,0,43
TXN0003150,2024-02-06T08:42:00,36,M0026,Retail,high,C00296,15,3,1112,0.0281,1986.73,netbanking,Kotak,529859,8,1,0,0,0,0,0,0,0,0,0,0,0,63
TXN0003151,2024-02-06T09:44:00,36,M0196,Retail,low,C00265,207,12,4651,0.0618,2224.01,card,PNB,440985,9,1,0,0,0,0,0,0,0,0,0,0,0,67
TXN0003152,2024-02-06T12:27:00,36,M0076,Services,high,C00973,124,8,5914,0.0658,4599.64,upi,Canara,478726,12,1,0,10,0,0,0,0,0,0,0,0,0,72
TXN0003153,2024-02-06T04:28:00,36,M0165,Services,low,C01269,294,12,4633,0.1214,3981.94,upi,Axis,574215,4,1,0,0,0,0,1,0,0,1,0,1,0,38
TXN0003154,2024-02-06T13:20:00,36,M0177,Food,low,C01051,974,66,11488,0.0002,17753.17,upi,HDFC,552709,13,1,0,0,0,0,0,0,0,0,0,0,0,68
TXN0003155,2024-02-06T13:49:00,36,M0122,Retail,low,C00479,950,116,16784,0.0125,17001.65,upi,Canara,598001,13,1,0,0,0,0,0,0,0,0,0,0,1,35
TXN0003156,2024-02-06T11:45:00,36,M0198,Food,mid,C00037,235,8,7522,0.0703,3924.05,upi,ICICI,565155,11,1,0,0,1,1,0,0,0,0,0,0,0,46
TXN0003157,2024-02-06T21:37:00,36,M0092,Food,low,C01180,289,7,4681,0.1057,2420.13,wallet,PNB,427943,21,1,0,0,0,0,0,0,0,1,0,0,0,54
TXN0003158,2024-02-06T08:32:00,36,M0121,Food,low,C01185,768,103,17260,0.0082,24588.85,netbanking,HDFC,565673,8,1,0,0,0,0,0,0,0,0,0,0,0,30
TXN0003159,2024-02-06T16:26:00,36,M0084,B2B,mid,C00475,116,18,5922,0.0285,91137.96,netbanking,HDFC,436560,16,1,0,1,0,3,0,0,0,0,1,1,0,39
TXN0003160,2024-02-06T11:07:00,36,M0129,Services,low,C00998,188,8,4691,0.1272,4908.54,upi,Yes,497238,11,1,0,0,0,1,0,1,0,0,1,1,0,18
TXN0003161,2024-02-06T07:58:00,36,M0150,Retail,mid,C01083,194,5,2367,0.1078,3822.06,card,HDFC,480932,7,1,0,0,0,0,0,0,0,0,0,0,0,46
TXN0003162,2024-02-06T05:30:00,36,M0175,Food,low,C00279,256,20,5503,0.1075,8674.84,upi,SBI,500933,5,1,0,0,0,0,0,0,0,0,0,0,0,61
TXN0003163,2024-02-06T16:28:00,36,M0147,SaaS,mid,C00467,240,13,7839,0.1495,11029.74,wallet,HDFC,458513,16,1,0,0,0,1,0,0,0,0,0,0,0,24
TXN0003164,2024-02-06T11:30:00,36,M0088,Food,low,C00767,156,19,4765,0.0133,1988.8,netbanking,SBI,411603,11,1,0,0,0,1,0,0,0,0,0,0,0,36
TXN0003165,2024-02-06T12:06:00,36,M0178,Logistics,low,C00501,292,11,5087,0.1788,24319.19,upi,ICICI,446387,12,1,0,0,0,0,0,0,0,0,0,0,0,49
TXN0003166,2024-02-06T22:09:00,36,M0016,Services,high,C00621,888,91,7695,0.0354,2711.87,card,Canara,420616,22,1,0,0,0,0,0,0,0,0,0,0,0,52
TXN0003167,2024-02-06T16:36:00,36,M0140,Logistics,high,C00037,235,8,7522,0.0703,1976.03,wallet,Axis,451969,16,1,0,0,2,2,0,0,0,0,0,0,0,42
TXN0003168,2024-02-06T16:43:00,36,M0130,Food,low,C01407,25,1,1282,0.1029,1613.55,upi,Axis,513485,16,1,0,0,0,0,0,0,0,0,0,0,0,44
TXN0003169,2024-02-06T12:01:00,36,M0127,Food,low,C00200,274,10,1297,0.0557,1220.85,card,SBI,532118,12,1,0,1,1,1,1,0,0,0,1,1,0,55
TXN0003170,2024-02-06T09:39:00,36,M0185,Food,high,C00235,294,6,5292,0.0091,1261.45,wallet,HDFC,589819,9,1,0,0,0,0,1,0,0,0,1,1,0,68
TXN0003171,2024-02-06T22:06:00,36,M0167,SaaS,low,C01234,278,9,3464,0.0809,1564.36,card,Axis,489177,22,1,0,0,0,0,0,0,0,0,0,0,0,49
TXN0003172,2024-02-06T10:13:00,36,M0014,Logistics,high,C00124,769,61,23152,0.0186,39296.44,card,HDFC,429156,10,1,0,0,0,0,0,1,0,0,1,1,0,37
TXN0003173,2024-02-06T07:45:00,36,M0013,Logistics,high,C01252,732,96,16370,0.0138,30593.42,wallet,SBI,503843,7,1,0,0,0,0,0,0,0,0,1,1,0,57
TXN0003174,2024-02-06T14:46:00,36,M0103,Services,low,C01236,957,100,4823,0.0537,5044.96,netbanking,HDFC,454683,14,1,0,1,0,1,0,0,0,0,1,1,0,55
TXN0003175,2024-02-06T16:39:00,36,M0112,Logistics,mid,C00164,66,16,5538,0.1122,4279.3,upi,ICICI,586681,16,1,0,0,0,0,0,0,0,1,0,0,0,34
TXN0003176,2024-02-06T03:10:00,36,M0147,SaaS,mid,C00951,107,11,1569,0.0432,1172.04,upi,ICICI,405506,3,1,0,0,0,0,0,1,0,1,1,1,0,61
TXN0003177,2024-02-06T20:49:00,36,M0118,Retail,mid,C00342,78,16,6771,0.0366,3397.51,wallet,Axis,491855,20,1,0,0,0,0,1,0,0,0,1,1,0,54
TXN0003178,2024-02-06T08:33:00,36,M0037,Retail,mid,C00594,111,19,1738,0.0355,1093.06,card,PNB,444783,8,1,0,0,0,1,1,0,0,1,1,1,0,57
TXN0003179,2024-02-06T21:21:00,36,M0026,Retail,high,C00511,261,20,3457,0.0646,11690.96,upi,PNB,582452,21,1,0,0,0,1,0,0,0,0,0,0,0,65
TXN0003180,2024-02-06T15:35:00,36,M0122,Retail,low,C00291,19,1,1376,0.0577,3582.44,card,Canara,421907,15,1,0,1,1,1,0,0,0,1,0,0,0,19
TXN0003181,2024-02-06T15:59:00,36,M0160,Services,mid,C00823,200,17,1758,0.0443,13913.27,upi,ICICI,444262,15,1,0,0,0,0,0,1,0,1,1,1,0,20
TXN0003182,2024-02-06T08:33:00,36,M0090,Logistics,mid,C01104,912,59,23175,0.0085,34047.9,upi,SBI,443761,8,1,0,0,0,0,0,0,0,1,0,0,0,18
TXN0003183,2024-02-06T17:35:00,36,M0055,Services,mid,C00765,193,20,7494,0.0847,10217.05,netbanking,SBI,432104,17,1,0,0,0,1,0,0,0,1,0,0,1,63
TXN0003184,2024-02-06T08:07:00,36,M0001,Retail,high,C00702,223,10,5735,0.0252,5595.23,netbanking,Kotak,452322,8,1,0,0,0,0,0,0,0,0,0,0,0,17
TXN0003185,2024-02-06T18:42:00,36,M0059,Logistics,mid,C00850,147,16,7302,0.0202,23321.58,netbanking,Yes,400803,18,1,0,0,0,0,0,0,0,0,0,0,0,21
TXN0003186,2024-02-06T15:05:00,36,M0071,Retail,low,C00140,942,56,15991,0.0155,3917.7,card,Kotak,507279,15,1,0,0,0,1,1,0,0,0,1,1,0,22
TXN0003187,2024-02-06T11:50:00,36,M0093,SaaS,mid,C01473,249,18,1175,0.0682,3338.68,upi,HDFC,440518,11,1,0,0,0,0,0,0,0,0,0,0,0,50
TXN0003188,2024-02-06T21:43:00,36,M0185,Food,high,C01335,21,4,541,0.0082,639.73,upi,PNB,433491,21,1,0,0,0,0,0,0,0,0,0,0,1,67
TXN0003189,2024-02-06T18:01:00,36,M0056,Retail,low,C00578,267,6,6126,0.0334,14228.32,wallet,Kotak,555189,18,1,0,0,0,1,0,0,0,0,0,0,0,37
TXN0003190,2024-02-06T13:55:00,36,M0123,Logistics,high,C00411,20,1,1342,0.0729,15856.22,wallet,HDFC,483023,13,1,0,0,0,0,0,0,0,1,0,0,1,60
TXN0003191,2024-02-06T17:16:00,36,M0060,Services,high,C00845,903,109,7297,0.0375,14628.1,wallet,HDFC,561322,17,1,0,0,0,0,0,0,0,1,0,0,1,35
TXN0003192,2024-02-06T11:56:00,36,M0053,Retail,low,C01296,939,96,5611,0.0086,6594.15,netbanking,Kotak,512201,11,1,0,0,0,1,1,0,0,0,1,1,0,69
TXN0003193,2024-02-06T08:33:00,36,M0102,Retail,high,C00468,210,7,5232,0.0611,4158.96,netbanking,Canara,568305,8,1,0,0,0,0,0,0,0,0,0,0,0,33
TXN0003194,2024-02-06T15:10:00,36,M0068,B2B,low,C00224,141,18,4344,0.0297,22795.9,netbanking,Axis,560029,15,1,0,0,1,1,0,0,0,0,0,0,1,12
TXN0003195,2024-02-06T10:32:00,36,M0083,B2B,low,C00048,132,8,7820,0.0412,24925.11,card,HDFC,463107,10,1,0,0,0,1,0,0,0,1,0,0,1,34
TXN0003196,2024-02-06T07:13:00,36,M0199,SaaS,mid,C01312,5,3,916,0.0576,2010.43,netbanking,Kotak,554334,7,1,0,0,0,1,0,0,0,0,1,1,0,46
TXN0003197,2024-02-06T19:01:00,36,M0016,Services,high,C00423,297,8,7325,0.0946,4136.16,upi,PNB,530899,19,1,0,0,0,0,0,0,0,0,0,0,0,67
TXN0003198,2024-02-06T10:33:00,36,M0150,Retail,mid,C00773,866,52,18391,0.0182,10241.93,wallet,ICICI,415828,10,1,0,0,0,1,0,0,0,0,0,0,0,44
TXN0003199,2024-02-06T18:04:00,36,M0151,Food,low,C00594,111,19,1738,0.0355,3410.82,upi,Yes,594237,18,1,0,0,1,2,0,0,0,0,0,0,0,70
TXN0003200,2024-02-06T21:13:00,36,M0020,B2B,low,C00867,176,15,2934,0.1788,26732.93,wallet,PNB,549466,21,1,0,0,0,0,0,0,0,0,0,0,0,45
TXN0003201,2024-02-06T08:51:00,36,M0109,Services,low,C01260,748,94,5318,0.0544,1850.93,upi,Kotak,548271,8,1,0,0,0,1,0,0,0,0,0,0,0,14
TXN0003202,2024-02-06T09:56:00,36,M0053,Retail,low,C01129,210,6,3376,0.0541,2173.32,netbanking,HDFC,532119,9,1,0,0,0,0,0,0,0,1,0,0,0,34
TXN0003203,2024-02-06T10:14:00,36,M0096,Food,mid,C00028,842,112,10190,0.0064,10445.79,card,Yes,471126,10,1,0,0,0,1,1,0,0,0,0,1,0,17
TXN0003204,2024-02-06T20:31:00,36,M0059,Logistics,mid,C00406,233,15,4489,0.2614,14086.41,wallet,Axis,496958,20,1,0,0,0,1,0,0,0,0,0,0,0,72
TXN0003205,2024-02-06T12:28:00,36,M0073,SaaS,high,C01161,141,15,2396,0.4262,1233.71,card,Kotak,538127,12,1,0,0,0,0,0,0,0,0,0,0,0,33
TXN0003206,2024-02-06T13:02:00,36,M0027,Services,high,C01405,22,1,758,0.1553,1506.96,card,HDFC,418463,13,1,0,0,0,1,0,1,0,0,1,1,0,45
TXN0003207,2024-02-06T04:21:00,36,M0161,Services,mid,C00317,15,1,1846,0.0784,3835.37,card,Kotak,483427,4,1,0,0,0,1,0,0,0,0,0,0,0,56
TXN0003208,2024-02-06T06:32:00,36,M0019,Services,mid,C01425,25,4,1901,0.0218,2143.19,wallet,HDFC,486898,6,1,0,0,0,1,0,0,0,1,0,0,0,70
TXN0003209,2024-02-06T07:52:00,36,M0077,Services,high,C01119,9,1,1815,0.0138,4014.52,upi,Kotak,534913,7,1,0,0,0,0,0,0,0,0,0,0,1,16
TXN0003210,2024-02-06T06:29:00,36,M0135,Retail,low,C01087,13,1,850,0.0532,3591.43,wallet,ICICI,536437,6,1,0,0,0,0,0,0,0,1,0,0,1,17
TXN0003211,2024-02-07T12:38:00,37,M0105,SaaS,high,C00642,294,16,1731,0.1075,834.36,card,ICICI,588373,12,2,0,0,0,0,0,0,0,0,0,0,0,50
TXN0003212,2024-02-07T09:06:00,37,M0135,Retail,low,C00649,917,54,4240,0.0152,2164.42,wallet,Axis,504729,9,2,0,0,0,0,1,0,0,1,1,1,0,69
TXN0003213,2024-02-07T02:01:00,37,M0027,Services,high,C00725,15,3,802,0.0878,3967.84,wallet,ICICI,522091,2,2,0,0,0,2,0,0,0,1,0,0,0,48
TXN0003214,2024-02-07T10:26:00,37,M0082,B2B,high,C00138,299,8,6827,0.2364,34890.26,card,Canara,444843,10,2,0,0,1,1,0,0,0,1,1,1,0,64
TXN0003215,2024-02-07T19:14:00,37,M0138,Services,mid,C01440,21,3,1571,0.0698,2322.75,card,SBI,401192,19,2,0,0,0,0,0,0,0,1,0,0,1,20
TXN0003216,2024-02-07T12:42:00,37,M0113,Services,high,C01270,194,13,3612,0.2041,2915.92,netbanking,ICICI,518704,12,2,0,0,0,0,1,1,0,0,1,1,0,46
TXN0003217,2024-02-07T17:07:00,37,M0140,Logistics,high,C01457,175,14,4484,0.2094,11115.0,upi,PNB,406308,17,2,0,0,0,1,0,0,0,0,0,0,0,69
TXN0003218,2024-02-07T21:51:00,37,M0053,Retail,low,C00280,751,106,20902,0.0051,12038.93,card,SBI,558149,21,2,0,0,0,0,0,0,0,1,0,0,0,61
TXN0003219,2024-02-07T06:12:00,37,M0041,B2B,low,C00673,806,50,4239,0.0236,10878.42,card,HDFC,470183,6,2,0,0,0,1,0,0,0,1,0,0,0,33
TXN0003220,2024-02-07T08:12:00,37,M0187,SaaS,high,C01023,277,12,6737,0.1289,5551.67,card,Axis,542266,8,2,0,0,1,1,0,0,0,1,0,0,1,45
TXN0003221,2024-02-07T04:59:00,37,M0087,Logistics,mid,C01321,14,2,1098,0.1209,7643.13,wallet,Axis,594051,4,2,0,0,0,2,1,0,0,0,1,1,0,15
TXN0003222,2024-02-07T17:55:00,37,M0116,Services,low,C00282,851,76,22265,0.0191,22634.67,netbanking,Canara,596998,17,2,0,0,0,0,0,0,0,1,0,0,0,13
TXN0003223,2024-02-07T10:46:00,37,M0034,Retail,high,C01418,16,4,1350,0.0837,673.92,upi,SBI,473314,10,2,0,0,0,0,0,0,0,0,0,0,1,69
TXN0003224,2024-02-07T19:09:00,37,M0090,Logistics,mid,C01343,14,3,808,0.014,11408.12,card,SBI,544391,19,2,0,0,0,0,0,0,0,0,0,0,1,64
TXN0003225,2024-02-07T03:19:00,37,M0019,Services,mid,C00402,21,2,1233,0.2154,1682.21,wallet,SBI,444359,3,2,0,0,0,0,1,0,0,0,1,1,0,63
TXN0003226,2024-02-07T13:17:00,37,M0154,Retail,low,C00273,104,14,6033,0.1228,4268.75,wallet,PNB,438204,13,2,0,0,0,0,0,0,0,0,0,0,0,33
TXN0003227,2024-02-07T14:35:00,37,M0173,Food,high,C00752,85,5,5332,0.0525,3408.55,netbanking,ICICI,462351,14,2,0,0,0,2,0,0,0,1,0,0,0,63
TXN0003228,2024-02-07T05:09:00,37,M0195,Food,high,C01393,160,7,3841,0.0843,3980.01,netbanking,PNB,576603,5,2,0,0,1,1,0,0,0,0,1,1,0,67
TXN0003229,2024-02-07T10:44:00,37,M0102,Retail,high,C01434,25,1,1438,0.0566,1377.55,upi,PNB,429324,10,2,0,0,0,0,0,0,0,1,0,0,1,58
TXN0003230,2024-02-07T19:51:00,37,M0057,Food,high,C00599,124,5,4757,0.0733,10178.14,netbanking,Axis,515336,19,2,0,0,0,0,0,0,0,0,0,0,0,68
TXN0003231,2024-02-07T13:19:00,37,M0089,Food,low,C00556,22,2,1268,0.1906,1181.27,wallet,PNB,534976,13,2,0,0,0,1,0,0,0,0,0,0,1,32
TXN0003232,2024-02-07T15:19:00,37,M0090,Logistics,mid,C00011,15,3,642,0.1639,23909.84,netbanking,HDFC,415699,15,2,0,0,0,0,0,0,0,0,1,1,0,39
TXN0003233,2024-02-07T19:46:00,37,M0197,Food,low,C01181,195,16,4262,0.0149,3947.81,wallet,Kotak,519869,19,2,0,0,0,0,0,0,0,1,0,0,0,62
TXN0003234,2024-02-07T08:40:00,37,M0016,Services,high,C00759,9,4,1320,0.1197,1886.99,card,HDFC,471425,8,2,0,0,0,1,0,0,0,1,0,0,0,15
TXN0003235,2024-02-07T15:40:00,37,M0073,SaaS,high,C00285,799,102,4942,0.075,5093.35,netbanking,Canara,507668,15,2,0,0,0,1,0,0,0,0,0,0,0,54
TXN0003236,2024-02-07T14:23:00,37,M0082,B2B,high,C00962,162,11,4249,0.0132,13644.9,upi,Kotak,410700,14,2,0,0,0,0,0,0,0,0,0,0,0,65
TXN0003237,2024-02-07T19:37:00,37,M0064,Food,high,C00847,82,20,2057,0.0392,1563.22,netbanking,Kotak,435590,19,2,0,0,0,0,0,0,0,1,0,0,0,29
TXN0003238,2024-02-07T17:48:00,37,M0070,Services,low,C00257,237,11,4924,0.0529,5322.17,netbanking,Yes,408927,17,2,0,0,0,0,0,0,0,1,0,0,0,72
TXN0003239,2024-02-07T10:20:00,37,M0179,Services,low,C00619,137,11,5301,0.0478,2805.54,upi,SBI,400776,10,2,0,12,0,0,0,0,0,1,0,0,0,15
TXN0003240,2024-02-07T21:32:00,37,M0065,B2B,high,C00180,200,13,7760,0.0326,14859.77,upi,ICICI,427552,21,2,0,0,0,0,0,0,0,0,0,0,0,33
TXN0003241,2024-02-07T04:45:00,37,M0041,B2B,low,C00808,20,2,1162,0.047,32104.33,card,Canara,428760,4,2,0,0,0,1,0,0,0,0,1,1,0,25
TXN0003242,2024-02-07T22:53:00,37,M0199,SaaS,mid,C00028,842,112,10190,0.0064,7874.33,card,Kotak,595880,22,2,0,0,0,1,0,0,0,0,0,0,0,65
TXN0003243,2024-02-07T14:29:00,37,M0072,SaaS,high,C01155,18,3,1937,0.0906,1032.1,wallet,Axis,448292,14,2,0,7,0,1,0,0,0,1,0,0,0,57
TXN0003244,2024-02-07T22:32:00,37,M0188,Logistics,mid,C00164,66,16,5538,0.1122,10428.14,upi,PNB,512787,22,2,0,0,0,1,0,0,0,0,0,0,0,39
TXN0003245,2024-02-07T16:48:00,37,M0057,Food,high,C00703,274,19,3286,0.0064,1863.92,netbanking,SBI,429956,16,2,0,0,0,0,0,0,0,0,0,0,0,41
TXN0003246,2024-02-07T20:10:00,37,M0045,Food,high,C01343,14,3,808,0.014,459.09,card,Kotak,458664,20,2,0,0,1,1,0,0,0,1,0,0,0,64
TXN0003247,2024-02-07T02:47:00,37,M0189,SaaS,mid,C00679,25,4,888,0.0293,1130.77,wallet,Canara,509029,2,2,0,0,0,0,0,0,0,0,0,0,0,69
TXN0003248,2024-02-07T16:09:00,37,M0133,SaaS,mid,C00741,993,74,23579,0.0051,5461.13,wallet,PNB,534390,16,2,0,0,0,1,0,0,0,0,0,0,0,63
TXN0003249,2024-02-07T06:59:00,37,M0103,Services,low,C00659,113,16,1445,0.1625,2862.7,upi,Axis,414297,6,2,0,0,0,0,0,0,0,0,0,0,0,19
TXN0003250,2024-02-07T18:19:00,37,M0096,Food,mid,C01022,974,77,19220,0.0059,11926.89,wallet,SBI,491909,18,2,0,0,0,0,0,0,0,1,0,0,1,63
TXN0003251,2024-02-07T09:40:00,37,M0011,Food,low,C01198,23,3,1138,0.1846,1041.74,netbanking,ICICI,579391,9,2,0,0,0,0,1,0,0,1,0,1,1,65
TXN0003252,2024-02-07T23:38:00,37,M0196,Retail,low,C00990,18,3,1979,0.06,1351.91,card,ICICI,429876,23,2,0,0,0,0,0,0,0,0,1,1,0,53
TXN0003253,2024-02-07T20:43:00,37,M0155,SaaS,mid,C00715,271,14,4702,0.0777,10921.49,wallet,SBI,497792,20,2,0,0,0,0,0,0,0,0,0,0,0,29
TXN0003254,2024-02-07T09:13:00,37,M0007,Food,mid,C01326,15,3,1882,0.0626,875.47,wallet,HDFC,592100,9,2,0,0,0,0,1,0,0,1,1,1,0,42
TXN0003255,2024-02-07T10:14:00,37,M0144,Retail,low,C00057,299,11,4482,0.0391,5717.37,wallet,Canara,590369,10,2,0,0,0,0,0,0,0,0,0,0,0,44
TXN0003256,2024-02-07T15:05:00,37,M0039,Logistics,mid,C00794,294,13,3464,0.0308,7768.27,wallet,Canara,429556,15,2,0,0,0,0,0,0,0,1,0,0,0,21
TXN0003257,2024-02-07T07:21:00,37,M0199,SaaS,mid,C00441,144,16,3404,0.0449,2578.26,upi,HDFC,493608,7,2,0,0,0,1,0,0,0,0,0,0,0,33
TXN0003258,2024-02-07T13:08:00,37,M0010,SaaS,high,C01341,25,1,695,0.0686,878.58,netbanking,HDFC,410913,13,2,0,0,0,0,0,0,0,1,0,0,0,47
TXN0003259,2024-02-07T13:36:00,37,M0161,Services,mid,C01253,293,20,2557,0.2042,2650.86,card,Kotak,476581,13,2,0,0,0,0,0,0,0,0,0,0,0,36
TXN0003260,2024-02-07T08:05:00,37,M0155,SaaS,mid,C00004,9,3,830,0.1613,1192.23,wallet,HDFC,401423,8,2,0,0,0,0,0,0,0,0,0,0,1,17
TXN0003261,2024-02-07T15:45:00,37,M0154,Retail,low,C00517,15,2,1142,0.0701,2039.32,wallet,HDFC,486032,15,2,0,0,0,1,1,0,0,1,0,1,1,31
TXN0003262,2024-02-07T20:08:00,37,M0071,Retail,low,C00448,10,3,1642,0.0153,1940.32,netbanking,SBI,595140,20,2,0,0,0,1,1,0,0,0,1,1,0,25
TXN0003263,2024-02-07T15:08:00,37,M0196,Retail,low,C00980,292,12,7565,0.1281,3599.92,upi,Kotak,506245,15,2,0,0,0,1,0,0,0,0,0,0,0,33
TXN0003264,2024-02-07T15:19:00,37,M0065,B2B,high,C00901,13,3,892,0.0292,12296.03,card,Axis,437994,15,2,0,0,0,0,0,0,0,1,1,1,0,43
TXN0003265,2024-02-07T19:17:00,37,M0028,Retail,mid,C00172,224,14,4956,0.0526,2115.03,card,Kotak,471961,19,2,0,0,0,0,0,0,1,0,0,0,0,21
TXN0003266,2024-02-07T23:02:00,37,M0184,Logistics,high,C01090,81,13,6915,0.0376,7500.94,wallet,PNB,477647,23,2,0,0,0,0,0,0,0,1,0,0,0,26
TXN0003267,2024-02-07T06:11:00,37,M0182,Retail,high,C00428,11,3,1906,0.0571,948.94,card,Canara,522464,6,2,0,0,0,1,0,0,0,1,0,0,0,16
TXN0003268,2024-02-07T20:36:00,37,M0103,Services,low,C00253,122,10,6614,0.0795,4554.75,card,HDFC,523875,20,2,0,0,0,1,1,0,0,0,1,1,0,33
TXN0003269,2024-02-07T09:40:00,37,M0186,B2B,mid,C01449,25,4,501,0.0588,22687.77,upi,Axis,527594,9,2,0,0,0,0,0,0,0,0,0,0,1,43
TXN0003270,2024-02-07T07:55:00,37,M0071,Retail,low,C01035,242,10,4320,0.0826,3005.11,netbanking,Axis,569139,7,2,0,0,0,1,0,0,0,0,0,0,0,30
TXN0003271,2024-02-07T23:29:00,37,M0178,Logistics,low,C00167,951,114,4815,0.0341,23122.76,netbanking,ICICI,497883,23,2,0,0,0,0,0,0,0,0,1,1,0,54
TXN0003272,2024-02-07T09:44:00,37,M0066,Food,mid,C00310,19,3,613,0.0983,761.33,netbanking,SBI,439285,9,2,0,0,0,0,1,0,0,0,0,1,1,21
TXN0003273,2024-02-07T17:42:00,37,M0181,Food,high,C01140,83,16,4816,0.0681,2346.9,card,Kotak,529564,17,2,0,0,0,0,0,0,0,0,0,0,0,44
TXN0003274,2024-02-07T17:02:00,37,M0155,SaaS,mid,C00501,292,11,5087,0.1788,2405.96,wallet,ICICI,490987,17,2,0,0,0,1,0,0,0,0,0,0,0,49
TXN0003275,2024-02-07T11:43:00,37,M0067,Food,mid,C01159,941,100,3249,0.047,3458.59,card,PNB,459754,11,2,0,0,0,0,0,0,0,0,1,1,0,13
TXN0003276,2024-02-07T11:08:00,37,M0097,Services,low,C01028,11,1,1241,0.1348,2609.7,netbanking,PNB,473771,11,2,0,0,0,0,1,0,0,0,1,1,0,70
TXN0003277,2024-02-07T00:28:00,37,M0144,Retail,low,C01198,23,3,1138,0.1846,1680.24,netbanking,SBI,434962,0,2,0,1,1,1,0,0,0,0,1,1,0,18
TXN0003278,2024-02-07T20:21:00,37,M0034,Retail,high,C00614,901,109,16564,0.0653,9352.64,upi,PNB,513333,20,2,0,13,0,0,0,0,0,0,0,0,0,44
TXN0003279,2024-02-07T19:16:00,37,M0155,SaaS,mid,C00218,130,11,6939,0.0871,1213.34,wallet,HDFC,476596,19,2,0,0,0,1,0,0,0,0,0,0,0,32
TXN0003280,2024-02-07T09:04:00,37,M0104,Food,low,C00485,260,20,2464,0.0804,883.52,wallet,Yes,572881,9,2,0,0,0,0,0,0,0,1,0,0,0,40
TXN0003281,2024-02-07T19:31:00,37,M0152,Retail,high,C01391,114,20,6475,0.0823,4438.58,netbanking,Yes,549108,19,2,0,0,0,0,0,0,0,1,0,0,0,59
TXN0003282,2024-02-07T23:52:00,37,M0096,Food,mid,C00446,25,2,1903,0.0756,1790.31,upi,Kotak,558634,23,2,0,0,0,0,0,0,0,0,0,0,0,60
TXN0003283,2024-02-07T17:59:00,37,M0016,Services,high,C01455,10,2,1166,0.1054,885.3,card,PNB,581397,17,2,0,13,0,0,0,0,0,0,0,0,1,35
TXN0003284,2024-02-07T06:33:00,37,M0196,Retail,low,C01404,136,6,5880,0.0288,10793.94,netbanking,Kotak,563111,6,2,0,0,0,1,0,0,0,1,0,0,0,34
TXN0003285,2024-02-07T12:19:00,37,M0024,B2B,mid,C00603,212,10,4730,0.2417,34644.19,upi,Yes,411870,12,2,0,0,0,2,0,0,0,0,1,1,0,42
TXN0003286,2024-02-07T11:26:00,37,M0136,Logistics,mid,C01148,288,11,1637,0.1877,4754.84,card,Canara,567410,11,2,0,14,0,0,0,0,0,0,0,0,0,14
TXN0003287,2024-02-07T13:28:00,37,M0096,Food,mid,C00636,76,15,2705,0.1601,1742.92,card,HDFC,439457,13,2,0,0,0,0,0,1,0,0,1,1,0,53
TXN0003288,2024-02-07T20:09:00,37,M0136,Logistics,mid,C01017,211,11,7099,0.0344,24783.1,netbanking,PNB,595108,20,2,0,0,0,0,0,0,1,0,1,1,0,33
TXN0003289,2024-02-07T08:13:00,37,M0071,Retail,low,C00706,63,18,2785,0.0298,1227.49,wallet,SBI,553314,8,2,0,0,0,0,1,0,0,0,1,1,0,54
TXN0003290,2024-02-07T11:55:00,37,M0056,Retail,low,C00322,23,1,818,0.032,461.11,card,PNB,469911,11,2,0,0,0,0,0,0,0,0,0,0,1,52
TXN0003291,2024-02-07T08:56:00,37,M0003,SaaS,low,C01389,9,2,852,0.0691,1134.77,netbanking,Axis,410972,8,2,0,0,0,0,0,0,0,0,0,0,0,27
TXN0003292,2024-02-07T10:55:00,37,M0163,Logistics,high,C00892,96,16,5427,0.0698,19470.89,upi,PNB,556298,10,2,0,0,0,0,0,0,0,0,1,1,0,42
TXN0003293,2024-02-07T20:42:00,37,M0031,Food,mid,C00456,966,120,5396,0.0062,1144.29,card,Yes,586281,20,2,0,0,0,0,0,0,0,1,0,0,0,19
TXN0003294,2024-02-07T21:07:00,37,M0030,B2B,high,C01134,289,7,5087,0.0305,25326.61,upi,ICICI,557296,21,2,0,0,0,1,0,0,0,0,0,0,1,31
TXN0003295,2024-02-08T15:01:00,38,M0133,SaaS,mid,C01307,948,86,13577,0.0086,10738.01,card,SBI,501679,15,3,0,0,0,0,0,0,0,0,0,0,0,72
TXN0003296,2024-02-08T11:49:00,38,M0044,Logistics,low,C00009,248,12,3185,0.0397,29368.45,netbanking,Axis,524587,11,3,0,0,0,1,1,0,0,1,1,1,0,18
TXN0003297,2024-02-08T13:41:00,38,M0018,SaaS,high,C01047,82,16,3732,0.0328,2067.23,upi,SBI,414011,13,3,0,0,0,1,0,0,0,0,0,0,0,20
TXN0003298,2024-02-08T04:26:00,38,M0195,Food,high,C01220,20,3,632,0.015,949.34,netbanking,Yes,573228,4,3,0,0,0,0,0,0,0,0,1,1,0,52
TXN0003299,2024-02-08T14:31:00,38,M0142,Retail,mid,C01312,5,3,916,0.0576,824.91,card,SBI,422503,14,3,0,0,0,2,1,0,0,0,0,1,1,18
TXN0003300,2024-02-08T16:03:00,38,M0173,Food,high,C00276,281,16,1078,0.0943,548.18,card,SBI,446552,16,3,0,0,0,0,0,0,0,1,0,0,0,52
TXN0003301,2024-02-08T16:33:00,38,M0001,Retail,high,C00282,851,76,22265,0.0191,21459.57,wallet,Canara,557277,16,3,0,0,1,1,0,0,0,0,0,0,0,37
TXN0003302,2024-02-08T13:08:00,38,M0078,B2B,high,C00223,948,113,4536,0.0514,29586.27,wallet,HDFC,453313,13,3,0,0,0,0,0,1,0,0,1,1,0,45
TXN0003303,2024-02-08T15:58:00,38,M0183,Retail,mid,C00541,123,10,5095,0.0172,5987.17,card,Axis,448826,15,3,0,0,0,0,0,0,0,1,0,0,0,31
TXN0003304,2024-02-08T19:02:00,38,M0191,Logistics,high,C01008,20,4,1754,0.1233,15516.72,netbanking,PNB,535624,19,3,0,0,0,0,1,1,0,1,1,1,0,16
TXN0003305,2024-02-08T19:38:00,38,M0009,Retail,low,C01185,768,103,17260,0.0082,32090.61,upi,Yes,529024,19,3,0,0,0,1,0,0,0,0,1,1,0,52
TXN0003306,2024-02-08T16:47:00,38,M0101,Food,low,C00406,233,15,4489,0.2614,1215.16,netbanking,Yes,541890,16,3,0,0,0,2,0,0,0,1,0,0,0,55
TXN0003307,2024-02-08T18:39:00,38,M0195,Food,high,C00877,943,111,21778,0.0075,24847.03,wallet,Yes,414319,18,3,0,0,0,1,0,0,0,0,1,1,0,62
TXN0003308,2024-02-08T20:44:00,38,M0195,Food,high,C01443,21,2,914,0.0625,2333.95,wallet,Yes,534386,20,3,0,0,0,0,0,0,0,0,0,0,1,42
TXN0003309,2024-02-08T06:10:00,38,M0039,Logistics,mid,C00709,766,99,13908,0.0162,17293.04,netbanking,Yes,460382,6,3,0,0,0,0,0,0,0,0,1,1,0,34
TXN0003310,2024-02-08T20:47:00,38,M0051,Food,low,C00566,81,17,5110,0.0665,2420.33,wallet,Kotak,448431,20,3,0,0,0,0,0,0,0,0,0,0,0,27
TXN0003311,2024-02-08T11:58:00,38,M0070,Services,low,C00213,741,100,11338,0.0295,5089.24,wallet,HDFC,459245,11,3,0,0,0,0,0,0,0,0,0,0,0,51
TXN0003312,2024-02-08T19:16:00,38,M0126,B2B,low,C00395,123,12,6681,0.0316,31784.06,netbanking,ICICI,445090,19,3,0,0,0,0,0,0,1,1,0,0,0,35
TXN0003313,2024-02-08T03:05:00,38,M0131,Logistics,high,C01338,7,2,1332,0.074,7009.66,wallet,ICICI,524252,3,3,0,0,0,0,0,0,0,1,0,1,1,25
TXN0003314,2024-02-08T22:50:00,38,M0120,Food,low,C01237,12,3,1754,0.1256,1261.64,upi,ICICI,542391,22,3,0,0,0,1,0,0,0,0,0,0,1,62
TXN0003315,2024-02-08T13:19:00,38,M0107,SaaS,mid,C00502,12,3,819,0.0237,996.66,wallet,Kotak,471066,13,3,0,0,0,0,0,0,0,0,0,0,0,72
TXN0003316,2024-02-08T15:08:00,38,M0104,Food,low,C01066,151,11,1906,0.0889,1425.19,upi,Yes,437539,15,3,0,0,0,1,1,0,0,0,1,1,0,18
TXN0003317,2024-02-08T13:47:00,38,M0076,Services,high,C00951,107,11,1569,0.0432,2100.88,netbanking,Canara,429559,13,3,0,0,0,1,0,0,0,1,0,0,0,30
TXN0003318,2024-02-08T20:29:00,38,M0071,Retail,low,C01261,22,4,765,0.0873,1950.76,netbanking,SBI,449674,20,3,0,0,0,0,0,0,0,0,0,0,1,59
TXN0003319,2024-02-08T17:52:00,38,M0035,SaaS,mid,C00655,24,1,1087,0.1257,2197.31,card,Kotak,422468,17,3,0,0,0,1,0,0,0,0,0,0,0,14
TXN0003320,2024-02-08T11:20:00,38,M0127,Food,low,C00092,746,97,10119,0.0086,10935.25,upi,HDFC,532556,11,3,0,0,0,0,0,0,0,0,0,0,0,16
TXN0003321,2024-02-08T06:07:00,38,M0049,Services,mid,C00357,887,100,18431,0.0124,34651.02,card,Canara,461393,6,3,0,0,0,0,0,0,0,0,0,1,0,51
TXN0003322,2024-02-08T14:34:00,38,M0133,SaaS,mid,C00787,228,7,4251,0.029,1835.27,netbanking,Yes,403783,14,3,0,0,0,2,0,0,0,0,0,0,0,39
TXN0003323,2024-02-08T09:22:00,38,M0060,Services,high,C00090,885,113,6805,0.0021,4859.08,wallet,Kotak,536919,9,3,0,8,0,0,0,0,0,0,0,0,0,21
TXN0003324,2024-02-08T01:28:00,38,M0172,Food,mid,C00533,246,5,2907,0.0373,7769.43,upi,HDFC,565562,1,3,0,0,0,1,0,0,0,0,1,1,0,52
TXN0003325,2024-02-08T08:11:00,38,M0127,Food,low,C00781,193,11,3984,0.0716,2943.89,card,ICICI,582874,8,3,0,0,0,0,0,0,0,0,0,0,0,71
TXN0003326,2024-02-08T09:26:00,38,M0143,Logistics,mid,C01108,159,19,6909,0.148,3806.7,netbanking,SBI,592629,9,3,0,0,0,0,0,0,0,1,0,0,0,49
TXN0003327,2024-02-08T11:28:00,38,M0110,Food,high,C00502,12,3,819,0.0237,838.77,upi,Yes,577257,11,3,0,1,1,1,0,0,0,0,1,1,0,13
TXN0003328,2024-02-08T15:07:00,38,M0009,Retail,low,C00164,66,16,5538,0.1122,4574.25,netbanking,ICICI,488416,15,3,0,0,1,2,0,0,0,1,0,0,0,69
TXN0003329,2024-02-08T14:28:00,38,M0092,Food,low,C00631,241,19,4854,0.036,4832.1,card,Kotak,569881,14,3,0,0,0,0,0,0,0,0,0,0,0,30
TXN0003330,2024-02-08T22:19:00,38,M0191,Logistics,high,C00086,20,3,1193,0.2525,3475.3,upi,Canara,468669,22,3,0,14,0,0,0,0,0,0,0,0,1,56
TXN0003331,2024-02-08T12:28:00,38,M0090,Logistics,mid,C00846,300,16,7520,0.1088,6066.89,wallet,SBI,499555,12,3,0,0,0,0,0,0,0,0,0,0,0,45
TXN0003332,2024-02-08T11:23:00,38,M0051,Food,low,C00924,19,1,1515,0.0429,917.51,netbanking,HDFC,449143,11,3,0,0,0,1,0,0,0,1,0,0,1,43
TXN0003333,2024-02-08T15:33:00,38,M0034,Retail,high,C00179,255,17,3997,0.1177,4176.17,upi,Canara,431647,15,3,0,0,0,1,0,0,0,1,0,0,0,58
TXN0003334,2024-02-08T16:59:00,38,M0061,Services,low,C00062,23,4,1800,0.1931,1554.54,netbanking,Kotak,467566,16,3,0,0,0,0,0,1,0,0,1,1,0,18
TXN0003335,2024-02-08T05:21:00,38,M0050,Logistics,high,C01356,217,20,2714,0.0307,11907.91,netbanking,Kotak,561441,5,3,0,0,0,0,0,0,0,0,0,1,0,56
TXN0003336,2024-02-08T08:50:00,38,M0145,SaaS,low,C01062,298,6,4793,0.2582,8307.93,upi,ICICI,532474,8,3,0,0,0,1,0,0,0,1,0,0,0,72
TXN0003337,2024-02-08T11:24:00,38,M0193,B2B,low,C00768,814,112,17112,0.0026,12190.73,netbanking,Canara,566320,11,3,0,0,0,1,0,1,0,0,1,1,0,23
TXN0003338,2024-02-08T00:54:00,38,M0042,Logistics,mid,C00999,828,83,16395,0.0109,8242.61,netbanking,Yes,459354,0,3,0,0,0,0,0,0,0,1,1,1,0,34
TXN0003339,2024-02-08T21:14:00,38,M0185,Food,high,C00947,734,113,24589,0.037,15369.47,upi,PNB,450819,21,3,0,0,0,0,0,0,0,0,0,0,0,49
TXN0003340,2024-02-08T19:08:00,38,M0154,Retail,low,C00056,14,4,645,0.1133,2644.82,wallet,SBI,433599,19,3,0,0,0,1,0,0,0,0,0,0,0,20
TXN0003341,2024-02-08T17:30:00,38,M0040,SaaS,mid,C00212,74,19,2080,0.1389,1722.6,wallet,HDFC,499191,17,3,0,0,0,0,0,0,0,0,0,0,0,38
TXN0003342,2024-02-08T06:53:00,38,M0186,B2B,mid,C00146,81,16,1554,0.283,66725.18,card,Axis,571155,6,3,0,0,0,1,0,0,0,1,1,1,0,72
TXN0003343,2024-02-08T19:13:00,38,M0115,Services,high,C01284,126,20,2042,0.0351,2437.43,upi,Yes,542522,19,3,0,0,0,0,0,0,0,0,0,0,0,51
TXN0003344,2024-02-08T21:27:00,38,M0023,Services,low,C00034,13,3,843,0.0994,3736.5,wallet,Axis,418468,21,3,0,0,0,0,0,0,0,0,0,0,0,67
TXN0003345,2024-02-08T10:33:00,38,M0157,SaaS,mid,C01476,108,9,2688,0.0579,1212.06,card,Canara,582850,10,3,0,0,0,0,0,0,0,0,0,0,0,24
TXN0003346,2024-02-08T09:36:00,38,M0064,Food,high,C00210,79,8,1505,0.2364,1574.31,card,ICICI,425287,9,3,0,0,0,0,0,0,0,1,0,0,0,35
TXN0003347,2024-02-08T18:02:00,38,M0154,Retail,low,C00877,943,111,21778,0.0075,7454.69,netbanking,Kotak,552288,18,3,0,1,1,2,0,0,0,1,0,0,0,59
TXN0003348,2024-02-08T09:59:00,38,M0007,Food,mid,C00461,24,1,1074,0.0982,1336.55,card,Canara,596341,9,3,0,0,0,0,0,0,0,0,0,0,0,26
TXN0003349,2024-02-08T13:53:00,38,M0155,SaaS,mid,C00325,126,10,1254,0.1405,1779.59,netbanking,ICICI,485635,13,3,0,0,0,1,0,0,0,0,0,0,0,35
TXN0003350,2024-02-08T07:02:00,38,M0031,Food,mid,C00484,126,18,5625,0.0606,5943.81,netbanking,SBI,444495,7,3,0,0,0,0,1,0,0,0,1,1,0,56
TXN0003351,2024-02-08T10:08:00,38,M0024,B2B,mid,C01133,187,8,7592,0.01,32083.27,netbanking,Yes,494551,10,3,0,0,0,1,0,0,0,0,1,1,0,12
TXN0003352,2024-02-08T10:07:00,38,M0054,Retail,mid,C00399,22,1,1716,0.1464,1795.23,card,PNB,414357,10,3,0,0,0,0,0,0,0,1,0,0,1,15
TXN0003353,2024-02-08T09:36:00,38,M0165,Services,low,C00867,176,15,2934,0.1788,4382.1,wallet,Kotak,554161,9,3,0,0,0,1,0,0,0,0,0,0,0,40
TXN0003354,2024-02-08T07:30:00,38,M0140,Logistics,high,C00333,64,17,7405,0.1213,10750.47,netbanking,ICICI,575894,7,3,0,0,0,0,0,0,0,0,0,0,0,43
TXN0003355,2024-02-08T06:21:00,38,M0130,Food,low,C00627,24,3,1607,0.0821,324.37,wallet,Yes,456801,6,3,0,0,0,0,0,0,0,0,0,0,0,54
TXN0003356,2024-02-08T11:36:00,38,M0119,Retail,high,C01256,14,3,1299,0.3112,1833.39,wallet,SBI,476327,11,3,0,0,0,0,0,0,0,1,0,0,1,38
TXN0003357,2024-02-08T08:39:00,38,M0105,SaaS,high,C00831,205,13,3911,0.051,10811.72,netbanking,Yes,552570,8,3,0,0,0,1,0,0,0,1,0,0,0,48
TXN0003358,2024-02-08T11:26:00,38,M0170,Logistics,mid,C01080,70,11,2580,0.1981,7558.81,netbanking,Axis,592445,11,3,0,0,0,1,0,0,0,0,0,0,0,29
TXN0003359,2024-02-08T18:30:00,38,M0149,Services,low,C00462,163,11,1300,0.0846,500.61,netbanking,ICICI,512463,18,3,0,0,0,0,0,0,0,1,0,0,0,35
TXN0003360,2024-02-08T23:43:00,38,M0112,Logistics,mid,C01438,223,12,1229,0.2301,11365.36,upi,Axis,586352,23,3,0,0,0,1,0,0,0,0,0,0,0,41
TXN0003361,2024-02-08T05:40:00,38,M0097,Services,low,C00855,10,1,1044,0.075,1072.96,upi,ICICI,472968,5,3,0,0,0,1,0,0,0,1,1,1,0,60
TXN0003362,2024-02-08T21:00:00,38,M0110,Food,high,C00277,164,20,4404,0.1783,1891.71,netbanking,Axis,413982,21,3,0,0,0,1,1,0,0,0,1,1,0,38
TXN0003363,2024-02-08T14:35:00,38,M0175,Food,low,C01348,868,116,13563,0.0197,11589.61,netbanking,Yes,489527,14,3,0,0,0,0,0,0,0,0,0,0,0,21
TXN0003364,2024-02-08T07:42:00,38,M0100,Retail,low,C00002,22,2,1057,0.0607,1709.86,upi,Yes,422848,7,3,0,0,0,0,0,0,0,0,0,0,0,45
TXN0003365,2024-02-08T19:44:00,38,M0133,SaaS,mid,C01038,6,1,755,0.0897,532.5,upi,ICICI,472472,19,3,0,0,0,2,0,0,0,0,0,0,0,33
TXN0003366,2024-02-08T08:06:00,38,M0009,Retail,low,C00825,20,4,1135,0.0724,1377.59,upi,HDFC,445536,8,3,0,0,0,0,0,0,0,1,0,0,0,68
TXN0003367,2024-02-08T17:33:00,38,M0180,Food,low,C00775,14,3,1392,0.0331,1259.48,wallet,SBI,414137,17,3,0,1,0,1,0,0,0,0,1,1,0,49
TXN0003368,2024-02-08T14:14:00,38,M0022,Retail,low,C01012,10,1,716,0.1008,1449.2,card,Kotak,565771,14,3,0,0,0,0,0,0,0,0,0,0,1,64
TXN0003369,2024-02-08T16:15:00,38,M0138,Services,mid,C00792,275,6,6658,0.0466,13402.19,card,ICICI,503284,16,3,0,0,0,0,0,0,0,1,0,0,0,56
TXN0003370,2024-02-08T18:25:00,38,M0197,Food,low,C00250,152,8,1749,0.0053,1575.89,wallet,PNB,462075,18,3,0,0,0,0,1,0,0,0,1,1,0,22
TXN0003371,2024-02-08T19:58:00,38,M0072,SaaS,high,C00072,298,15,2545,0.0745,982.76,netbanking,ICICI,504253,19,3,0,0,0,0,0,0,0,0,0,0,0,67
TXN0003372,2024-02-08T16:55:00,38,M0164,Logistics,high,C01281,736,65,13056,0.0178,2586.86,netbanking,PNB,495293,16,3,0,0,0,0,1,0,0,0,1,1,0,31
TXN0003373,2024-02-09T10:55:00,39,M0049,Services,mid,C01344,11,4,1617,0.1077,1981.7,netbanking,PNB,468871,10,4,0,0,0,0,0,0,0,0,0,0,0,30
TXN0003374,2024-02-09T11:42:00,39,M0133,SaaS,mid,C00026,18,3,1611,0.0667,3086.56,card,SBI,482139,11,4,0,0,0,0,0,0,0,0,0,0,1,33
TXN0003375,2024-02-09T20:02:00,39,M0021,SaaS,mid,C00197,15,4,705,0.0837,1815.26,wallet,ICICI,550203,20,4,0,0,0,0,0,0,0,0,0,0,0,21
TXN0003376,2024-02-09T20:56:00,39,M0008,Retail,low,C01359,892,117,5562,0.035,1972.35,upi,Axis,552568,20,4,0,0,0,0,0,0,0,0,0,0,0,55
TXN0003377,2024-02-09T19:02:00,39,M0173,Food,high,C00932,108,14,7468,0.0324,6551.84,wallet,Yes,443556,19,4,0,0,0,0,0,0,0,1,0,0,0,54
TXN0003378,2024-02-09T15:58:00,39,M0015,Services,low,C00902,20,3,575,0.048,2129.49,wallet,Yes,583546,15,4,0,0,0,0,0,0,0,1,0,0,1,48
TXN0003379,2024-02-09T21:19:00,39,M0003,SaaS,low,C00980,292,12,7565,0.1281,2740.51,card,Kotak,408688,21,4,0,0,0,2,0,0,0,0,0,0,0,13
TXN0003380,2024-02-09T08:00:00,39,M0031,Food,mid,C00382,183,7,3754,0.1617,1865.24,card,Yes,510781,8,4,0,0,0,0,0,0,0,0,1,1,0,49
TXN0003381,2024-02-09T03:52:00,39,M0095,Food,low,C00698,85,12,7043,0.0717,1676.43,wallet,SBI,492821,3,4,0,0,0,1,0,0,1,1,0,0,0,30
TXN0003382,2024-02-09T10:25:00,39,M0008,Retail,low,C00096,97,5,3271,0.041,1290.65,card,SBI,507387,10,4,0,0,0,0,1,0,0,1,1,1,0,28
TXN0003383,2024-02-09T18:27:00,39,M0049,Services,mid,C00458,228,14,6680,0.1174,3693.24,netbanking,Canara,553257,18,4,0,0,0,1,0,0,0,0,0,0,0,62
TXN0003384,2024-02-09T16:01:00,39,M0107,SaaS,mid,C00268,238,19,3612,0.0522,4175.15,upi,PNB,436278,16,4,0,0,0,0,0,0,0,0,0,0,0,72
TXN0003385,2024-02-09T03:35:00,39,M0122,Retail,low,C01448,213,20,3457,0.0779,2770.68,card,ICICI,450049,3,4,0,0,0,0,0,0,0,0,1,1,0,49
TXN0003386,2024-02-09T07:03:00,39,M0117,SaaS,low,C01161,141,15,2396,0.4262,3129.55,wallet,Kotak,564909,7,4,0,0,0,1,0,0,0,1,0,0,0,50
TXN0003387,2024-02-09T23:42:00,39,M0072,SaaS,high,C00932,108,14,7468,0.0324,7627.06,netbanking,Axis,551273,23,4,0,0,1,1,0,0,0,0,0,0,0,52
TXN0003388,2024-02-09T10:13:00,39,M0049,Services,mid,C00128,262,15,1539,0.0667,3950.91,netbanking,Canara,459015,10,4,0,0,0,0,0,0,0,0,0,0,0,25
TXN0003389,2024-02-09T18:10:00,39,M0065,B2B,high,C00132,64,16,3530,0.0483,20346.86,card,Canara,482861,18,4,0,0,0,0,0,0,0,0,1,1,0,65
TXN0003390,2024-02-09T18:21:00,39,M0043,Logistics,high,C00828,99,20,5319,0.1355,7018.2,card,Kotak,583918,18,4,0,0,0,0,1,0,0,0,1,1,0,17
TXN0003391,2024-02-09T14:05:00,39,M0095,Food,low,C01193,262,17,3211,0.1334,1757.42,upi,Kotak,528864,14,4,0,0,0,0,0,0,0,0,0,0,0,36
TXN0003392,2024-02-09T06:06:00,39,M0061,Services,low,C01490,5,4,570,0.0627,4052.06,netbanking,ICICI,594543,6,4,0,0,0,1,0,0,0,1,0,0,0,60
TXN0003393,2024-02-09T07:36:00,39,M0048,SaaS,mid,C00579,15,4,1845,0.033,2677.35,card,SBI,547174,7,4,0,0,0,0,0,0,0,0,0,0,0,12
TXN0003394,2024-02-09T13:35:00,39,M0147,SaaS,mid,C00551,20,1,1458,0.1078,1123.22,upi,Kotak,591035,13,4,0,0,0,0,0,0,0,1,0,0,0,47
TXN0003395,2024-02-09T02:47:00,39,M0141,Logistics,low,C01224,168,17,1803,0.2423,5282.74,wallet,Canara,566820,2,4,0,0,0,0,0,0,0,0,0,0,0,34
TXN0003396,2024-02-09T21:35:00,39,M0197,Food,low,C00526,99,14,1086,0.0004,420.28,netbanking,PNB,484185,21,4,0,0,0,0,0,0,0,0,1,1,0,40
TXN0003397,2024-02-09T16:54:00,39,M0008,Retail,low,C00228,23,2,1481,0.0503,4897.86,upi,PNB,493740,16,4,0,0,0,0,0,0,0,0,0,0,0,31
TXN0003398,2024-02-09T11:53:00,39,M0151,Food,low,C00128,262,15,1539,0.0667,2050.22,netbanking,HDFC,456500,11,4,0,0,1,1,1,0,0,1,1,1,0,51
TXN0003399,2024-02-09T17:52:00,39,M0036,Retail,low,C00533,246,5,2907,0.0373,1194.96,card,SBI,455265,17,4,0,0,0,1,1,0,0,0,0,1,0,42
TXN0003400,2024-02-09T18:12:00,39,M0070,Services,low,C01027,177,10,5728,0.0384,3587.37,card,Yes,529226,18,4,0,0,0,0,0,0,0,0,0,0,0,49
TXN0003401,2024-02-09T12:26:00,39,M0117,SaaS,low,C01284,126,20,2042,0.0351,1158.12,wallet,HDFC,419385,12,4,0,0,1,1,0,0,0,0,0,0,0,59
TXN0003402,2024-02-09T10:29:00,39,M0040,SaaS,mid,C00458,228,14,6680,0.1174,3945.94,upi,Axis,474277,10,4,0,1,1,2,0,0,0,0,0,0,0,64
TXN0003403,2024-02-09T20:58:00,39,M0176,SaaS,low,C00920,209,9,2207,0.097,1136.93,wallet,Canara,500975,20,4,0,0,0,0,1,0,0,0,0,1,0,20
TXN0003404,2024-02-09T09:19:00,39,M0196,Retail,low,C01054,25,1,1125,0.0641,5200.82,wallet,Canara,482893,9,4,0,0,0,2,0,0,0,0,0,0,0,43
TXN0003405,2024-02-09T19:50:00,39,M0136,Logistics,mid,C00999,828,83,16395,0.0109,9573.75,wallet,SBI,412599,19,4,0,0,0,1,0,0,0,0,0,0,0,33
TXN0003406,2024-02-09T16:20:00,39,M0039,Logistics,mid,C01003,891,80,14836,0.0225,5562.96,wallet,PNB,565001,16,4,0,0,0,1,0,0,0,0,0,0,0,32
TXN0003407,2024-02-09T15:28:00,39,M0104,Food,low,C01375,827,66,13174,0.001,23735.51,upi,HDFC,596708,15,4,0,0,0,0,0,0,0,0,0,0,0,22
TXN0003408,2024-02-09T12:21:00,39,M0114,Logistics,mid,C00425,783,99,24545,0.0148,14480.48,netbanking,HDFC,447555,12,4,0,0,0,0,0,0,0,1,0,0,0,50
TXN0003409,2024-02-09T19:39:00,39,M0156,Services,mid,C00123,211,6,3883,0.0949,3242.07,upi,Yes,410112,19,4,0,0,0,0,0,0,0,0,0,0,0,23
TXN0003410,2024-02-09T16:57:00,39,M0123,Logistics,high,C00483,25,2,1908,0.2412,5042.77,wallet,PNB,551021,16,4,0,0,0,0,0,0,0,1,0,0,1,50
TXN0003411,2024-02-09T14:37:00,39,M0063,SaaS,high,C01128,987,62,19455,0.0377,12982.93,wallet,HDFC,567227,14,4,0,0,0,1,0,0,0,0,0,0,0,31
TXN0003412,2024-02-09T15:58:00,39,M0088,Food,low,C00197,15,4,705,0.0837,643.86,upi,ICICI,532012,15,4,0,1,1,1,0,0,0,0,1,1,0,19
TXN0003413,2024-02-09T11:55:00,39,M0024,B2B,mid,C00047,8,2,892,0.0391,29912.1,card,Axis,480864,11,4,0,0,0,0,0,0,0,0,1,1,0,40
TXN0003414,2024-02-09T17:06:00,39,M0172,Food,mid,C00951,107,11,1569,0.0432,1652.04,card,Yes,582516,17,4,0,0,0,2,0,0,0,0,0,0,0,40
TXN0003415,2024-02-09T20:30:00,39,M0042,Logistics,mid,C00509,13,2,1637,0.1018,7704.82,netbanking,Canara,470813,20,4,0,0,0,0,0,0,0,0,0,0,0,48
TXN0003416,2024-02-09T13:34:00,39,M0051,Food,low,C01078,5,2,1178,0.0571,1054.82,card,ICICI,442851,13,4,0,12,0,0,0,0,0,0,0,0,1,25
TXN0003417,2024-02-09T20:34:00,39,M0020,B2B,low,C00675,765,119,10400,0.0,41099.0,upi,Yes,582184,20,4,0,0,0,0,0,0,0,0,0,1,0,50
TXN0003418,2024-02-09T18:21:00,39,M0179,Services,low,C00587,12,1,1336,0.0454,1449.04,upi,ICICI,584024,18,4,0,0,0,1,0,0,0,0,0,0,0,40
TXN0003419,2024-02-09T05:59:00,39,M0036,Retail,low,C00539,88,12,6184,0.0646,2196.92,wallet,PNB,539244,5,4,0,0,0,1,0,0,0,0,1,1,0,50
TXN0003420,2024-02-09T13:19:00,39,M0126,B2B,low,C00362,805,65,17714,0.0025,45313.51,wallet,Axis,522374,13,4,0,0,0,0,0,0,0,0,1,1,0,56
TXN0003421,2024-02-09T08:52:00,39,M0130,Food,low,C01395,20,2,590,0.0494,1868.57,card,Yes,455053,8,4,0,11,0,0,0,0,0,0,0,0,0,68
TXN0003422,2024-02-09T19:32:00,39,M0196,Retail,low,C00932,108,14,7468,0.0324,4696.32,card,Canara,476023,19,4,0,2,2,2,0,0,0,0,0,0,0,19
TXN0003423,2024-02-09T21:46:00,39,M0182,Retail,high,C00266,5,4,714,0.0812,1267.18,upi,ICICI,412472,21,4,0,0,0,2,0,0,0,0,0,0,0,53
TXN0003424,2024-02-09T09:11:00,39,M0055,Services,mid,C00451,19,4,1309,0.0308,2300.36,card,Axis,528016,9,4,0,0,0,1,0,0,0,1,0,0,1,44
TXN0003425,2024-02-09T07:40:00,39,M0138,Services,mid,C00510,5,2,1363,0.0704,5799.84,netbanking,Yes,573526,7,4,0,0,0,2,0,0,0,0,0,0,0,21
TXN0003426,2024-02-09T14:42:00,39,M0113,Services,high,C00501,292,11,5087,0.1788,5312.51,card,PNB,532405,14,4,0,0,0,2,0,0,0,1,0,0,0,20
TXN0003427,2024-02-09T07:21:00,39,M0079,Retail,high,C01328,206,10,5391,0.0281,4674.49,netbanking,SBI,416784,7,4,0,0,0,0,0,0,0,0,0,0,0,15
TXN0003428,2024-02-09T18:51:00,39,M0036,Retail,low,C00435,845,97,22280,0.0149,12408.72,netbanking,PNB,584316,18,4,0,0,0,0,0,0,0,0,0,0,0,27
TXN0003429,2024-02-09T23:36:00,39,M0167,SaaS,low,C00520,972,120,4763,0.0006,2991.24,wallet,Kotak,589591,23,4,0,13,0,0,0,0,0,0,0,0,0,43
TXN0003430,2024-02-09T07:25:00,39,M0054,Retail,mid,C00882,253,6,5671,0.095,2964.81,upi,HDFC,448507,7,4,0,0,0,0,1,0,0,0,1,1,0,17
TXN0003431,2024-02-09T09:24:00,39,M0007,Food,mid,C00911,25,1,557,0.0825,830.09,card,ICICI,446390,9,4,0,0,0,0,1,0,0,1,0,1,1,34
TXN0003432,2024-02-09T21:04:00,39,M0091,Logistics,high,C00370,780,79,7403,0.0064,38963.3,wallet,PNB,525237,21,4,0,0,0,0,0,0,0,0,1,1,0,58
TXN0003433,2024-02-09T13:25:00,39,M0013,Logistics,high,C00326,91,5,1505,0.2531,6037.41,card,Kotak,424849,13,4,0,0,0,0,1,1,0,1,1,1,0,38
TXN0003434,2024-02-09T17:13:00,39,M0091,Logistics,high,C00325,126,10,1254,0.1405,17739.13,upi,PNB,582297,17,4,0,0,0,2,0,0,0,0,0,0,0,34
TXN0003435,2024-02-09T09:46:00,39,M0034,Retail,high,C00917,300,5,4719,0.0825,6119.95,netbanking,Kotak,528911,9,4,0,0,0,1,0,0,0,1,0,0,0,21
TXN0003436,2024-02-09T08:07:00,39,M0035,SaaS,mid,C00613,294,20,7531,0.0191,3556.07,card,Canara,400207,8,4,0,0,0,0,0,0,0,0,0,0,0,70
TXN0003437,2024-02-09T07:44:00,39,M0057,Food,high,C01322,135,8,2793,0.0247,1475.0,upi,SBI,443048,7,4,0,0,0,0,0,0,0,0,0,0,0,24
TXN0003438,2024-02-09T12:48:00,39,M0184,Logistics,high,C00688,102,19,2995,0.0255,14468.76,card,Axis,491511,12,4,0,0,0,1,0,0,0,0,0,0,0,16
TXN0003439,2024-02-09T13:00:00,39,M0020,B2B,low,C00721,195,19,4751,0.0478,30271.84,card,Axis,444975,13,4,0,0,0,0,0,0,0,1,0,0,0,60
TXN0003440,2024-02-09T14:14:00,39,M0064,Food,high,C00985,254,9,7714,0.2233,5263.6,wallet,PNB,440037,14,4,0,0,0,0,0,0,0,0,0,0,0,35
TXN0003441,2024-02-09T16:40:00,39,M0088,Food,low,C00872,172,20,6994,0.0301,3714.25,card,HDFC,514271,16,4,0,0,0,0,0,1,0,1,1,1,0,39
TXN0003442,2024-02-09T22:39:00,39,M0115,Services,high,C00478,987,65,6053,0.0157,35995.33,netbanking,ICICI,432837,22,4,0,0,0,1,0,0,0,1,1,1,0,33
TXN0003443,2024-02-09T19:10:00,39,M0151,Food,low,C00843,25,4,1469,0.0275,1143.24,card,Axis,482963,19,4,0,0,0,1,0,0,0,1,0,0,0,47
TXN0003444,2024-02-09T16:21:00,39,M0022,Retail,low,C00969,779,71,8473,0.0009,6861.32,wallet,Yes,406764,16,4,0,0,0,0,0,0,0,0,0,0,1,68
TXN0003445,2024-02-09T09:34:00,39,M0107,SaaS,mid,C00429,16,4,1693,0.1106,1651.51,upi,Kotak,558743,9,4,0,0,0,1,1,0,0,0,1,1,0,54
TXN0003446,2024-02-09T08:12:00,39,M0107,SaaS,mid,C00108,20,2,721,0.0884,579.04,wallet,Kotak,505882,8,4,0,0,0,0,1,0,0,0,1,1,0,34
TXN0003447,2024-02-09T12:03:00,39,M0029,Retail,high,C00571,11,2,917,0.0974,2314.04,card,Kotak,468448,12,4,0,0,0,0,0,0,0,0,0,0,0,20
TXN0003448,2024-02-09T20:41:00,39,M0189,SaaS,mid,C00622,93,11,6935,0.0169,5377.17,netbanking,Axis,598401,20,4,0,0,0,0,0,0,0,1,0,0,0,20
TXN0003449,2024-02-09T07:33:00,39,M0194,Retail,mid,C00135,132,19,2916,0.0791,5860.53,netbanking,HDFC,506883,7,4,0,0,0,0,1,0,0,0,1,1,0,64
TXN0003450,2024-02-09T14:51:00,39,M0134,Services,low,C01148,288,11,1637,0.1877,1374.69,upi,Canara,549786,14,4,0,0,0,1,0,0,0,1,0,0,0,51
TXN0003451,2024-02-09T17:59:00,39,M0051,Food,low,C01489,138,17,6122,0.0641,4297.99,netbanking,Yes,573423,17,4,0,0,0,0,0,0,0,0,0,0,0,71
TXN0003452,2024-02-09T18:40:00,39,M0053,Retail,low,C00952,62,10,3676,0.0357,1248.31,card,Kotak,599112,18,4,0,0,0,0,0,0,0,0,0,0,0,71
TXN0003453,2024-02-09T07:43:00,39,M0112,Logistics,mid,C00515,925,86,18196,0.0233,13147.03,upi,Kotak,581367,7,4,0,0,0,0,0,0,0,0,0,0,1,12
TXN0003454,2024-02-09T17:46:00,39,M0026,Retail,high,C01063,16,2,1323,0.0664,2343.8,card,Kotak,494143,17,4,0,0,0,0,0,0,0,0,0,0,1,39
TXN0003455,2024-02-09T09:39:00,39,M0147,SaaS,mid,C00961,21,1,1446,0.011,777.17,wallet,Kotak,472097,9,4,0,0,0,1,0,0,0,0,0,0,0,61
TXN0003456,2024-02-09T07:18:00,39,M0092,Food,low,C00189,240,9,5249,0.0397,2888.42,card,Canara,585104,7,4,0,0,0,0,0,0,0,0,0,0,0,21
TXN0003457,2024-02-09T10:39:00,39,M0135,Retail,low,C00967,289,8,4199,0.1297,5086.19,upi,Kotak,554397,10,4,0,0,0,0,0,0,0,0,0,0,0,49
TXN0003458,2024-02-09T08:14:00,39,M0070,Services,low,C01005,24,1,1586,0.0437,2247.57,card,Axis,529345,8,4,0,0,0,1,0,0,0,0,0,0,0,63
TXN0003459,2024-02-09T08:25:00,39,M0048,SaaS,mid,C00831,205,13,3911,0.051,4534.54,upi,Kotak,564379,8,4,0,0,1,1,0,0,0,0,0,0,1,67
TXN0003460,2024-02-09T12:15:00,39,M0041,B2B,low,C01192,732,56,11509,0.0446,21865.03,upi,SBI,504901,12,4,0,0,0,0,0,0,0,0,1,1,0,50
TXN0003461,2024-02-09T22:32:00,39,M0183,Retail,mid,C00338,744,95,21600,0.0159,13697.42,wallet,Axis,550150,22,4,0,0,0,0,1,0,0,1,1,1,0,20
TXN0003462,2024-02-09T08:56:00,39,M0028,Retail,mid,C01173,790,93,14363,0.0125,6675.99,card,SBI,580336,8,4,0,0,0,0,1,0,0,1,1,1,0,62
TXN0003463,2024-02-09T02:31:00,39,M0077,Services,high,C00540,122,5,1344,0.0962,1903.47,netbanking,ICICI,420458,2,4,0,0,0,0,0,0,0,1,0,0,0,68
TXN0003464,2024-02-09T10:02:00,39,M0156,Services,mid,C01290,134,9,5843,0.0096,7438.77,wallet,Axis,563275,10,4,0,0,0,1,0,0,0,1,0,0,0,47
TXN0003465,2024-02-09T23:12:00,39,M0197,Food,low,C01304,94,10,6928,0.1232,7595.19,card,HDFC,587178,23,4,0,0,0,0,0,0,0,0,0,0,0,28
TXN0003466,2024-02-09T20:16:00,39,M0116,Services,low,C00518,19,3,1702,0.1195,3468.05,card,PNB,581972,20,4,0,0,0,0,0,0,0,0,0,0,1,49
TXN0003467,2024-02-09T09:27:00,39,M0029,Retail,high,C01286,75,13,3108,0.007,689.78,card,Yes,559281,9,4,0,0,0,1,0,0,0,1,0,0,0,41
TXN0003468,2024-02-10T12:00:00,40,M0084,B2B,mid,C01455,10,2,1166,0.1054,9596.72,card,Kotak,445614,12,5,1,0,0,1,0,0,0,1,0,0,1,18
TXN0003469,2024-02-10T12:07:00,40,M0165,Services,low,C00089,216,12,6305,0.0219,9621.99,netbanking,SBI,543318,12,5,1,0,0,0,0,0,0,0,0,0,0,37
TXN0003470,2024-02-10T12:33:00,40,M0098,Retail,mid,C00930,952,58,6882,0.0024,7571.7,upi,HDFC,495410,12,5,1,0,0,0,0,0,0,0,0,0,0,39
TXN0003471,2024-02-10T08:33:00,40,M0052,Logistics,mid,C00487,101,8,2756,0.0754,52215.7,upi,Axis,589134,8,5,1,0,0,0,0,0,0,0,1,1,0,14
TXN0003472,2024-02-10T11:41:00,40,M0052,Logistics,mid,C00073,293,17,4162,0.1695,5779.29,upi,Kotak,561657,11,5,1,0,0,0,0,0,0,0,0,0,0,69
TXN0003473,2024-02-10T20:00:00,40,M0105,SaaS,high,C00495,18,1,1644,0.0142,618.01,netbanking,Kotak,581751,20,5,1,0,0,1,0,0,0,0,0,0,1,22
TXN0003474,2024-02-10T18:36:00,40,M0180,Food,low,C00312,117,15,3033,0.0879,687.24,card,Canara,523126,18,5,1,0,0,0,0,0,0,0,0,0,0,61
TXN0003475,2024-02-10T09:52:00,40,M0030,B2B,high,C00475,116,18,5922,0.0285,15178.61,upi,ICICI,475615,9,5,1,0,0,2,0,0,0,0,0,0,0,61
TXN0003476,2024-02-10T21:27:00,40,M0063,SaaS,high,C00658,808,113,16531,0.032,3678.21,upi,Yes,523185,21,5,1,0,0,0,0,0,0,1,0,0,0,26
TXN0003477,2024-02-10T20:20:00,40,M0042,Logistics,mid,C00908,186,16,5237,0.1913,16346.88,netbanking,Kotak,491459,20,5,1,0,0,0,0,0,0,0,0,0,0,32
TXN0003478,2024-02-10T08:23:00,40,M0039,Logistics,mid,C00107,756,86,22674,0.0092,26680.59,wallet,ICICI,446782,8,5,1,0,0,0,0,0,0,0,0,0,0,43
TXN0003479,2024-02-10T13:52:00,40,M0029,Retail,high,C01273,226,19,1935,0.0127,1462.6,wallet,Yes,597856,13,5,1,0,0,0,0,0,0,1,0,0,0,27
TXN0003480,2024-02-10T08:40:00,40,M0163,Logistics,high,C00366,97,8,1865,0.1181,8251.11,netbanking,ICICI,579072,8,5,1,0,0,0,0,1,0,1,1,1,0,13
TXN0003481,2024-02-10T18:07:00,40,M0132,Food,mid,C01062,298,6,4793,0.2582,1033.2,netbanking,SBI,481851,18,5,1,0,0,1,0,0,0,0,0,0,0,62
TXN0003482,2024-02-10T08:35:00,40,M0088,Food,low,C00416,120,7,4760,0.1133,7314.69,card,HDFC,419870,8,5,1,0,0,0,0,0,0,0,0,0,0,31
TXN0003483,2024-02-10T11:19:00,40,M0078,B2B,high,C00233,12,4,1666,0.1861,10599.62,card,Axis,466461,11,5,1,0,0,0,0,0,0,0,0,0,1,62
TXN0003484,2024-02-10T13:08:00,40,M0050,Logistics,high,C01402,178,14,1326,0.0337,17378.19,netbanking,Yes,456050,13,5,1,0,0,0,0,0,0,0,0,0,0,62
TXN0003485,2024-02-10T08:40:00,40,M0135,Retail,low,C00745,236,8,4418,0.0669,3533.54,wallet,SBI,406317,8,5,1,0,0,0,0,0,1,0,0,0,0,51
TXN0003486,2024-02-10T15:10:00,40,M0020,B2B,low,C00280,751,106,20902,0.0051,27510.51,netbanking,SBI,493801,15,5,1,0,0,1,0,0,0,0,0,0,0,33
TXN0003487,2024-02-10T10:23:00,40,M0191,Logistics,high,C00762,162,16,4897,0.165,19230.17,netbanking,HDFC,477282,10,5,1,0,0,1,1,0,0,0,1,1,0,22
TXN0003488,2024-02-10T05:28:00,40,M0123,Logistics,high,C00170,24,3,1654,0.0234,14741.77,wallet,Yes,512241,5,5,1,0,0,0,0,0,0,0,1,1,0,35
TXN0003489,2024-02-10T23:42:00,40,M0110,Food,high,C00615,233,15,5548,0.0875,3791.61,netbanking,PNB,451244,23,5,1,0,0,0,0,0,0,1,0,0,1,30
TXN0003490,2024-02-10T10:17:00,40,M0000,Logistics,low,C01419,11,2,726,0.1334,21714.32,upi,HDFC,498251,10,5,1,0,0,0,0,0,0,1,0,0,1,40
TXN0003491,2024-02-10T13:30:00,40,M0170,Logistics,mid,C00661,171,5,3365,0.1198,12290.94,card,Yes,584937,13,5,1,0,0,0,0,0,0,1,0,0,0,66
TXN0003492,2024-02-10T17:31:00,40,M0074,Services,high,C00812,82,15,6818,0.1273,4666.84,card,Kotak,596259,17,5,1,7,0,0,0,0,0,0,0,0,0,41
TXN0003493,2024-02-10T14:38:00,40,M0119,Retail,high,C01055,6,1,1085,0.0767,1300.76,netbanking,SBI,464769,14,5,1,0,0,0,0,0,0,0,0,0,1,16
TXN0003494,2024-02-10T12:54:00,40,M0142,Retail,mid,C00468,210,7,5232,0.0611,10708.63,upi,Canara,534989,12,5,1,0,0,1,0,0,0,1,0,0,0,37
TXN0003495,2024-02-10T12:14:00,40,M0125,Retail,low,C00496,858,106,15356,0.0145,19768.14,netbanking,Yes,453066,12,5,1,0,0,0,0,0,0,0,1,1,0,20
TXN0003496,2024-02-10T00:32:00,40,M0038,B2B,mid,C00190,104,19,5367,0.0534,60717.37,upi,ICICI,544258,0,5,1,0,0,1,0,0,0,1,1,1,0,13
TXN0003497,2024-02-10T23:20:00,40,M0040,SaaS,mid,C00254,18,3,1362,0.0629,1573.27,netbanking,Yes,561926,23,5,1,0,0,0,0,0,0,0,0,0,0,54
TXN0003498,2024-02-10T20:10:00,40,M0101,Food,low,C00688,102,19,2995,0.0255,1295.0,wallet,Axis,478110,20,5,1,0,0,2,0,0,0,1,0,0,0,26
TXN0003499,2024-02-10T11:01:00,40,M0046,SaaS,high,C01215,842,68,14704,0.0152,3311.81,wallet,PNB,422982,11,5,1,0,0,0,0,0,0,0,0,0,0,46
TXN0003500,2024-02-10T17:55:00,40,M0181,Food,high,C01098,21,2,1988,0.0213,1001.35,netbanking,Yes,460896,17,5,1,0,0,0,0,0,0,0,0,0,0,44
TXN0003501,2024-02-10T22:39:00,40,M0050,Logistics,high,C00168,12,3,1562,0.291,9370.41,netbanking,Yes,566896,22,5,1,0,0,0,0,0,0,1,0,0,1,49
TXN0003502,2024-02-10T10:45:00,40,M0010,SaaS,high,C01105,6,2,864,0.0973,568.91,wallet,SBI,473180,10,5,1,0,0,0,0,0,0,0,0,0,1,47
TXN0003503,2024-02-10T20:28:00,40,M0035,SaaS,mid,C00614,901,109,16564,0.0653,5405.2,netbanking,SBI,541078,20,5,1,0,0,1,0,0,1,0,0,0,0,42
TXN0003504,2024-02-10T10:45:00,40,M0186,B2B,mid,C01358,90,12,5588,0.0634,26248.75,netbanking,Kotak,450197,10,5,1,0,0,0,0,0,0,0,0,0,1,38
TXN0003505,2024-02-10T09:38:00,40,M0118,Retail,mid,C00118,24,4,1912,0.1164,3108.01,upi,ICICI,461256,9,5,1,0,0,0,0,0,0,0,0,0,1,53
TXN0003506,2024-02-10T11:21:00,40,M0165,Services,low,C00083,24,4,1086,0.0349,1943.16,upi,Canara,516722,11,5,1,0,0,0,0,0,0,0,0,0,1,66
TXN0003507,2024-02-10T22:30:00,40,M0076,Services,high,C00988,21,3,1506,0.0789,828.7,card,Canara,402066,22,5,1,0,0,0,0,0,0,1,0,0,1,32
TXN0003508,2024-02-10T13:30:00,40,M0153,Food,low,C00710,216,11,7452,0.1486,5210.78,wallet,Canara,584219,13,5,1,0,0,0,0,0,0,0,0,0,0,72
TXN0003509,2024-02-10T18:25:00,40,M0186,B2B,mid,C00242,10,1,1523,0.2298,12710.52,wallet,ICICI,400032,18,5,1,0,0,1,0,0,0,0,1,1,0,39
TXN0003510,2024-02-10T18:40:00,40,M0165,Services,low,C00503,751,111,15163,0.0191,13329.58,wallet,Yes,526950,18,5,1,0,0,0,0,0,0,0,0,0,0,65
TXN0003511,2024-02-10T07:56:00,40,M0096,Food,mid,C00777,129,7,5640,0.2166,1222.69,upi,Kotak,470285,7,5,1,6,0,0,0,0,0,1,0,0,0,13
TXN0003512,2024-02-10T19:13:00,40,M0040,SaaS,mid,C01376,15,4,962,0.0503,930.56,netbanking,HDFC,512942,19,5,1,0,0,2,1,0,0,0,1,1,0,47
TXN0003513,2024-02-10T08:59:00,40,M0148,SaaS,mid,C01334,8,4,1842,0.0547,1556.01,wallet,HDFC,433679,8,5,1,13,0,0,0,0,0,0,0,0,0,46
TXN0003514,2024-02-10T17:37:00,40,M0179,Services,low,C00490,819,113,17384,0.0002,29421.27,upi,PNB,550022,17,5,1,0,0,0,0,0,0,0,0,0,0,22
TXN0003515,2024-02-10T11:36:00,40,M0161,Services,mid,C00744,295,10,1839,0.0357,3165.72,netbanking,SBI,458164,11,5,1,0,0,0,0,0,0,1,0,0,0,43
TXN0003516,2024-02-10T09:53:00,40,M0193,B2B,low,C00899,268,17,7778,0.0887,20154.18,wallet,Kotak,451963,9,5,1,0,0,0,1,0,0,1,1,1,0,64
TXN0003517,2024-02-10T07:43:00,40,M0095,Food,low,C01237,12,3,1754,0.1256,3713.31,netbanking,Kotak,401571,7,5,1,0,0,1,0,1,0,0,1,1,0,36
TXN0003518,2024-02-10T06:52:00,40,M0007,Food,mid,C01274,81,6,3286,0.0105,2067.08,netbanking,ICICI,437260,6,5,1,0,0,0,0,0,0,1,0,0,0,45
TXN0003519,2024-02-10T09:58:00,40,M0069,SaaS,high,C00118,24,4,1912,0.1164,1520.23,wallet,HDFC,592936,9,5,1,1,1,1,0,0,0,0,0,0,0,24
TXN0003520,2024-02-10T21:55:00,40,M0015,Services,low,C00357,887,100,18431,0.0124,5101.83,card,Kotak,590349,21,5,1,0,0,1,0,0,0,0,0,0,0,18
TXN0003521,2024-02-10T22:38:00,40,M0125,Retail,low,C00587,12,1,1336,0.0454,1524.27,upi,HDFC,518851,22,5,1,0,0,2,0,0,0,0,0,0,1,37
TXN0003522,2024-02-10T15:39:00,40,M0043,Logistics,high,C00370,780,79,7403,0.0064,8123.14,card,Yes,401256,15,5,1,0,1,1,0,0,0,0,0,0,0,61
TXN0003523,2024-02-10T08:12:00,40,M0003,SaaS,low,C00884,81,15,4291,0.1355,2506.79,card,PNB,480554,8,5,1,0,0,0,0,0,0,0,0,0,0,62
TXN0003524,2024-02-10T13:41:00,40,M0121,Food,low,C01066,151,11,1906,0.0889,2337.08,wallet,HDFC,569144,13,5,1,0,0,2,0,0,0,1,0,0,0,18
TXN0003525,2024-02-10T11:34:00,40,M0032,Food,low,C00631,241,19,4854,0.036,1187.41,card,HDFC,578960,11,5,1,0,0,1,0,0,0,0,0,0,0,56
TXN0003526,2024-02-10T19:42:00,40,M0130,Food,low,C00463,23,3,774,0.0897,358.28,wallet,ICICI,580031,19,5,1,0,0,0,0,0,0,1,0,0,1,29
TXN0003527,2024-02-10T20:45:00,40,M0126,B2B,low,C00700,833,92,7168,0.0006,13319.66,upi,Yes,412635,20,5,1,0,0,0,0,0,0,0,1,1,0,58
TXN0003528,2024-02-10T15:37:00,40,M0141,Logistics,low,C00016,23,3,1452,0.0798,2122.43,card,PNB,534721,15,5,1,0,0,0,0,0,0,0,0,0,0,41
TXN0003529,2024-02-10T17:44:00,40,M0152,Retail,high,C00124,769,61,23152,0.0186,5592.95,upi,ICICI,593232,17,5,1,0,0,1,0,0,0,0,0,0,0,38
TXN0003530,2024-02-10T17:57:00,40,M0101,Food,low,C00712,22,1,1648,0.1887,2548.03,wallet,ICICI,547444,17,5,1,0,0,0,0,0,0,0,0,0,1,16
TXN0003531,2024-02-10T11:18:00,40,M0110,Food,high,C01091,62,16,2796,0.1742,2043.2,upi,Yes,541024,11,5,1,0,0,1,0,0,0,0,0,0,0,22
TXN0003532,2024-02-10T14:59:00,40,M0177,Food,low,C00369,128,16,1165,0.0715,821.82,upi,SBI,413152,14,5,1,0,0,0,0,0,0,0,0,0,0,47
TXN0003533,2024-02-10T13:43:00,40,M0055,Services,mid,C00876,132,11,2499,0.2469,3389.1,upi,SBI,478220,13,5,1,0,0,0,0,0,0,1,0,0,0,12
TXN0003534,2024-02-10T06:15:00,40,M0087,Logistics,mid,C00074,19,1,1979,0.0283,11064.78,wallet,Canara,578739,6,5,1,0,0,0,1,0,0,0,1,1,0,72
TXN0003535,2024-02-10T07:55:00,40,M0071,Retail,low,C01284,126,20,2042,0.0351,2128.93,upi,Axis,575216,7,5,1,0,1,2,0,0,0,0,0,0,1,40
TXN0003536,2024-02-10T16:25:00,40,M0129,Services,low,C00129,806,92,5670,0.0205,3412.01,netbanking,Canara,541414,16,5,1,0,0,0,0,0,0,0,0,0,0,58
TXN0003537,2024-02-10T09:53:00,40,M0148,SaaS,mid,C01197,114,5,6492,0.0567,3555.23,wallet,Yes,454287,9,5,1,0,0,0,0,0,0,0,0,0,0,67
TXN0003538,2024-02-10T09:08:00,40,M0190,Services,low,C01223,878,78,4053,0.0134,7469.63,wallet,Yes,507222,9,5,1,6,0,0,0,0,0,0,0,0,0,62
TXN0003539,2024-02-10T03:49:00,40,M0001,Retail,high,C01432,91,8,2195,0.2033,2135.86,card,Axis,472117,3,5,1,0,0,0,0,0,0,0,0,0,0,48
TXN0003540,2024-02-10T16:28:00,40,M0057,Food,high,C00251,10,4,1419,0.1389,3504.67,upi,PNB,549908,16,5,1,0,0,0,0,0,0,0,0,0,0,59
TXN0003541,2024-02-10T18:49:00,40,M0191,Logistics,high,C00932,108,14,7468,0.0324,14795.09,upi,Yes,469681,18,5,1,0,3,3,0,0,0,0,0,0,0,64
TXN0003542,2024-02-10T12:59:00,40,M0166,SaaS,mid,C00911,25,1,557,0.0825,2747.31,wallet,PNB,452765,12,5,1,0,0,1,0,0,0,1,0,0,1,24
TXN0003543,2024-02-10T13:29:00,40,M0026,Retail,high,C00395,123,12,6681,0.0316,2959.76,netbanking,SBI,551425,13,5,1,13,0,1,0,0,0,1,0,0,0,54
TXN0003544,2024-02-10T18:44:00,40,M0157,SaaS,mid,C01329,214,5,6916,0.0088,2126.92,netbanking,ICICI,505409,18,5,1,0,0,0,0,0,0,0,0,0,0,32
TXN0003545,2024-02-10T13:59:00,40,M0092,Food,low,C01454,216,11,5677,0.16,4194.48,wallet,Axis,513242,13,5,1,0,0,1,0,0,0,1,0,0,0,16
TXN0003546,2024-02-10T13:03:00,40,M0000,Logistics,low,C01381,181,9,4827,0.1171,11361.43,wallet,Axis,451773,13,5,1,0,0,0,0,1,0,0,1,1,0,36
TXN0003547,2024-02-10T18:20:00,40,M0088,Food,low,C01268,91,7,1625,0.0505,722.92,netbanking,Canara,452226,18,5,1,0,0,0,1,1,1,0,1,1,0,64
TXN0003548,2024-02-10T19:39:00,40,M0076,Services,high,C01350,278,9,2345,0.1225,2251.38,upi,Yes,565904,19,5,1,0,0,0,0,0,0,0,0,0,0,35
TXN0003549,2024-02-10T06:39:00,40,M0072,SaaS,high,C01143,141,6,5924,0.2209,4417.76,upi,ICICI,589967,6,5,1,0,0,0,0,0,0,0,0,0,0,48
TXN0003550,2024-02-10T07:31:00,40,M0078,B2B,high,C01480,19,4,906,0.0555,40996.83,card,Canara,474631,7,5,1,0,0,0,0,0,0,0,1,1,0,19
TXN0003551,2024-02-11T08:38:00,41,M0079,Retail,high,C00609,8,1,1452,0.0926,925.97,upi,HDFC,569125,8,6,1,0,0,0,0,1,0,0,0,1,1,70
TXN0003552,2024-02-11T12:25:00,41,M0013,Logistics,high,C00799,224,9,1025,0.0824,5870.94,upi,Yes,547210,12,6,1,0,0,0,1,0,0,1,1,1,0,14
TXN0003553,2024-02-11T06:47:00,41,M0132,Food,mid,C01274,81,6,3286,0.0105,1927.69,wallet,ICICI,587844,6,6,1,0,1,1,0,0,0,0,0,0,0,26
TXN0003554,2024-02-11T16:41:00,41,M0130,Food,low,C00606,221,7,4962,0.1239,1759.96,wallet,Axis,497134,16,6,1,0,0,0,0,0,0,0,0,0,0,68
TXN0003555,2024-02-11T19:52:00,41,M0174,SaaS,low,C00424,209,20,5164,0.1548,2613.3,wallet,Yes,480291,19,6,1,0,0,0,0,0,0,0,0,0,0,70
TXN0003556,2024-02-11T10:56:00,41,M0160,Services,mid,C01173,790,93,14363,0.0125,6877.82,wallet,PNB,419458,10,6,1,0,0,1,0,0,1,1,0,0,0,70
TXN0003557,2024-02-11T07:56:00,41,M0080,Logistics,low,C01275,228,18,5362,0.0179,5835.85,wallet,SBI,533690,7,6,1,0,0,0,0,0,0,0,0,0,0,21
TXN0003558,2024-02-11T10:59:00,41,M0000,Logistics,low,C01064,99,18,2014,0.1697,15453.6,wallet,HDFC,589993,10,6,1,0,0,0,0,1,0,0,1,1,0,45
TXN0003559,2024-02-11T15:57:00,41,M0002,B2B,low,C00524,820,108,23678,0.0222,24554.45,netbanking,PNB,470739,15,6,1,0,0,1,0,0,0,1,0,0,1,15
TXN0003560,2024-02-11T21:11:00,41,M0126,B2B,low,C01018,211,11,7939,0.0595,24684.98,netbanking,Axis,525675,21,6,1,0,0,0,0,0,0,0,0,0,0,70
TXN0003561,2024-02-11T23:45:00,41,M0099,B2B,low,C01278,877,118,18188,0.0099,20685.23,netbanking,PNB,410677,23,6,1,0,0,0,1,0,0,0,1,1,0,70
TXN0003562,2024-02-11T12:33:00,41,M0076,Services,high,C00285,799,102,4942,0.075,3103.88,upi,ICICI,539647,12,6,1,0,0,1,0,0,0,0,0,0,0,57
TXN0003563,2024-02-11T22:53:00,41,M0197,Food,low,C01082,907,96,17695,0.0238,15471.24,wallet,Axis,401255,22,6,1,0,0,0,0,0,0,0,0,0,0,40
TXN0003564,2024-02-11T04:47:00,41,M0191,Logistics,high,C00905,997,85,9286,0.052,11798.65,wallet,SBI,420169,4,6,1,0,0,0,0,0,0,0,1,1,0,25
TXN0003565,2024-02-11T22:40:00,41,M0146,Food,mid,C00360,253,12,5535,0.0199,2837.22,wallet,Kotak,486701,22,6,1,0,0,0,0,0,0,0,0,0,0,35
TXN0003566,2024-02-11T18:58:00,41,M0041,B2B,low,C00612,15,3,1311,0.1636,5769.53,netbanking,Axis,461457,18,6,1,0,0,1,0,0,0,1,0,0,1,62
TXN0003567,2024-02-11T22:21:00,41,M0026,Retail,high,C01249,7,4,1266,0.1009,1563.33,wallet,Canara,469014,22,6,1,0,0,0,0,0,0,0,0,0,1,55
TXN0003568,2024-02-11T15:53:00,41,M0097,Services,low,C00222,96,12,4387,0.0371,6966.17,netbanking,PNB,569358,15,6,1,7,0,0,0,0,0,1,0,0,0,17
TXN0003569,2024-02-11T22:50:00,41,M0104,Food,low,C00445,21,1,696,0.0372,361.37,wallet,Kotak,525595,22,6,1,0,0,2,0,0,0,0,1,1,0,70
TXN0003570,2024-02-11T11:49:00,41,M0116,Services,low,C01083,194,5,2367,0.1078,3650.13,upi,ICICI,550474,11,6,1,0,0,1,0,0,0,0,0,0,0,40
TXN0003571,2024-02-11T12:03:00,41,M0094,SaaS,high,C00510,5,2,1363,0.0704,934.84,card,PNB,548880,12,6,1,0,0,2,0,0,0,0,0,0,0,48
TXN0003572,2024-02-11T20:42:00,41,M0169,Food,low,C00261,18,4,651,0.0777,816.31,wallet,HDFC,548193,20,6,1,0,0,0,0,0,0,0,1,1,0,63
TXN0003573,2024-02-11T20:01:00,41,M0031,Food,mid,C00537,11,4,1296,0.1487,2147.72,netbanking,Canara,581839,20,6,1,0,0,0,0,0,0,0,0,0,1,32
TXN0003574,2024-02-11T12:20:00,41,M0022,Retail,low,C00822,175,15,6992,0.2517,1519.37,upi,Canara,468600,12,6,1,0,0,0,0,0,0,0,0,0,0,59
TXN0003575,2024-02-11T13:53:00,41,M0181,Food,high,C00635,196,19,4283,0.129,4071.5,netbanking,ICICI,558842,13,6,1,0,0,0,0,0,1,0,0,0,0,19
TXN0003576,2024-02-11T13:47:00,41,M0130,Food,low,C00886,7,2,1128,0.0251,1256.0,upi,ICICI,521326,13,6,1,0,0,0,0,0,0,0,0,0,0,41
TXN0003577,2024-02-11T06:20:00,41,M0026,Retail,high,C00418,218,14,5164,0.1062,4921.38,wallet,Kotak,544844,6,6,1,0,0,0,0,0,0,0,0,0,0,24
TXN0003578,2024-02-11T10:28:00,41,M0152,Retail,high,C00974,94,15,2436,0.1347,4737.05,wallet,HDFC,473587,10,6,1,0,0,0,0,0,0,0,0,0,0,17
TXN0003579,2024-02-11T11:29:00,41,M0162,Services,high,C00936,11,4,980,0.0532,3440.77,card,HDFC,556575,11,6,1,0,0,0,0,0,0,0,1,1,0,49
TXN0003580,2024-02-11T17:14:00,41,M0108,Food,high,C00425,783,99,24545,0.0148,20360.21,upi,SBI,566104,17,6,1,0,0,1,0,0,0,0,0,0,0,63
TXN0003581,2024-02-11T07:24:00,41,M0105,SaaS,high,C00637,199,12,2417,0.0887,888.9,card,ICICI,580975,7,6,1,0,0,0,0,0,0,0,1,1,0,56
TXN0003582,2024-02-11T12:13:00,41,M0194,Retail,mid,C00265,207,12,4651,0.0618,1700.26,card,PNB,411431,12,6,1,0,0,1,0,0,0,1,0,0,0,45
TXN0003583,2024-02-11T08:50:00,41,M0151,Food,low,C00260,765,102,19361,0.0032,4636.04,wallet,Axis,533133,8,6,1,0,0,0,0,0,0,0,0,0,0,47
TXN0003584,2024-02-11T22:10:00,41,M0182,Retail,high,C00024,184,12,3249,0.0951,2374.13,card,ICICI,438810,22,6,1,0,0,1,0,0,0,0,0,0,0,42
TXN0003585,2024-02-11T20:35:00,41,M0096,Food,mid,C01021,277,6,5906,0.0539,1913.67,netbanking,Yes,430838,20,6,1,0,0,0,1,0,0,0,1,1,0,50
TXN0003586,2024-02-11T16:10:00,41,M0141,Logistics,low,C00210,79,8,1505,0.2364,5853.55,netbanking,Axis,537130,16,6,1,0,0,1,0,0,0,0,0,0,0,69
TXN0003587,2024-02-11T17:28:00,41,M0082,B2B,high,C01033,8,1,749,0.0884,34604.62,netbanking,PNB,571948,17,6,1,0,0,0,0,0,0,0,0,1,1,44
TXN0003588,2024-02-11T11:34:00,41,M0044,Logistics,low,C01438,223,12,1229,0.2301,8447.73,wallet,Kotak,513412,11,6,1,0,0,1,0,1,0,1,1,1,0,56
TXN0003589,2024-02-11T16:03:00,41,M0193,B2B,low,C00078,122,18,5636,0.166,45359.29,upi,HDFC,466970,16,6,1,0,0,0,0,0,0,0,1,1,0,51
TXN0003590,2024-02-11T13:39:00,41,M0105,SaaS,high,C00310,19,3,613,0.0983,781.8,upi,SBI,542657,13,6,1,0,0,1,0,0,0,0,0,0,0,67
TXN0003591,2024-02-11T08:07:00,41,M0027,Services,high,C00999,828,83,16395,0.0109,14818.01,upi,Kotak,572585,8,6,1,0,0,2,0,0,0,1,0,0,0,26
TXN0003592,2024-02-11T12:58:00,41,M0101,Food,low,C00496,858,106,15356,0.0145,3443.64,wallet,HDFC,590307,12,6,1,0,0,1,1,0,0,0,1,1,0,16
TXN0003593,2024-02-11T20:35:00,41,M0066,Food,mid,C00748,7,4,1914,0.0105,576.06,wallet,PNB,503854,20,6,1,0,0,0,0,0,0,1,0,0,1,67
TXN0003594,2024-02-11T19:29:00,41,M0091,Logistics,high,C00937,921,82,21040,0.0016,24961.41,upi,HDFC,466237,19,6,1,0,0,0,0,0,0,0,0,0,0,49
TXN0003595,2024-02-11T19:36:00,41,M0084,B2B,mid,C00818,270,13,5614,0.1067,61187.94,wallet,Kotak,423337,19,6,1,0,0,0,0,0,0,0,1,1,0,37
TXN0003596,2024-02-11T23:36:00,41,M0105,SaaS,high,C00193,299,13,3357,0.0334,3801.63,card,ICICI,567370,23,6,1,0,0,0,0,0,0,0,0,0,0,28
TXN0003597,2024-02-11T18:14:00,41,M0013,Logistics,high,C00398,5,2,752,0.1093,41904.66,wallet,ICICI,511612,18,6,1,10,0,0,0,0,0,0,0,1,1,37
TXN0003598,2024-02-11T11:02:00,41,M0174,SaaS,low,C00728,70,9,6554,0.1071,3300.37,netbanking,Canara,584324,11,6,1,14,0,0,0,0,0,0,0,0,0,70
TXN0003599,2024-02-11T19:01:00,41,M0143,Logistics,mid,C00812,82,15,6818,0.1273,5397.65,wallet,HDFC,467230,19,6,1,0,0,1,0,0,0,1,0,0,0,61
TXN0003600,2024-02-11T20:31:00,41,M0154,Retail,low,C01362,246,18,2751,0.1251,3366.56,wallet,SBI,412377,20,6,1,0,0,0,0,0,0,0,0,0,0,40
TXN0003601,2024-02-11T18:33:00,41,M0131,Logistics,high,C01055,6,1,1085,0.0767,35603.2,netbanking,Canara,493966,18,6,1,0,0,1,1,0,0,0,1,1,0,50
TXN0003602,2024-02-11T14:16:00,41,M0009,Retail,low,C00909,174,15,1042,0.0534,1884.53,wallet,ICICI,521959,14,6,1,0,0,0,0,0,0,0,0,0,0,33
TXN0003603,2024-02-11T20:25:00,41,M0116,Services,low,C00700,833,92,7168,0.0006,27337.82,card,SBI,486800,20,6,1,0,1,1,0,0,0,0,0,0,0,59
TXN0003604,2024-02-11T17:53:00,41,M0042,Logistics,mid,C01095,777,113,8947,0.0105,5890.96,upi,SBI,532841,17,6,1,0,0,1,0,0,0,1,0,0,0,71
TXN0003605,2024-02-11T09:04:00,41,M0158,Retail,low,C00338,744,95,21600,0.0159,5008.31,wallet,Yes,417022,9,6,1,0,0,1,0,0,0,0,0,0,0,34
TXN0003606,2024-02-11T21:24:00,41,M0039,Logistics,mid,C01105,6,2,864,0.0973,5780.85,upi,Axis,438672,21,6,1,0,0,1,0,0,0,0,0,0,0,45
TXN0003607,2024-02-11T01:00:00,41,M0076,Services,high,C01145,19,4,1574,0.0565,1410.39,card,SBI,410993,1,6,1,0,0,0,0,0,0,0,0,0,1,48
TXN0003608,2024-02-11T10:10:00,41,M0152,Retail,high,C00506,90,19,3585,0.0498,2720.03,wallet,Axis,530186,10,6,1,0,0,0,0,0,0,1,0,0,0,45
TXN0003609,2024-02-11T07:32:00,41,M0122,Retail,low,C00287,7,4,1555,0.1209,3145.13,netbanking,Canara,502358,7,6,1,0,0,0,0,0,0,0,0,0,0,66
TXN0003610,2024-02-11T04:57:00,41,M0036,Retail,low,C00675,765,119,10400,0.0,8714.62,upi,HDFC,440741,4,6,1,0,0,1,0,0,0,1,0,1,0,35
TXN0003611,2024-02-11T18:06:00,41,M0036,Retail,low,C00510,5,2,1363,0.0704,3488.56,netbanking,HDFC,494104,18,6,1,0,1,3,0,0,0,0,0,0,1,27
TXN0003612,2024-02-11T19:09:00,41,M0002,B2B,low,C00613,294,20,7531,0.0191,44938.39,upi,Yes,465234,19,6,1,0,0,1,0,0,0,1,1,1,0,53
TXN0003613,2024-02-11T13:53:00,41,M0137,B2B,mid,C00766,267,5,7258,0.0094,19756.27,netbanking,SBI,423275,13,6,1,0,0,0,0,0,0,0,0,0,0,56
TXN0003614,2024-02-11T13:01:00,41,M0172,Food,mid,C01276,24,3,1037,0.1616,282.39,upi,Yes,592270,13,6,1,0,0,0,0,0,0,0,0,0,1,12
TXN0003615,2024-02-11T19:35:00,41,M0057,Food,high,C00977,20,3,913,0.0585,841.09,upi,Canara,465897,19,6,1,0,0,0,1,0,0,0,0,1,0,48
TXN0003616,2024-02-11T10:10:00,41,M0130,Food,low,C00769,20,4,1474,0.1538,1066.35,upi,Canara,441533,10,6,1,0,0,0,0,0,0,0,0,0,0,34
TXN0003617,2024-02-11T14:19:00,41,M0195,Food,high,C00277,164,20,4404,0.1783,1938.02,card,ICICI,464836,14,6,1,0,0,1,0,0,0,0,0,0,0,19
TXN0003618,2024-02-11T21:52:00,41,M0027,Services,high,C00820,792,100,15240,0.0131,8929.33,card,Axis,539278,21,6,1,0,0,1,0,0,0,1,0,0,0,53
TXN0003619,2024-02-11T19:29:00,41,M0068,B2B,low,C01398,9,4,1905,0.069,20707.63,card,SBI,515503,19,6,1,0,0,0,0,0,0,0,0,0,1,51
TXN0003620,2024-02-11T16:50:00,41,M0086,Retail,high,C01493,217,8,4914,0.0859,1822.3,netbanking,ICICI,443964,16,6,1,0,0,0,0,0,0,0,0,0,0,36
TXN0003621,2024-02-11T20:07:00,41,M0137,B2B,mid,C01099,7,3,792,0.1452,28148.07,upi,Canara,580208,20,6,1,0,0,0,0,0,0,0,0,0,0,53
TXN0003622,2024-02-11T19:31:00,41,M0108,Food,high,C00800,21,2,1716,0.1505,1362.53,card,ICICI,550002,19,6,1,0,0,0,0,0,0,0,0,0,0,59
TXN0003623,2024-02-11T13:05:00,41,M0132,Food,mid,C01390,12,2,1902,0.1392,1324.3,upi,Yes,584528,13,6,1,0,0,0,0,0,0,1,0,0,0,18
TXN0003624,2024-02-11T19:23:00,41,M0007,Food,mid,C01433,153,18,6378,0.052,3442.33,upi,PNB,598054,19,6,1,0,0,0,0,0,0,1,0,0,0,48
TXN0003625,2024-02-11T17:34:00,41,M0096,Food,mid,C00492,12,1,822,0.0267,1181.34,upi,PNB,502229,17,6,1,6,0,0,0,0,0,0,0,0,0,69
TXN0003626,2024-02-11T11:09:00,41,M0185,Food,high,C01313,19,3,724,0.1902,270.76,netbanking,PNB,482717,11,6,1,8,0,1,0,0,0,1,0,0,0,27
TXN0003627,2024-02-11T10:16:00,41,M0121,Food,low,C01261,22,4,765,0.0873,767.85,netbanking,SBI,527193,10,6,1,0,0,1,0,0,0,0,0,0,0,54
TXN0003628,2024-02-11T18:30:00,41,M0188,Logistics,mid,C00865,5,3,994,0.0664,5483.09,wallet,Axis,558864,18,6,1,0,0,1,0,0,1,0,0,0,1,29
TXN0003629,2024-02-11T23:23:00,41,M0008,Retail,low,C01055,6,1,1085,0.0767,818.47,wallet,Axis,424355,23,6,1,0,1,2,0,0,0,0,0,0,1,43
TXN0003630,2024-02-11T15:33:00,41,M0163,Logistics,high,C00234,20,4,1443,0.0488,35341.74,wallet,HDFC,487260,15,6,1,0,0,0,0,0,0,1,0,1,1,34
TXN0003631,2024-02-11T16:06:00,41,M0129,Services,low,C00194,804,87,4378,0.0061,2692.84,netbanking,HDFC,434706,16,6,1,0,0,0,0,0,0,0,0,0,0,59
TXN0003632,2024-02-11T18:10:00,41,M0015,Services,low,C00526,99,14,1086,0.0004,2976.42,card,Axis,515297,18,6,1,0,0,1,0,0,0,0,1,1,0,23
TXN0003633,2024-02-11T13:34:00,41,M0098,Retail,mid,C00068,788,109,6849,0.0242,5753.31,wallet,SBI,415614,13,6,1,0,0,0,0,0,0,0,0,0,0,36
TXN0003634,2024-02-11T03:00:00,41,M0055,Services,mid,C00777,129,7,5640,0.2166,6760.45,netbanking,ICICI,508976,3,6,1,0,1,1,0,0,0,0,1,1,0,70
TXN0003635,2024-02-11T22:12:00,41,M0029,Retail,high,C00168,12,3,1562,0.291,1233.69,card,Canara,529271,22,6,1,0,1,1,0,0,0,1,0,0,0,64
TXN0003636,2024-02-11T08:03:00,41,M0047,Logistics,low,C00716,763,74,18003,0.0019,6412.79,upi,Kotak,484842,8,6,1,0,0,0,0,0,0,0,0,0,0,25
TXN0003637,2024-02-11T22:22:00,41,M0101,Food,low,C00745,236,8,4418,0.0669,1368.55,card,HDFC,445318,22,6,1,0,0,1,0,0,0,1,0,0,0,44
TXN0003638,2024-02-11T15:43:00,41,M0060,Services,high,C00370,780,79,7403,0.0064,5545.68,wallet,Yes,544286,15,6,1,0,0,2,0,0,0,1,0,0,0,72
TXN0003639,2024-02-11T09:50:00,41,M0142,Retail,mid,C00671,931,72,24151,0.0159,12853.3,wallet,Kotak,585397,9,6,1,0,0,0,0,0,0,1,0,0,0,46
TXN0003640,2024-02-11T04:49:00,41,M0149,Services,low,C01157,222,19,5123,0.1224,5413.26,upi,Kotak,506466,4,6,1,0,0,0,0,0,0,0,0,0,0,33
TXN0003641,2024-02-11T17:14:00,41,M0154,Retail,low,C00511,261,20,3457,0.0646,2311.95,wallet,ICICI,573861,17,6,1,0,0,1,0,1,0,0,0,1,0,58
TXN0003642,2024-02-12T12:37:00,42,M0172,Food,mid,C00876,132,11,2499,0.2469,4926.46,netbanking,Yes,463281,12,0,0,0,0,1,0,0,0,0,1,1,0,58
TXN0003643,2024-02-12T18:29:00,42,M0115,Services,high,C01132,288,17,2958,0.0648,2258.01,upi,Yes,457252,18,0,0,11,0,0,0,0,0,0,0,0,0,43
TXN0003644,2024-02-12T11:28:00,42,M0088,Food,low,C01247,8,4,1891,0.0746,2583.37,card,Canara,408881,11,0,0,0,0,0,0,0,0,1,0,0,1,70
TXN0003645,2024-02-12T16:07:00,42,M0068,B2B,low,C00062,23,4,1800,0.1931,14284.1,wallet,PNB,529352,16,0,0,0,0,1,0,0,0,1,0,0,0,71
TXN0003646,2024-02-12T14:44:00,42,M0147,SaaS,mid,C00160,790,83,11529,0.027,16527.41,upi,ICICI,540022,14,0,0,0,0,0,1,0,0,1,1,1,0,55
TXN0003647,2024-02-12T01:53:00,42,M0038,B2B,mid,C00737,14,4,754,0.1322,28812.12,upi,Kotak,502680,1,0,0,0,0,0,0,0,0,1,1,1,0,43
TXN0003648,2024-02-12T18:28:00,42,M0087,Logistics,mid,C01293,247,18,5415,0.1497,13764.19,card,Yes,541264,18,0,0,8,0,0,0,0,0,0,0,0,0,65
TXN0003649,2024-02-12T10:39:00,42,M0114,Logistics,mid,C00315,14,2,1450,0.0587,10670.84,wallet,Yes,406308,10,0,0,0,0,0,0,0,0,1,0,0,1,56
TXN0003650,2024-02-12T11:52:00,42,M0027,Services,high,C00789,251,12,4464,0.0556,1727.11,wallet,Canara,540627,11,0,0,0,0,0,0,0,0,0,0,0,0,31
TXN0003651,2024-02-12T18:02:00,42,M0065,B2B,high,C00755,8,2,1515,0.1589,66787.63,upi,ICICI,487156,18,0,0,0,0,0,0,0,0,1,1,1,0,67
TXN0003652,2024-02-12T23:31:00,42,M0181,Food,high,C00089,216,12,6305,0.0219,3438.42,upi,ICICI,406428,23,0,0,0,0,1,0,0,0,0,0,0,0,45
TXN0003653,2024-02-12T05:39:00,42,M0002,B2B,low,C00926,78,16,1245,0.1055,15096.44,netbanking,HDFC,566535,5,0,0,0,0,0,0,0,0,0,0,1,0,68
TXN0003654,2024-02-12T06:22:00,42,M0076,Services,high,C00280,751,106,20902,0.0051,5834.68,card,HDFC,415849,6,0,0,0,0,2,0,0,0,1,0,0,0,24
TXN0003655,2024-02-12T16:44:00,42,M0133,SaaS,mid,C01471,226,11,7159,0.0178,7375.58,netbanking,HDFC,598607,16,0,0,0,0,0,0,0,0,0,0,0,0,53
TXN0003656,2024-02-12T23:56:00,42,M0067,Food,mid,C00051,7,4,1507,0.0219,2704.79,netbanking,Canara,518695,23,0,0,14,0,0,0,0,0,0,0,0,0,69
TXN0003657,2024-02-12T19:28:00,42,M0142,Retail,mid,C00431,101,14,6598,0.0446,5256.25,netbanking,SBI,576359,19,0,0,0,0,0,0,1,0,0,1,1,0,54
TXN0003658,2024-02-12T16:19:00,42,M0056,Retail,low,C01149,892,51,7931,0.0336,520.02,wallet,Kotak,501264,16,0,0,6,0,0,0,0,0,0,0,0,0,36
TXN0003659,2024-02-12T09:46:00,42,M0036,Retail,low,C00902,20,3,575,0.048,1911.39,wallet,Yes,447343,9,0,0,0,0,1,0,0,0,0,0,0,1,63
TXN0003660,2024-02-12T08:32:00,42,M0193,B2B,low,C01342,17,4,1571,0.174,12423.94,upi,Yes,457776,8,0,0,0,0,0,0,0,0,0,0,0,1,62
TXN0003661,2024-02-12T13:58:00,42,M0052,Logistics,mid,C01295,16,2,1433,0.053,10151.07,netbanking,Yes,426455,13,0,0,0,0,0,0,0,0,0,1,1,0,26
TXN0003662,2024-02-12T06:23:00,42,M0135,Retail,low,C00524,820,108,23678,0.0222,5309.27,card,Canara,492117,6,0,0,0,1,2,0,0,0,0,0,0,0,51
TXN0003663,2024-02-12T02:10:00,42,M0139,Logistics,low,C01233,239,11,5229,0.0346,5469.19,upi,HDFC,532643,2,0,0,0,0,0,0,0,0,0,1,1,0,43
TXN0003664,2024-02-12T13:21:00,42,M0150,Retail,mid,C01132,288,17,2958,0.0648,7448.66,upi,PNB,456335,13,0,0,1,1,1,0,0,0,0,0,0,0,52
TXN0003665,2024-02-12T08:51:00,42,M0026,Retail,high,C00878,273,9,7241,0.0281,4542.36,upi,Axis,444293,8,0,0,0,0,0,0,0,0,0,0,0,0,21
TXN0003666,2024-02-12T22:32:00,42,M0020,B2B,low,C00419,844,108,13878,0.0154,48307.76,netbanking,SBI,466311,22,0,0,0,0,0,0,0,1,1,1,1,0,56
TXN0003667,2024-02-12T15:18:00,42,M0026,Retail,high,C00990,18,3,1979,0.06,1703.22,card,HDFC,578795,15,0,0,0,0,1,0,0,0,0,0,0,1,55
TXN0003668,2024-02-12T14:18:00,42,M0148,SaaS,mid,C00709,766,99,13908,0.0162,15144.31,wallet,Canara,577139,14,0,0,0,0,1,0,0,0,1,0,0,0,19
TXN0003669,2024-02-12T21:50:00,42,M0111,Logistics,low,C00575,241,8,3584,0.1231,10692.09,wallet,Axis,413016,21,0,0,0,0,0,0,0,0,0,0,0,0,40
TXN0003670,2024-02-12T12:13:00,42,M0033,Logistics,low,C00953,11,2,921,0.0534,11996.91,wallet,HDFC,517728,12,0,0,0,0,0,0,0,0,0,0,0,1,43
TXN0003671,2024-02-12T19:52:00,42,M0072,SaaS,high,C00827,171,18,1761,0.0162,1013.16,wallet,PNB,549106,19,0,0,0,0,0,0,0,0,0,0,0,0,12
TXN0003672,2024-02-12T17:35:00,42,M0046,SaaS,high,C00589,17,3,1307,0.109,2610.14,wallet,Canara,497521,17,0,0,0,0,0,0,0,0,0,0,0,0,30
TXN0003673,2024-02-12T16:35:00,42,M0195,Food,high,C01045,242,16,5617,0.1198,2507.69,wallet,Kotak,415465,16,0,0,0,0,0,0,0,0,1,0,0,0,58
TXN0003674,2024-02-12T22:49:00,42,M0090,Logistics,mid,C01332,12,1,573,0.2078,6747.02,netbanking,Canara,436226,22,0,0,0,0,0,0,0,0,0,0,0,0,47
TXN0003675,2024-02-12T04:08:00,42,M0025,Food,mid,C00775,14,3,1392,0.0331,353.5,wallet,Axis,431907,4,0,0,0,0,1,1,0,0,1,1,1,0,28
TXN0003676,2024-02-12T04:42:00,42,M0125,Retail,low,C01210,5,3,1470,0.1267,952.97,upi,HDFC,491914,4,0,0,0,0,0,0,0,0,1,0,0,1,24
TXN0003677,2024-02-12T12:02:00,42,M0151,Food,low,C00796,981,110,16531,0.053,5901.13,upi,ICICI,569069,12,0,0,0,0,0,0,0,0,1,0,0,0,42
TXN0003678,2024-02-12T09:47:00,42,M0136,Logistics,mid,C00257,237,11,4924,0.0529,22955.91,upi,SBI,561731,9,0,0,0,0,1,0,0,0,0,0,0,0,34
TXN0003679,2024-02-12T16:11:00,42,M0139,Logistics,low,C01118,9,3,1462,0.0622,7968.05,upi,SBI,569632,16,0,0,0,0,0,0,0,0,0,0,0,1,14
TXN0003680,2024-02-12T14:30:00,42,M0083,B2B,low,C00076,287,20,5432,0.1246,15361.84,upi,Kotak,425367,14,0,0,0,0,0,0,0,0,0,0,0,0,72
TXN0003681,2024-02-12T17:38:00,42,M0033,Logistics,low,C01277,952,104,4871,0.0312,5650.57,card,Canara,408271,17,0,0,0,0,0,0,0,0,1,0,0,0,47
TXN0003682,2024-02-12T23:41:00,42,M0082,B2B,high,C00856,21,4,967,0.023,22111.18,card,Canara,490565,23,0,0,0,0,1,1,0,0,0,1,1,0,43
TXN0003683,2024-02-12T17:24:00,42,M0014,Logistics,high,C01459,135,16,1193,0.0681,8173.0,upi,ICICI,516654,17,0,0,0,0,0,0,0,0,1,0,0,0,21
TXN0003684,2024-02-12T22:57:00,42,M0060,Services,high,C00114,71,12,4237,0.0363,2458.76,netbanking,Canara,488170,22,0,0,0,0,0,0,0,0,0,0,0,0,23
TXN0003685,2024-02-12T10:50:00,42,M0080,Logistics,low,C00648,18,1,1683,0.0793,6361.6,netbanking,Yes,415764,10,0,0,0,0,0,0,0,0,0,0,0,1,28
TXN0003686,2024-02-12T12:57:00,42,M0159,Services,low,C01332,12,1,573,0.2078,1262.36,netbanking,Axis,534413,12,0,0,1,1,1,1,1,0,1,1,1,0,12
TXN0003687,2024-02-12T10:21:00,42,M0184,Logistics,high,C00620,957,114,3817,0.0332,16121.6,wallet,HDFC,492066,10,0,0,0,0,0,0,0,0,0,0,0,1,58
TXN0003688,2024-02-12T09:41:00,42,M0037,Retail,mid,C01272,201,11,2005,0.0898,2166.01,netbanking,Yes,448400,9,0,0,8,0,0,0,0,0,0,0,0,0,56
TXN0003689,2024-02-12T09:46:00,42,M0148,SaaS,mid,C01299,983,75,8895,0.0443,2899.3,wallet,Axis,453777,9,0,0,0,0,0,0,0,0,0,0,0,0,46
TXN0003690,2024-02-12T16:03:00,42,M0162,Services,high,C00171,127,11,7282,0.1708,9456.09,card,Yes,478501,16,0,0,0,0,0,0,0,0,0,0,0,0,34
TXN0003691,2024-02-12T10:14:00,42,M0037,Retail,mid,C00284,22,2,1162,0.105,1900.75,card,Canara,581260,10,0,0,6,0,0,0,0,0,0,0,0,1,50
TXN0003692,2024-02-12T14:39:00,42,M0113,Services,high,C00182,15,4,1563,0.0823,1595.42,netbanking,Yes,410467,14,0,0,0,0,0,0,0,0,0,0,0,0,24
TXN0003693,2024-02-12T08:51:00,42,M0192,B2B,mid,C00536,12,4,1407,0.0616,42478.19,upi,SBI,594233,8,0,0,0,0,0,0,0,0,0,0,1,1,45
TXN0003694,2024-02-12T14:35:00,42,M0031,Food,mid,C00292,13,1,1840,0.0605,1588.72,wallet,Yes,404680,14,0,0,0,0,0,0,0,0,0,0,0,1,54
TXN0003695,2024-02-12T09:54:00,42,M0165,Services,low,C00268,238,19,3612,0.0522,2616.52,wallet,Kotak,428805,9,0,0,0,0,1,1,0,0,0,1,1,0,15
TXN0003696,2024-02-12T07:02:00,42,M0002,B2B,low,C01266,71,5,6896,0.0768,15059.35,wallet,SBI,446473,7,0,0,0,0,0,0,0,0,0,0,0,0,36
TXN0003697,2024-02-12T14:14:00,42,M0072,SaaS,high,C00072,298,15,2545,0.0745,1868.47,upi,Canara,531126,14,0,0,0,0,1,0,0,0,0,0,0,0,40
TXN0003698,2024-02-12T14:59:00,42,M0028,Retail,mid,C00345,5,4,1662,0.0094,2534.78,netbanking,Yes,576276,14,0,0,0,0,1,1,0,0,0,0,1,1,59
TXN0003699,2024-02-12T11:43:00,42,M0063,SaaS,high,C00223,948,113,4536,0.0514,2422.29,netbanking,Axis,555782,11,0,0,0,0,1,0,0,0,0,0,0,0,72
TXN0003700,2024-02-12T06:46:00,42,M0001,Retail,high,C00198,25,4,1477,0.1421,1546.55,netbanking,SBI,504223,6,0,0,0,0,0,0,0,0,0,0,0,0,49
TXN0003701,2024-02-12T20:52:00,42,M0011,Food,low,C01089,837,118,6807,0.0,6218.62,upi,Kotak,551499,20,0,0,0,0,0,1,0,0,0,1,1,0,50
TXN0003702,2024-02-12T19:41:00,42,M0140,Logistics,high,C01330,256,7,6365,0.0174,26909.35,upi,Canara,478188,19,0,0,0,0,1,0,1,0,1,1,1,0,52
TXN0003703,2024-02-12T06:57:00,42,M0170,Logistics,mid,C00531,823,67,12489,0.0024,14449.64,netbanking,SBI,404292,6,0,0,0,0,0,0,0,0,1,1,1,0,31
TXN0003704,2024-02-12T14:23:00,42,M0195,Food,high,C00316,98,5,4359,0.0106,3290.51,upi,Kotak,440165,14,0,0,0,0,0,0,0,0,0,0,0,0,57
TXN0003705,2024-02-12T06:46:00,42,M0074,Services,high,C00477,21,4,806,0.0824,936.01,card,Axis,448057,6,0,0,0,0,0,0,0,0,0,0,0,0,66
TXN0003706,2024-02-12T02:00:00,42,M0180,Food,low,C00579,15,4,1845,0.033,809.25,card,Yes,548136,2,0,0,0,0,1,0,0,0,0,0,0,1,28
TXN0003707,2024-02-12T12:27:00,42,M0005,Logistics,high,C00088,270,16,1887,0.1236,13026.08,netbanking,ICICI,488528,12,0,0,0,0,0,0,0,0,0,0,0,1,59
TXN0003708,2024-02-12T12:21:00,42,M0011,Food,low,C00712,22,1,1648,0.1887,1694.47,wallet,PNB,500314,12,0,0,0,0,1,0,0,0,0,0,0,0,68
TXN0003709,2024-02-12T12:49:00,42,M0149,Services,low,C00174,247,16,4266,0.0312,1282.55,card,ICICI,576775,12,0,0,0,0,0,0,0,0,0,0,0,0,59
TXN0003710,2024-02-12T05:15:00,42,M0142,Retail,mid,C01133,187,8,7592,0.01,11763.53,wallet,Kotak,550507,5,0,0,0,0,1,0,0,0,0,1,1,0,43
TXN0003711,2024-02-12T20:03:00,42,M0009,Retail,low,C00659,113,16,1445,0.1625,2075.86,netbanking,ICICI,422990,20,0,0,0,0,1,0,0,0,0,0,0,0,72
TXN0003712,2024-02-12T13:49:00,42,M0146,Food,mid,C00988,21,3,1506,0.0789,1861.1,card,PNB,454217,13,0,0,0,0,1,0,0,0,1,0,0,1,26
TXN0003713,2024-02-12T09:11:00,42,M0137,B2B,mid,C00292,13,1,1840,0.0605,28193.6,wallet,Yes,448135,9,0,0,1,1,1,0,0,0,0,0,1,1,56
TXN0003714,2024-02-12T20:14:00,42,M0101,Food,low,C00841,186,14,1303,0.0839,1438.32,upi,Kotak,445228,20,0,0,0,0,0,0,0,0,0,0,0,0,20
TXN0003715,2024-02-12T17:40:00,42,M0044,Logistics,low,C00075,161,7,7977,0.0608,9010.85,wallet,Canara,451393,17,0,0,0,0,0,0,1,0,0,1,1,0,56
TXN0003716,2024-02-12T07:27:00,42,M0051,Food,low,C01298,215,13,7519,0.0801,2108.08,upi,Canara,515933,7,0,0,0,0,0,0,0,0,0,0,0,0,39
TXN0003717,2024-02-12T08:29:00,42,M0103,Services,low,C00028,842,112,10190,0.0064,6091.7,upi,PNB,411576,8,0,0,0,0,2,0,0,0,0,0,0,0,48
TXN0003718,2024-02-12T06:57:00,42,M0065,B2B,high,C00010,111,19,3864,0.0703,33637.77,netbanking,Yes,500142,6,0,0,0,0,0,0,0,0,0,1,1,0,69
TXN0003719,2024-02-12T17:46:00,42,M0016,Services,high,C00480,20,4,1217,0.0927,1046.13,card,Yes,499167,17,0,0,0,0,0,0,0,0,0,0,0,0,42
TXN0003720,2024-02-12T14:33:00,42,M0058,B2B,low,C00817,276,9,2012,0.075,39116.47,upi,ICICI,573577,14,0,0,0,0,0,0,0,0,1,1,1,0,33
TXN0003721,2024-02-12T09:40:00,42,M0061,Services,low,C00554,25,3,1881,0.1038,4633.04,wallet,PNB,518549,9,0,0,0,0,0,0,0,0,0,0,0,1,34
TXN0003722,2024-02-12T17:15:00,42,M0105,SaaS,high,C00200,274,10,1297,0.0557,462.11,wallet,Yes,524832,17,0,0,0,0,2,0,1,0,0,1,1,0,42
TXN0003723,2024-02-12T08:53:00,42,M0174,SaaS,low,C01009,228,8,7015,0.0619,5925.51,upi,PNB,558340,8,0,0,0,0,0,0,0,0,0,0,0,0,17
TXN0003724,2024-02-12T11:09:00,42,M0131,Logistics,high,C00138,299,8,6827,0.2364,16354.66,netbanking,ICICI,576602,11,0,0,0,0,2,0,1,0,0,1,1,0,45
TXN0003725,2024-02-12T09:03:00,42,M0192,B2B,mid,C01198,23,3,1138,0.1846,14360.73,netbanking,Canara,458675,9,0,0,0,0,2,0,0,0,0,1,1,0,23
TXN0003726,2024-02-12T11:04:00,42,M0071,Retail,low,C00670,6,4,1295,0.065,1626.01,wallet,HDFC,564142,11,0,0,14,0,0,0,0,0,0,0,0,1,71
TXN0003727,2024-02-12T10:28:00,42,M0191,Logistics,high,C00604,289,17,7719,0.0208,16576.75,upi,Yes,533316,10,0,0,11,0,0,0,0,0,0,0,0,0,26
TXN0003728,2024-02-12T11:35:00,42,M0100,Retail,low,C00675,765,119,10400,0.0,5620.17,upi,Canara,590308,11,0,0,0,0,2,0,0,0,0,0,0,0,39
TXN0003729,2024-02-12T02:16:00,42,M0027,Services,high,C01282,19,1,1400,0.0645,2499.7,netbanking,Kotak,417667,2,0,0,0,0,0,0,1,0,0,1,1,0,69
TXN0003730,2024-02-12T14:04:00,42,M0181,Food,high,C00346,23,1,1516,0.0407,463.41,netbanking,Canara,507346,14,0,0,0,0,0,0,0,0,1,0,0,0,31
TXN0003731,2024-02-12T16:13:00,42,M0127,Food,low,C00769,20,4,1474,0.1538,1112.25,netbanking,SBI,566071,16,0,0,0,0,1,0,0,0,0,0,0,0,30
TXN0003732,2024-02-12T23:50:00,42,M0010,SaaS,high,C00641,110,11,6582,0.129,5021.48,upi,Axis,536505,23,0,0,0,0,0,0,0,0,1,1,1,0,55
TXN0003733,2024-02-12T22:43:00,42,M0199,SaaS,mid,C00109,18,1,1747,0.0464,706.96,netbanking,SBI,556618,22,0,0,0,0,0,1,0,0,0,1,1,0,28
TXN0003734,2024-02-12T11:54:00,42,M0180,Food,low,C00676,205,16,3731,0.1246,2732.52,card,Kotak,589242,11,0,0,0,0,0,0,0,1,1,0,0,0,15
TXN0003735,2024-02-13T07:50:00,43,M0107,SaaS,mid,C00016,23,3,1452,0.0798,1433.02,upi,HDFC,572320,7,1,0,0,0,1,0,0,0,0,0,0,0,18
TXN0003736,2024-02-13T11:23:00,43,M0157,SaaS,mid,C01236,957,100,4823,0.0537,4184.8,card,Yes,565491,11,1,0,0,0,1,0,0,0,0,0,0,0,29
TXN0003737,2024-02-13T06:42:00,43,M0142,Retail,mid,C00780,270,19,3194,0.1202,3395.81,card,PNB,582152,6,1,0,0,0,0,0,0,0,0,0,0,0,24
TXN0003738,2024-02-13T11:16:00,43,M0028,Retail,mid,C00374,295,16,6772,0.0438,2965.2,card,Kotak,580188,11,1,0,0,0,0,1,0,0,0,1,1,0,64
TXN0003739,2024-02-13T16:48:00,43,M0029,Retail,high,C01346,8,1,1368,0.0887,1320.41,card,Yes,465139,16,1,0,0,0,0,0,0,0,0,0,0,0,29
TXN0003740,2024-02-13T18:22:00,43,M0042,Logistics,mid,C00649,917,54,4240,0.0152,15990.34,wallet,Yes,443733,18,1,0,0,0,1,0,0,0,0,0,0,1,62
TXN0003741,2024-02-13T08:18:00,43,M0046,SaaS,high,C01058,295,6,5975,0.0554,2664.98,wallet,ICICI,574443,8,1,0,0,0,0,0,0,0,0,0,0,0,68
TXN0003742,2024-02-13T01:47:00,43,M0046,SaaS,high,C00832,105,10,7905,0.0538,6023.37,wallet,Yes,497368,1,1,0,0,0,0,0,0,0,0,1,1,0,47
TXN0003743,2024-02-13T07:38:00,43,M0065,B2B,high,C00236,165,9,7902,0.1522,30563.73,card,Kotak,513175,7,1,0,0,0,0,0,0,0,0,1,1,0,64
TXN0003744,2024-02-13T09:21:00,43,M0170,Logistics,mid,C00488,73,10,4187,0.0391,10012.93,upi,Yes,594504,9,1,0,0,0,0,0,0,0,0,0,0,0,59
TXN0003745,2024-02-13T13:18:00,43,M0106,Services,high,C00749,21,1,1460,0.0459,2323.1,netbanking,HDFC,493859,13,1,0,0,0,0,0,1,0,0,1,1,0,22
TXN0003746,2024-02-13T12:09:00,43,M0014,Logistics,high,C01466,15,3,1413,0.1741,9872.65,upi,Yes,576240,12,1,0,6,0,0,0,0,0,0,0,0,1,13
TXN0003747,2024-02-13T19:59:00,43,M0196,Retail,low,C00414,216,6,1095,0.0964,521.17,card,Kotak,599505,19,1,0,0,0,0,0,0,0,0,0,0,0,60
TXN0003748,2024-02-13T09:37:00,43,M0120,Food,low,C01313,19,3,724,0.1902,2469.54,netbanking,Canara,515588,9,1,0,0,0,1,0,0,0,0,0,0,1,17
TXN0003749,2024-02-13T20:39:00,43,M0170,Logistics,mid,C00172,224,14,4956,0.0526,13882.51,netbanking,PNB,405266,20,1,0,0,0,1,0,0,0,0,0,0,0,32
TXN0003750,2024-02-13T13:18:00,43,M0051,Food,low,C00039,99,18,2442,0.1739,994.87,netbanking,Kotak,400845,13,1,0,0,0,0,0,1,0,0,1,1,0,30
TXN0003751,2024-02-13T16:20:00,43,M0157,SaaS,mid,C00734,20,3,635,0.1512,503.53,card,PNB,573622,16,1,0,0,0,0,0,0,0,1,0,0,0,50
TXN0003752,2024-02-13T18:40:00,43,M0184,Logistics,high,C00413,170,12,4947,0.0694,6637.49,wallet,Yes,410556,18,1,0,0,0,0,0,0,0,0,0,0,0,46
TXN0003753,2024-02-13T12:57:00,43,M0112,Logistics,mid,C01313,19,3,724,0.1902,8728.52,card,Kotak,583764,12,1,0,12,1,2,0,0,0,1,0,0,1,23
TXN0003754,2024-02-13T06:55:00,43,M0018,SaaS,high,C01187,158,12,5721,0.2214,4011.41,card,Kotak,559182,6,1,0,0,0,0,0,0,0,1,0,0,0,56
TXN0003755,2024-02-13T01:54:00,43,M0103,Services,low,C00169,92,14,6033,0.1224,5087.14,netbanking,HDFC,414405,1,1,0,0,0,0,0,0,0,0,0,0,0,20
TXN0003756,2024-02-13T06:13:00,43,M0106,Services,high,C01361,202,18,6341,0.0707,5883.89,netbanking,ICICI,509111,6,1,0,0,0,0,0,0,0,0,0,0,0,72
TXN0003757,2024-02-13T11:34:00,43,M0066,Food,mid,C00688,102,19,2995,0.0255,1315.13,netbanking,SBI,518596,11,1,0,0,0,2,0,0,0,1,0,0,0,58
TXN0003758,2024-02-13T05:19:00,43,M0017,B2B,low,C01095,777,113,8947,0.0105,33099.61,netbanking,Yes,545945,5,1,0,0,0,2,0,0,0,0,0,1,1,32
TXN0003759,2024-02-13T12:48:00,43,M0036,Retail,low,C00820,792,100,15240,0.0131,6263.0,netbanking,Axis,497325,12,1,0,0,0,1,0,0,0,0,0,0,0,33
TXN0003760,2024-02-13T18:51:00,43,M0056,Retail,low,C01426,201,11,7965,0.1505,2765.37,wallet,ICICI,555528,18,1,0,0,0,0,0,1,0,0,1,1,0,12
TXN0003761,2024-02-13T19:28:00,43,M0033,Logistics,low,C00087,17,3,684,0.0884,7411.53,upi,Canara,469279,19,1,0,0,0,0,0,0,0,0,1,1,0,41
TXN0003762,2024-02-13T02:45:00,43,M0010,SaaS,high,C00955,271,17,5954,0.1364,2245.68,wallet,Axis,490666,2,1,0,0,0,0,0,0,0,0,1,1,0,24
TXN0003763,2024-02-13T18:03:00,43,M0070,Services,low,C01298,215,13,7519,0.0801,2500.71,card,Canara,416940,18,1,0,0,0,1,1,0,0,1,1,1,0,71
TXN0003764,2024-02-13T09:16:00,43,M0149,Services,low,C01055,6,1,1085,0.0767,8044.04,upi,Kotak,411228,9,1,0,0,0,3,0,0,0,1,0,0,1,34
TXN0003765,2024-02-13T14:05:00,43,M0187,SaaS,high,C01383,16,3,833,0.1456,568.63,netbanking,ICICI,582963,14,1,0,0,0,0,0,1,0,0,1,1,0,69
TXN0003766,2024-02-13T08:04:00,43,M0001,Retail,high,C00235,294,6,5292,0.0091,1906.61,netbanking,SBI,560614,8,1,0,0,0,1,0,0,0,1,0,0,0,38
TXN0003767,2024-02-13T17:05:00,43,M0054,Retail,mid,C00193,299,13,3357,0.0334,2800.9,upi,Yes,507957,17,1,0,0,0,1,0,0,0,0,0,0,0,70
TXN0003768,2024-02-13T19:38:00,43,M0140,Logistics,high,C00687,211,10,3748,0.0173,9445.81,upi,ICICI,509473,19,1,0,0,0,0,0,1,0,1,1,1,0,54
TXN0003769,2024-02-13T20:14:00,43,M0015,Services,low,C00251,10,4,1419,0.1389,2238.17,card,Yes,542171,20,1,0,0,0,1,0,0,0,0,0,0,0,29
TXN0003770,2024-02-13T20:23:00,43,M0134,Services,low,C00696,22,2,823,0.2265,1675.28,wallet,HDFC,474321,20,1,0,0,0,0,0,0,0,0,0,0,0,58
TXN0003771,2024-02-13T08:31:00,43,M0004,Logistics,low,C00110,61,10,2173,0.1347,23485.54,card,ICICI,488640,8,1,0,0,0,0,0,1,0,0,1,1,0,17
TXN0003772,2024-02-13T09:20:00,43,M0090,Logistics,mid,C00946,172,19,7987,0.0982,2256.7,netbanking,Yes,436778,9,1,0,7,0,0,0,0,0,0,0,0,0,39
TXN0003773,2024-02-13T10:31:00,43,M0112,Logistics,mid,C01326,15,3,1882,0.0626,3268.33,card,PNB,561690,10,1,0,0,0,1,1,0,0,0,1,1,0,31
TXN0003774,2024-02-13T11:36:00,43,M0171,Retail,low,C00302,195,5,3958,0.0569,3374.45,wallet,Canara,519729,11,1,0,0,0,0,0,1,0,0,1,1,0,68
TXN0003775,2024-02-13T18:00:00,43,M0080,Logistics,low,C00903,25,4,727,0.0815,6447.71,card,ICICI,545814,18,1,0,1,0,0,0,0,0,0,1,1,0,12
TXN0003776,2024-02-13T09:19:00,43,M0156,Services,mid,C01036,209,8,7172,0.1514,1522.86,card,PNB,486930,9,1,0,0,0,0,0,0,0,0,0,0,0,39
TXN0003777,2024-02-13T05:45:00,43,M0118,Retail,mid,C01429,6,4,1564,0.0259,4717.23,netbanking,SBI,535880,5,1,0,0,0,0,0,0,0,0,0,0,0,22
TXN0003778,2024-02-13T16:09:00,43,M0081,Logistics,high,C00097,5,3,987,0.1265,6418.73,wallet,SBI,488779,16,1,0,0,0,0,0,0,0,0,0,0,0,67
TXN0003779,2024-02-13T14:24:00,43,M0048,SaaS,mid,C01371,76,11,7758,0.0835,6041.01,card,ICICI,456225,14,1,0,0,0,0,0,0,0,1,0,0,0,56
TXN0003780,2024-02-13T13:05:00,43,M0101,Food,low,C00092,746,97,10119,0.0086,5277.89,card,HDFC,529226,13,1,0,0,0,1,1,0,0,0,0,1,1,69
TXN0003781,2024-02-13T15:47:00,43,M0181,Food,high,C00107,756,86,22674,0.0092,8546.31,netbanking,Canara,483619,15,1,0,0,0,1,0,0,0,0,0,0,0,69
TXN0003782,2024-02-13T16:29:00,43,M0075,Retail,mid,C00757,18,3,1376,0.032,2910.79,upi,Axis,561183,16,1,0,0,0,0,0,0,0,1,0,0,1,29
TXN0003783,2024-02-13T16:15:00,43,M0099,B2B,low,C01100,9,4,1652,0.2786,17789.26,upi,Axis,444886,16,1,0,0,0,0,0,0,0,1,0,0,1,36
TXN0003784,2024-02-13T07:10:00,43,M0110,Food,high,C00929,9,4,1841,0.0442,2153.83,upi,PNB,416763,7,1,0,0,0,0,0,0,0,0,0,0,1,21
TXN0003785,2024-02-13T20:32:00,43,M0106,Services,high,C01339,5,4,1990,0.0703,8580.75,netbanking,ICICI,400642,20,1,0,0,0,0,0,0,0,0,0,0,0,53
TXN0003786,2024-02-13T20:15:00,43,M0132,Food,mid,C01104,912,59,23175,0.0085,8557.35,card,Axis,427710,20,1,0,0,0,0,0,0,0,0,0,0,0,51
TXN0003787,2024-02-13T10:05:00,43,M0063,SaaS,high,C00247,904,100,13694,0.0007,22777.66,netbanking,Canara,476572,10,1,0,0,0,0,0,0,0,0,1,1,0,57
TXN0003788,2024-02-13T13:52:00,43,M0132,Food,mid,C00138,299,8,6827,0.2364,3392.57,card,Kotak,419637,13,1,0,0,0,3,0,0,0,1,0,0,0,23
TXN0003789,2024-02-13T18:01:00,43,M0090,Logistics,mid,C01174,13,1,894,0.1125,10601.57,netbanking,PNB,518988,18,1,0,0,0,0,0,0,0,1,0,0,0,29
TXN0003790,2024-02-13T11:13:00,43,M0027,Services,high,C00180,200,13,7760,0.0326,3875.97,upi,Axis,424445,11,1,0,0,0,1,0,0,0,0,0,0,0,65
TXN0003791,2024-02-13T19:37:00,43,M0167,SaaS,low,C00732,243,18,4028,0.0667,3421.97,wallet,Yes,495704,19,1,0,0,0,0,0,0,0,0,0,0,0,38
TXN0003792,2024-02-13T19:35:00,43,M0129,Services,low,C00533,246,5,2907,0.0373,3471.32,wallet,SBI,413274,19,1,0,0,0,2,0,0,0,0,0,0,0,52
TXN0003793,2024-02-13T12:52:00,43,M0195,Food,high,C00397,20,3,885,0.0456,422.77,wallet,ICICI,471896,12,1,0,0,0,0,0,0,0,0,0,0,1,36
TXN0003794,2024-02-13T11:57:00,43,M0142,Retail,mid,C00656,24,3,1063,0.0277,1511.0,netbanking,Kotak,554089,11,1,0,0,0,0,0,0,0,1,0,0,0,19
TXN0003795,2024-02-13T15:51:00,43,M0060,Services,high,C00751,13,3,1221,0.0318,4865.94,card,ICICI,557240,15,1,0,0,0,0,0,0,0,1,1,1,0,30
TXN0003796,2024-02-13T13:17:00,43,M0081,Logistics,high,C00062,23,4,1800,0.1931,7787.11,card,Kotak,413554,13,1,0,13,1,2,0,0,0,0,0,0,0,63
TXN0003797,2024-02-13T08:14:00,43,M0015,Services,low,C00347,7,3,1414,0.0066,5702.25,wallet,Canara,567074,8,1,0,0,0,0,0,0,0,0,0,0,0,66
TXN0003798,2024-02-13T15:50:00,43,M0029,Retail,high,C00519,12,3,1935,0.1677,1622.91,netbanking,Axis,544471,15,1,0,8,0,0,0,0,0,0,0,0,0,25
TXN0003799,2024-02-13T19:16:00,43,M0186,B2B,mid,C00475,116,18,5922,0.0285,45147.13,card,PNB,519249,19,1,0,0,0,1,0,0,0,0,0,1,0,50
TXN0003800,2024-02-13T00:31:00,43,M0098,Retail,mid,C00055,7,2,505,0.0761,650.4,upi,SBI,575232,0,1,0,0,0,0,0,0,0,0,0,0,1,18
TXN0003801,2024-02-13T15:13:00,43,M0199,SaaS,mid,C01367,216,9,6780,0.1966,6436.58,netbanking,Kotak,440177,15,1,0,0,0,0,0,0,0,1,0,0,0,21
TXN0003802,2024-02-13T11:09:00,43,M0198,Food,mid,C01034,206,20,3242,0.1247,1331.84,netbanking,Kotak,589624,11,1,0,0,0,0,0,0,0,1,0,0,0,49
TXN0003803,2024-02-13T20:23:00,43,M0135,Retail,low,C00253,122,10,6614,0.0795,3588.93,wallet,Yes,404004,20,1,0,0,0,1,1,0,0,0,1,1,0,48
TXN0003804,2024-02-13T12:09:00,43,M0062,B2B,low,C00680,76,14,5093,0.1005,17692.59,netbanking,Kotak,537535,12,1,0,0,0,0,0,1,0,1,1,1,0,53
TXN0003805,2024-02-13T08:18:00,43,M0067,Food,mid,C00605,13,3,1579,0.0919,1986.88,wallet,HDFC,428381,8,1,0,0,0,0,1,1,0,0,1,1,0,60
TXN0003806,2024-02-13T10:39:00,43,M0002,B2B,low,C00481,9,3,1477,0.2252,33587.57,upi,Kotak,549505,10,1,0,0,0,0,0,1,0,1,1,1,0,19
TXN0003807,2024-02-13T09:54:00,43,M0101,Food,low,C01446,83,11,7007,0.0191,1356.66,netbanking,Kotak,497882,9,1,0,0,0,0,0,0,0,1,0,0,0,13
TXN0003808,2024-02-13T09:33:00,43,M0166,SaaS,mid,C01368,758,106,23888,0.0261,3711.76,upi,HDFC,552486,9,1,0,0,0,0,0,0,0,1,0,0,0,14
TXN0003809,2024-02-13T07:52:00,43,M0032,Food,low,C01231,995,108,4780,0.002,3044.85,wallet,Canara,453494,7,1,0,0,0,0,0,0,0,0,0,0,0,66
TXN0003810,2024-02-13T10:51:00,43,M0108,Food,high,C01430,24,1,1398,0.0992,1090.26,upi,Axis,542644,10,1,0,0,0,0,0,0,0,0,0,0,1,55
TXN0003811,2024-02-13T16:19:00,43,M0092,Food,low,C01168,266,17,7311,0.0744,3499.2,netbanking,Canara,475384,16,1,0,0,0,0,0,0,0,0,0,0,0,49
TXN0003812,2024-02-13T00:09:00,43,M0048,SaaS,mid,C00937,921,82,21040,0.0016,1697.55,netbanking,PNB,417008,0,1,0,0,0,1,0,0,0,1,1,1,0,64
TXN0003813,2024-02-13T14:47:00,43,M0086,Retail,high,C01145,19,4,1574,0.0565,2059.76,card,Canara,540250,14,1,0,0,0,1,1,0,0,0,1,1,0,71
TXN0003814,2024-02-13T13:25:00,43,M0092,Food,low,C00796,981,110,16531,0.053,7668.33,netbanking,Kotak,467566,13,1,0,0,0,1,0,0,0,0,0,0,0,40
TXN0003815,2024-02-13T15:52:00,43,M0113,Services,high,C00577,64,16,6605,0.0782,3862.82,wallet,Kotak,480760,15,1,0,0,0,0,1,0,0,0,0,1,0,15
TXN0003816,2024-02-13T22:20:00,43,M0178,Logistics,low,C00993,8,1,1819,0.1277,10074.03,wallet,Kotak,467719,22,1,0,0,0,0,0,0,0,1,0,0,0,52
TXN0003817,2024-02-13T12:15:00,43,M0065,B2B,high,C01224,168,17,1803,0.2423,26814.61,card,HDFC,596179,12,1,0,0,0,1,0,0,0,0,1,1,0,61
TXN0003818,2024-02-13T18:46:00,43,M0147,SaaS,mid,C00057,299,11,4482,0.0391,2015.72,card,ICICI,468430,18,1,0,0,0,1,0,0,0,0,0,0,0,65
TXN0003819,2024-02-14T10:29:00,44,M0016,Services,high,C00096,97,5,3271,0.041,2280.76,upi,SBI,439911,10,2,0,0,0,1,0,0,0,0,0,0,0,53
TXN0003820,2024-02-14T15:35:00,44,M0088,Food,low,C01102,18,2,502,0.0708,1366.26,upi,Canara,507149,15,2,0,0,0,0,0,0,0,1,0,0,1,26
TXN0003821,2024-02-14T09:55:00,44,M0004,Logistics,low,C01419,11,2,726,0.1334,4513.84,wallet,Canara,527285,9,2,0,0,0,1,0,0,0,0,0,0,1,63
TXN0003822,2024-02-14T09:46:00,44,M0119,Retail,high,C00427,24,3,1936,0.0865,572.69,upi,SBI,470253,9,2,0,0,0,0,0,0,0,0,0,0,0,19
TXN0003823,2024-02-14T16:21:00,44,M0036,Retail,low,C00076,287,20,5432,0.1246,11089.97,card,Axis,491267,16,2,0,0,0,1,0,0,0,0,0,0,0,34
TXN0003824,2024-02-14T18:17:00,44,M0020,B2B,low,C00647,25,4,1433,0.0659,8258.32,card,Kotak,499704,18,2,0,0,0,0,1,0,0,0,1,1,0,46
TXN0003825,2024-02-14T00:49:00,44,M0013,Logistics,high,C00598,256,19,3365,0.1542,3192.0,card,HDFC,471487,0,2,0,0,0,0,0,0,0,0,0,0,0,60
TXN0003826,2024-02-14T04:54:00,44,M0073,SaaS,high,C01101,22,3,1785,0.1531,1598.89,netbanking,SBI,597251,4,2,0,0,0,0,0,0,0,0,0,0,1,58
TXN0003827,2024-02-14T18:02:00,44,M0147,SaaS,mid,C00275,197,10,5545,0.0476,1814.75,card,HDFC,487738,18,2,0,0,0,0,0,0,0,0,0,0,0,46
TXN0003828,2024-02-14T19:27:00,44,M0158,Retail,low,C00634,92,8,4323,0.2108,7889.93,wallet,Yes,549020,19,2,0,0,0,0,0,0,0,0,0,0,0,71
TXN0003829,2024-02-14T20:07:00,44,M0063,SaaS,high,C01069,740,66,8096,0.0128,2850.22,wallet,Axis,527220,20,2,0,0,0,0,0,0,0,0,0,0,0,25
TXN0003830,2024-02-14T16:04:00,44,M0152,Retail,high,C00475,116,18,5922,0.0285,8150.39,upi,Axis,431438,16,2,0,0,1,2,0,0,1,0,0,0,0,58
TXN0003831,2024-02-14T20:55:00,44,M0126,B2B,low,C00241,746,61,16280,0.0092,34235.49,wallet,Kotak,464380,20,2,0,0,0,0,0,0,0,0,1,1,0,52
TXN0003832,2024-02-14T09:18:00,44,M0036,Retail,low,C00164,66,16,5538,0.1122,3521.1,netbanking,Canara,493212,9,2,0,14,0,2,0,0,0,0,0,0,1,35
TXN0003833,2024-02-14T14:38:00,44,M0175,Food,low,C01048,91,10,5312,0.1216,5218.93,card,ICICI,546517,14,2,0,0,0,0,0,0,0,0,0,0,0,56
TXN0003834,2024-02-14T18:34:00,44,M0088,Food,low,C00505,18,4,1607,0.0104,1700.51,netbanking,Axis,445714,18,2,0,0,0,0,0,0,0,1,0,0,0,30
TXN0003835,2024-02-14T14:07:00,44,M0148,SaaS,mid,C00466,11,3,1294,0.1314,2592.63,wallet,Canara,550279,14,2,0,0,0,0,0,1,0,1,1,1,0,40
TXN0003836,2024-02-14T11:44:00,44,M0015,Services,low,C01250,832,75,11273,0.0124,10565.84,card,HDFC,575278,11,2,0,13,0,0,0,0,0,0,0,0,0,63
TXN0003837,2024-02-14T22:02:00,44,M0109,Services,low,C00881,257,14,5596,0.1712,4991.49,wallet,ICICI,501237,22,2,0,0,0,0,0,0,1,0,0,0,0,35
TXN0003838,2024-02-14T13:52:00,44,M0174,SaaS,low,C00055,7,2,505,0.0761,639.83,card,Axis,438049,13,2,0,0,0,1,0,0,0,0,0,0,1,52
TXN0003839,2024-02-14T11:10:00,44,M0170,Logistics,mid,C00031,114,19,3677,0.0731,4478.95,card,SBI,569260,11,2,0,0,0,0,0,0,0,0,0,0,0,37
TXN0003840,2024-02-14T04:12:00,44,M0112,Logistics,mid,C00485,260,20,2464,0.0804,2819.4,upi,Axis,442221,4,2,0,0,0,1,0,0,0,1,0,0,0,27
TXN0003841,2024-02-14T17:46:00,44,M0094,SaaS,high,C00950,23,4,1808,0.0475,1708.88,upi,Yes,481505,17,2,0,0,0,0,0,0,0,0,0,0,0,36
TXN0003842,2024-02-14T11:21:00,44,M0093,SaaS,mid,C00390,180,11,5099,0.0301,1807.11,card,ICICI,454011,11,2,0,0,0,0,1,0,0,1,1,1,0,35
TXN0003843,2024-02-14T22:03:00,44,M0160,Services,mid,C00685,24,2,629,0.1519,1591.62,card,PNB,435050,22,2,0,0,0,0,0,0,0,0,0,0,1,54
TXN0003844,2024-02-14T21:32:00,44,M0142,Retail,mid,C00839,9,4,1493,0.0814,2250.56,card,ICICI,567894,21,2,0,0,0,0,0,0,0,0,0,0,1,14
TXN0003845,2024-02-14T18:45:00,44,M0033,Logistics,low,C01306,119,14,5041,0.0461,13537.41,upi,Yes,474505,18,2,0,0,0,0,0,0,0,0,1,1,0,61
TXN0003846,2024-02-14T08:19:00,44,M0069,SaaS,high,C01114,880,108,7723,0.0341,6683.21,card,Canara,414607,8,2,0,0,0,0,0,0,0,1,0,0,0,29
TXN0003847,2024-02-14T00:15:00,44,M0144,Retail,low,C00681,6,3,1976,0.0131,887.32,netbanking,PNB,594560,0,2,0,12,0,0,0,0,0,1,0,0,1,51
TXN0003848,2024-02-14T11:49:00,44,M0106,Services,high,C00147,17,3,1019,0.2216,982.22,netbanking,HDFC,505193,11,2,0,0,0,0,0,0,0,0,0,0,0,57
TXN0003849,2024-02-14T20:27:00,44,M0178,Logistics,low,C01091,62,16,2796,0.1742,11046.79,upi,Axis,434039,20,2,0,0,0,1,1,0,0,0,1,1,0,60
TXN0003850,2024-02-14T17:21:00,44,M0115,Services,high,C00998,188,8,4691,0.1272,6291.06,wallet,Axis,542346,17,2,0,0,0,0,0,0,0,1,0,0,0,69
TXN0003851,2024-02-14T14:19:00,44,M0107,SaaS,mid,C01342,17,4,1571,0.174,499.07,netbanking,Kotak,460355,14,2,0,0,0,1,0,0,0,0,0,0,1,58
TXN0003852,2024-02-14T21:19:00,44,M0009,Retail,low,C00490,819,113,17384,0.0002,5588.18,netbanking,SBI,475410,21,2,0,0,0,1,0,0,0,0,0,0,0,23
TXN0003853,2024-02-14T16:13:00,44,M0052,Logistics,mid,C00490,819,113,17384,0.0002,33616.44,wallet,HDFC,598922,16,2,0,1,1,2,0,0,0,0,0,1,0,51
TXN0003854,2024-02-14T19:08:00,44,M0171,Retail,low,C01138,18,4,1038,0.3389,2234.78,netbanking,SBI,584101,19,2,0,0,0,0,0,1,0,1,0,1,1,34
TXN0003855,2024-02-14T15:51:00,44,M0132,Food,mid,C00225,883,68,18172,0.0458,8419.06,netbanking,Yes,520184,15,2,0,0,0,0,0,1,0,0,1,1,0,39
TXN0003856,2024-02-14T14:29:00,44,M0170,Logistics,mid,C01058,295,6,5975,0.0554,9380.49,card,Kotak,512406,14,2,0,0,0,1,1,0,0,0,1,1,0,54
TXN0003857,2024-02-14T06:39:00,44,M0088,Food,low,C01438,223,12,1229,0.2301,1456.68,card,PNB,532817,6,2,0,13,0,2,0,0,0,0,0,0,0,57
TXN0003858,2024-02-14T10:06:00,44,M0199,SaaS,mid,C01261,22,4,765,0.0873,1005.52,card,ICICI,465536,10,2,0,0,0,2,0,0,0,1,0,0,1,33
TXN0003859,2024-02-14T08:02:00,44,M0063,SaaS,high,C00716,763,74,18003,0.0019,6313.01,netbanking,SBI,413206,8,2,0,0,0,1,0,0,0,0,0,0,0,40
TXN0003860,2024-02-14T10:26:00,44,M0074,Services,high,C00583,15,2,1989,0.0074,6586.75,upi,Kotak,418488,10,2,0,0,0,0,0,0,0,0,1,1,0,15
TXN0003861,2024-02-14T06:35:00,44,M0183,Retail,mid,C00523,973,109,20713,0.0508,9938.22,upi,Axis,498271,6,2,0,0,0,0,0,0,0,1,0,0,0,38
TXN0003862,2024-02-14T19:41:00,44,M0153,Food,low,C01233,239,11,5229,0.0346,3017.89,netbanking,Axis,446817,19,2,0,0,0,1,0,0,0,0,1,1,0,44
TXN0003863,2024-02-14T07:51:00,44,M0172,Food,mid,C00737,14,4,754,0.1322,801.14,netbanking,PNB,563786,7,2,0,0,0,1,0,0,0,0,0,0,0,38
TXN0003864,2024-02-14T13:17:00,44,M0145,SaaS,low,C00262,944,119,4204,0.0321,1296.45,upi,HDFC,407391,13,2,0,6,0,0,0,1,0,1,0,1,0,63
TXN0003865,2024-02-14T19:57:00,44,M0081,Logistics,high,C00467,240,13,7839,0.1495,13090.58,upi,Kotak,494959,19,2,0,0,0,0,0,0,0,1,0,0,0,25
TXN0003866,2024-02-14T14:15:00,44,M0030,B2B,high,C00178,20,4,1085,0.1022,14228.2,wallet,Canara,590490,14,2,0,0,0,0,0,0,0,1,0,0,1,50
TXN0003867,2024-02-14T13:16:00,44,M0068,B2B,low,C00128,262,15,1539,0.0667,17872.27,upi,Kotak,405073,13,2,0,0,0,2,0,0,0,0,0,0,0,12
TXN0003868,2024-02-14T13:43:00,44,M0168,Food,high,C01006,228,20,5218,0.0396,19737.31,netbanking,ICICI,456331,13,2,0,0,0,0,0,0,0,1,0,0,0,25
TXN0003869,2024-02-14T09:10:00,44,M0024,B2B,mid,C00461,24,1,1074,0.0982,38410.91,netbanking,PNB,460058,9,2,0,0,0,1,0,0,0,0,1,1,0,31
TXN0003870,2024-02-14T13:59:00,44,M0135,Retail,low,C00537,11,4,1296,0.1487,1036.69,wallet,Axis,492106,13,2,0,0,0,1,0,0,0,0,0,0,0,70
TXN0003871,2024-02-14T11:51:00,44,M0193,B2B,low,C01427,9,3,632,0.0787,38845.73,upi,ICICI,405289,11,2,0,0,0,0,0,0,0,1,0,1,1,62
TXN0003872,2024-02-14T17:47:00,44,M0065,B2B,high,C01076,72,10,1334,0.0015,16667.24,netbanking,Kotak,505040,17,2,0,0,0,0,0,0,0,0,0,0,0,71
TXN0003873,2024-02-14T18:06:00,44,M0142,Retail,mid,C01321,14,2,1098,0.1209,2532.81,upi,PNB,473457,18,2,0,0,0,0,0,0,0,0,0,0,0,14
TXN0003874,2024-02-14T11:54:00,44,M0039,Logistics,mid,C00569,66,14,2386,0.1049,1436.26,netbanking,Canara,526601,11,2,0,0,0,0,0,0,0,1,0,0,0,22
TXN0003875,2024-02-14T06:44:00,44,M0110,Food,high,C01374,5,2,1806,0.0599,2571.02,upi,Yes,422285,6,2,0,0,0,0,1,0,0,1,0,1,1,36
TXN0003876,2024-02-14T09:36:00,44,M0072,SaaS,high,C00566,81,17,5110,0.0665,4412.22,netbanking,PNB,556264,9,2,0,0,0,1,0,0,0,0,0,0,0,16
TXN0003877,2024-02-14T06:35:00,44,M0133,SaaS,mid,C00464,277,10,7203,0.1165,3619.19,wallet,ICICI,578147,6,2,0,0,0,0,0,0,0,1,0,0,1,45
TXN0003878,2024-02-14T09:02:00,44,M0092,Food,low,C00629,174,16,3559,0.0527,2222.24,wallet,Kotak,505649,9,2,0,0,0,0,1,0,0,1,1,1,0,48
TXN0003879,2024-02-14T13:49:00,44,M0072,SaaS,high,C00146,81,16,1554,0.283,1861.65,upi,Yes,520847,13,2,0,0,0,1,0,0,0,0,0,0,0,62
TXN0003880,2024-02-14T20:55:00,44,M0191,Logistics,high,C00817,276,9,2012,0.075,13451.75,card,Canara,559771,20,2,0,0,0,1,0,0,0,1,1,1,0,61
TXN0003881,2024-02-14T18:04:00,44,M0015,Services,low,C00521,13,2,672,0.1413,2526.58,netbanking,PNB,491871,18,2,0,0,0,0,0,0,0,1,0,0,0,36
TXN0003882,2024-02-14T19:00:00,44,M0020,B2B,low,C01278,877,118,18188,0.0099,47743.44,upi,Canara,446045,19,2,0,0,0,1,0,0,0,0,1,1,0,71
TXN0003883,2024-02-14T09:10:00,44,M0176,SaaS,low,C00464,277,10,7203,0.1165,4661.32,upi,Kotak,409188,9,2,0,0,1,1,0,0,0,1,0,0,0,66
TXN0003884,2024-02-14T12:56:00,44,M0158,Retail,low,C00788,272,13,5066,0.0347,4355.65,upi,HDFC,551263,12,2,0,0,0,0,0,0,0,0,0,0,0,46
TXN0003885,2024-02-14T03:18:00,44,M0000,Logistics,low,C01378,23,4,818,0.0869,11616.63,upi,Axis,559363,3,2,0,0,0,0,1,0,0,0,1,1,0,72
TXN0003886,2024-02-14T10:51:00,44,M0031,Food,mid,C01372,164,10,6204,0.1709,1774.5,netbanking,Kotak,517957,10,2,0,0,0,0,0,0,0,0,0,0,0,12
TXN0003887,2024-02-14T23:06:00,44,M0147,SaaS,mid,C00547,197,17,2555,0.0928,784.89,upi,Axis,550911,23,2,0,0,0,0,0,0,0,0,0,0,0,49
TXN0003888,2024-02-14T23:33:00,44,M0192,B2B,mid,C01366,185,10,4878,0.1548,18407.76,upi,HDFC,592550,23,2,0,0,0,0,0,0,0,0,1,1,0,24
TXN0003889,2024-02-14T11:27:00,44,M0030,B2B,high,C01292,226,7,1633,0.3705,11982.45,card,Kotak,586605,11,2,0,0,0,0,0,0,0,1,1,1,0,37
TXN0003890,2024-02-14T15:11:00,44,M0033,Logistics,low,C01034,206,20,3242,0.1247,7934.13,card,Kotak,467452,15,2,0,0,0,1,0,0,0,0,0,0,0,63
TXN0003891,2024-02-14T08:42:00,44,M0111,Logistics,low,C00570,877,51,14248,0.0283,8545.75,wallet,ICICI,594849,8,2,0,0,0,0,0,0,0,0,0,0,0,19
TXN0003892,2024-02-14T17:40:00,44,M0067,Food,mid,C00781,193,11,3984,0.0716,3132.17,wallet,PNB,496908,17,2,0,0,0,1,0,0,0,0,0,0,0,44
TXN0003893,2024-02-14T04:44:00,44,M0092,Food,low,C00507,22,3,985,0.0587,401.01,wallet,PNB,597120,4,2,0,0,0,0,0,0,0,0,0,0,1,14
TXN0003894,2024-02-14T13:14:00,44,M0032,Food,low,C01176,13,4,908,0.0867,916.14,upi,Canara,568741,13,2,0,0,0,0,0,0,0,0,0,0,0,65
TXN0003895,2024-02-14T11:24:00,44,M0103,Services,low,C00465,97,20,3939,0.0191,1893.47,card,SBI,470304,11,2,0,0,0,0,0,0,0,0,0,0,0,53
TXN0003896,2024-02-14T21:36:00,44,M0048,SaaS,mid,C01403,124,18,3764,0.1493,4199.14,upi,Canara,428366,21,2,0,0,0,0,0,0,0,0,0,0,0,13
TXN0003897,2024-02-14T14:20:00,44,M0152,Retail,high,C00906,217,13,6576,0.0693,6947.81,card,Canara,596184,14,2,0,0,0,0,0,0,0,0,0,0,0,29
TXN0003898,2024-02-14T19:51:00,44,M0154,Retail,low,C00652,73,15,5382,0.1701,6743.72,upi,Axis,481904,19,2,0,0,0,0,0,0,0,1,0,0,0,30
TXN0003899,2024-02-14T11:55:00,44,M0143,Logistics,mid,C00502,12,3,819,0.0237,7668.69,wallet,Axis,469730,11,2,0,0,0,2,0,0,0,0,0,0,0,21
TXN0003900,2024-02-14T16:58:00,44,M0193,B2B,low,C01410,23,4,940,0.1409,25891.92,netbanking,Kotak,529813,16,2,0,0,0,0,0,0,0,0,1,1,0,59
TXN0003901,2024-02-15T14:25:00,45,M0061,Services,low,C01303,959,102,23671,0.0101,5278.93,card,Canara,404920,14,3,0,0,0,0,0,0,0,0,0,0,0,55
TXN0003902,2024-02-15T16:02:00,45,M0069,SaaS,high,C00409,6,2,712,0.0617,628.8,card,ICICI,578842,16,3,0,0,0,0,0,1,0,0,0,1,1,32
TXN0003903,2024-02-15T08:33:00,45,M0021,SaaS,mid,C00887,8,3,791,0.0813,538.88,card,SBI,418675,8,3,0,0,0,0,0,0,0,1,0,0,0,67
TXN0003904,2024-02-15T18:10:00,45,M0153,Food,low,C01181,195,16,4262,0.0149,1419.92,upi,HDFC,597356,18,3,0,0,0,0,0,0,0,0,0,0,0,27
TXN0003905,2024-02-15T15:02:00,45,M0123,Logistics,high,C00179,255,17,3997,0.1177,4963.98,netbanking,Yes,526904,15,3,0,0,0,1,0,0,0,0,0,0,0,20
TXN0003906,2024-02-15T12:01:00,45,M0097,Services,low,C00295,90,18,6685,0.0351,4955.09,card,SBI,568321,12,3,0,13,0,0,0,0,0,0,0,0,0,65
TXN0003907,2024-02-15T06:35:00,45,M0018,SaaS,high,C01377,16,3,1214,0.1358,1154.27,netbanking,HDFC,570816,6,3,0,0,0,0,0,0,0,0,0,0,1,27
TXN0003908,2024-02-15T12:48:00,45,M0024,B2B,mid,C01274,81,6,3286,0.0105,65414.69,netbanking,Yes,595216,12,3,0,0,0,2,0,0,0,0,1,1,0,47
TXN0003909,2024-02-15T20:25:00,45,M0114,Logistics,mid,C00860,135,18,4293,0.257,6333.49,card,Canara,409546,20,3,0,1,0,0,0,0,0,0,1,1,0,39
TXN0003910,2024-02-15T07:28:00,45,M0131,Logistics,high,C00118,24,4,1912,0.1164,14092.92,wallet,HDFC,452408,7,3,0,0,0,2,1,0,0,0,1,1,0,52
TXN0003911,2024-02-15T18:44:00,45,M0010,SaaS,high,C01487,880,97,23236,0.0125,11392.09,card,HDFC,491233,18,3,0,0,0,0,0,0,0,1,0,0,0,37
TXN0003912,2024-02-15T11:26:00,45,M0193,B2B,low,C01041,197,11,6635,0.0326,16710.79,upi,PNB,568141,11,3,0,0,0,0,0,0,0,0,0,0,0,29
TXN0003913,2024-02-15T09:14:00,45,M0153,Food,low,C00561,25,3,576,0.1278,1696.73,card,Yes,422830,9,3,0,0,0,0,0,0,0,0,0,0,0,35
TXN0003914,2024-02-15T13:16:00,45,M0109,Services,low,C00673,806,50,4239,0.0236,3309.17,upi,Yes,443050,13,3,0,0,0,0,0,0,0,0,0,0,0,50
TXN0003915,2024-02-15T10:23:00,45,M0086,Retail,high,C00186,244,6,5780,0.0759,3741.42,wallet,Kotak,445825,10,3,0,0,0,0,0,0,0,0,0,0,0,33
TXN0003916,2024-02-15T07:54:00,45,M0018,SaaS,high,C01188,22,1,1190,0.1683,1695.28,netbanking,ICICI,596236,7,3,0,0,0,0,0,0,0,0,0,0,0,52
TXN0003917,2024-02-15T08:51:00,45,M0124,Retail,low,C00836,932,88,5871,0.004,3708.24,upi,ICICI,549121,8,3,0,0,0,0,0,0,0,0,0,0,0,21
TXN0003918,2024-02-15T19:38:00,45,M0001,Retail,high,C00821,7,4,1949,0.2503,1008.34,card,PNB,496561,19,3,0,10,0,0,0,0,0,1,0,0,0,46
TXN0003919,2024-02-15T20:32:00,45,M0164,Logistics,high,C00902,20,3,575,0.048,14483.25,card,Yes,576708,20,3,0,0,0,2,0,0,0,0,0,0,1,52
TXN0003920,2024-02-15T10:05:00,45,M0145,SaaS,low,C00928,10,3,1635,0.0628,4144.57,upi,ICICI,463766,10,3,0,0,0,0,0,0,0,0,0,0,0,27
TXN0003921,2024-02-15T21:58:00,45,M0058,B2B,low,C00781,193,11,3984,0.0716,17370.52,wallet,PNB,428692,21,3,0,0,0,1,0,0,0,0,0,0,0,57
TXN0003922,2024-02-15T23:23:00,45,M0014,Logistics,high,C00181,300,16,7184,0.0367,28146.38,netbanking,ICICI,413107,23,3,0,0,0,0,0,0,0,0,1,1,0,40
TXN0003923,2024-02-15T10:01:00,45,M0080,Logistics,low,C00838,827,61,12860,0.0338,15134.45,upi,PNB,404423,10,3,0,0,0,0,0,0,0,0,0,0,0,28
TXN0003924,2024-02-15T08:11:00,45,M0178,Logistics,low,C01388,776,89,7635,0.0318,11522.06,card,PNB,441475,8,3,0,0,0,0,0,0,0,0,1,1,0,46
TXN0003925,2024-02-15T14:52:00,45,M0038,B2B,mid,C01036,209,8,7172,0.1514,27622.0,netbanking,HDFC,570337,14,3,0,0,0,1,0,0,0,1,0,0,0,49
TXN0003926,2024-02-15T07:32:00,45,M0112,Logistics,mid,C01083,194,5,2367,0.1078,17826.94,card,Axis,575870,7,3,0,0,0,1,0,0,0,1,0,0,0,30
TXN0003927,2024-02-15T04:08:00,45,M0151,Food,low,C00554,25,3,1881,0.1038,808.9,netbanking,Axis,595734,4,3,0,0,0,1,0,0,1,0,1,1,0,72
TXN0003928,2024-02-15T11:58:00,45,M0007,Food,mid,C00507,22,3,985,0.0587,570.62,wallet,Axis,416690,11,3,0,0,0,1,0,0,1,0,0,0,0,62
TXN0003929,2024-02-15T11:38:00,45,M0063,SaaS,high,C01042,11,2,1733,0.1162,1682.1,wallet,Yes,497991,11,3,0,0,0,0,0,0,0,0,0,0,1,24
TXN0003930,2024-02-15T17:32:00,45,M0120,Food,low,C01340,5,4,975,0.1102,803.51,card,ICICI,544696,17,3,0,0,0,0,0,0,0,0,0,0,0,61
TXN0003931,2024-02-15T18:38:00,45,M0035,SaaS,mid,C00232,9,1,1034,0.0886,703.57,netbanking,Canara,590558,18,3,0,9,0,0,0,0,0,0,0,0,1,35
TXN0003932,2024-02-15T13:24:00,45,M0157,SaaS,mid,C01362,246,18,2751,0.1251,5214.75,upi,SBI,554661,13,3,0,0,0,1,0,0,0,0,0,0,0,68
TXN0003933,2024-02-15T22:08:00,45,M0020,B2B,low,C01091,62,16,2796,0.1742,14980.01,upi,Canara,576002,22,3,0,0,0,2,0,0,0,0,1,1,0,35
TXN0003934,2024-02-15T19:36:00,45,M0175,Food,low,C01002,254,13,4980,0.0896,1753.35,card,SBI,407544,19,3,0,0,0,0,0,0,0,0,0,0,0,72
TXN0003935,2024-02-15T17:45:00,45,M0076,Services,high,C00579,15,4,1845,0.033,687.45,upi,Axis,405937,17,3,0,0,0,2,0,0,0,0,0,0,1,17
TXN0003936,2024-02-15T17:46:00,45,M0053,Retail,low,C00465,97,20,3939,0.0191,10475.75,card,Axis,516997,17,3,0,0,0,1,0,0,0,0,0,0,0,55
TXN0003937,2024-02-15T20:59:00,45,M0075,Retail,mid,C00106,22,3,1872,0.0279,4317.22,netbanking,PNB,551864,20,3,0,0,0,0,0,0,0,0,0,0,1,29
TXN0003938,2024-02-15T16:26:00,45,M0126,B2B,low,C00251,10,4,1419,0.1389,5087.84,netbanking,SBI,578681,16,3,0,0,0,2,0,0,0,1,0,0,0,38
TXN0003939,2024-02-15T16:40:00,45,M0046,SaaS,high,C01020,177,15,2185,0.0597,2466.53,netbanking,HDFC,518087,16,3,0,0,0,0,0,0,0,1,0,0,0,51
TXN0003940,2024-02-15T12:07:00,45,M0095,Food,low,C00698,85,12,7043,0.0717,7453.98,upi,SBI,414870,12,3,0,0,0,1,0,0,0,0,0,0,0,30
TXN0003941,2024-02-15T09:43:00,45,M0075,Retail,mid,C00829,974,88,7869,0.0713,3086.64,upi,Yes,580238,9,3,0,0,0,0,0,0,0,1,0,0,0,41
TXN0003942,2024-02-15T08:42:00,45,M0044,Logistics,low,C00634,92,8,4323,0.2108,79747.98,upi,Canara,500264,8,3,0,0,1,1,0,0,0,0,1,1,0,39
TXN0003943,2024-02-15T08:22:00,45,M0079,Retail,high,C01498,12,2,1312,0.0618,1500.78,wallet,SBI,484643,8,3,0,0,0,0,0,0,0,1,0,0,0,55
TXN0003944,2024-02-15T06:59:00,45,M0152,Retail,high,C00861,1000,68,16236,0.0134,5795.54,wallet,ICICI,534864,6,3,0,0,0,0,0,0,0,0,0,0,1,45
TXN0003945,2024-02-15T13:12:00,45,M0020,B2B,low,C00990,18,3,1979,0.06,22476.43,netbanking,ICICI,475429,13,3,0,0,0,1,0,0,0,0,1,1,0,59
TXN0003946,2024-02-15T10:44:00,45,M0181,Food,high,C01471,226,11,7159,0.0178,1737.65,wallet,SBI,524149,10,3,0,0,0,1,0,0,0,0,0,0,0,44
TXN0003947,2024-02-15T04:10:00,45,M0104,Food,low,C01363,830,106,14828,0.0184,13071.16,wallet,Kotak,566873,4,3,0,0,0,0,0,0,0,0,0,1,1,28
TXN0003948,2024-02-15T14:07:00,45,M0072,SaaS,high,C01085,162,13,2695,0.0494,4922.75,netbanking,HDFC,476689,14,3,0,0,0,0,0,0,0,0,0,0,0,32
TXN0003949,2024-02-15T21:35:00,45,M0092,Food,low,C00820,792,100,15240,0.0131,6102.26,netbanking,PNB,595975,21,3,0,0,0,2,0,0,0,0,0,0,0,32
TXN0003950,2024-02-15T10:35:00,45,M0039,Logistics,mid,C00667,24,2,1269,0.1222,16977.18,wallet,HDFC,450873,10,3,0,0,0,0,0,0,0,0,0,0,1,22
TXN0003951,2024-02-15T08:12:00,45,M0104,Food,low,C00648,18,1,1683,0.0793,1039.47,wallet,PNB,596923,8,3,0,0,0,1,0,0,0,0,1,1,0,28
TXN0003952,2024-02-15T19:53:00,45,M0080,Logistics,low,C01233,239,11,5229,0.0346,10196.86,upi,Kotak,487993,19,3,0,0,0,2,0,0,0,0,0,0,0,72
TXN0003953,2024-02-15T11:20:00,45,M0021,SaaS,mid,C00742,283,15,7773,0.2377,1455.87,netbanking,SBI,567419,11,3,0,10,0,0,0,0,0,0,0,0,0,13
TXN0003954,2024-02-15T09:59:00,45,M0160,Services,mid,C00017,816,60,12299,0.0135,8180.59,netbanking,SBI,507704,9,3,0,0,0,0,0,0,0,0,0,0,0,29
TXN0003955,2024-02-15T17:26:00,45,M0093,SaaS,mid,C00957,270,10,4400,0.043,4469.86,card,Canara,458281,17,3,0,0,0,0,0,0,0,0,0,0,0,15
TXN0003956,2024-02-15T08:13:00,45,M0182,Retail,high,C01418,16,4,1350,0.0837,1530.56,wallet,HDFC,521713,8,3,0,0,0,0,0,0,0,0,0,0,0,42
TXN0003957,2024-02-15T22:39:00,45,M0153,Food,low,C01347,944,101,3303,0.0072,3766.61,netbanking,Kotak,460343,22,3,0,0,0,0,0,0,0,0,0,0,0,40
TXN0003958,2024-02-15T05:23:00,45,M0117,SaaS,low,C01150,262,18,3152,0.0977,2097.96,card,Canara,423027,5,3,0,12,0,0,0,0,0,1,0,0,0,52
TXN0003959,2024-02-15T08:31:00,45,M0102,Retail,high,C01214,977,64,11845,0.0205,6800.49,upi,HDFC,511726,8,3,0,0,0,0,0,0,0,0,0,0,0,39
TXN0003960,2024-02-15T02:00:00,45,M0037,Retail,mid,C00089,216,12,6305,0.0219,5801.51,wallet,Yes,503237,2,3,0,0,0,2,0,0,0,1,1,1,0,56
TXN0003961,2024-02-15T11:12:00,45,M0093,SaaS,mid,C00411,20,1,1342,0.0729,3094.84,card,PNB,476850,11,3,0,0,0,0,0,1,0,1,1,1,0,58
TXN0003962,2024-02-15T21:38:00,45,M0098,Retail,mid,C01007,738,96,4499,0.0593,2158.84,upi,Kotak,528164,21,3,0,0,0,0,0,0,0,0,0,0,0,26
TXN0003963,2024-02-15T20:11:00,45,M0151,Food,low,C00089,216,12,6305,0.0219,2454.04,wallet,ICICI,464473,20,3,0,0,1,3,0,0,1,1,0,0,0,38
TXN0003964,2024-02-15T12:12:00,45,M0166,SaaS,mid,C00011,15,3,642,0.1639,508.13,card,HDFC,588178,12,3,0,0,0,0,0,0,0,0,0,0,0,30
TXN0003965,2024-02-15T17:44:00,45,M0170,Logistics,mid,C00414,216,6,1095,0.0964,8216.11,upi,Axis,487324,17,3,0,0,0,1,0,0,0,0,0,0,0,32
TXN0003966,2024-02-15T15:32:00,45,M0163,Logistics,high,C01289,145,18,6341,0.0789,6730.61,card,Kotak,526039,15,3,0,0,0,0,1,0,0,0,1,1,0,53
TXN0003967,2024-02-15T20:06:00,45,M0073,SaaS,high,C01083,194,5,2367,0.1078,2197.17,wallet,SBI,490384,20,3,0,0,1,2,0,0,0,0,0,0,0,68
TXN0003968,2024-02-15T09:05:00,45,M0165,Services,low,C00010,111,19,3864,0.0703,1034.79,wallet,PNB,464485,9,3,0,0,0,1,0,0,0,0,0,0,0,16
TXN0003969,2024-02-15T15:49:00,45,M0134,Services,low,C00055,7,2,505,0.0761,2247.59,netbanking,ICICI,421014,15,3,0,0,0,2,0,0,0,0,0,0,0,21
TXN0003970,2024-02-15T15:40:00,45,M0065,B2B,high,C00180,200,13,7760,0.0326,19506.5,wallet,PNB,495629,15,3,0,0,0,1,0,0,0,0,0,0,0,59
TXN0003971,2024-02-15T19:07:00,45,M0161,Services,mid,C01330,256,7,6365,0.0174,2228.88,upi,Yes,449569,19,3,0,0,0,1,0,0,0,0,0,0,0,62
TXN0003972,2024-02-15T22:52:00,45,M0195,Food,high,C01149,892,51,7931,0.0336,9328.98,netbanking,PNB,429704,22,3,0,0,0,1,0,0,0,1,0,0,1,68
TXN0003973,2024-02-15T14:21:00,45,M0199,SaaS,mid,C00095,835,58,21160,0.0053,23265.02,upi,SBI,595547,14,3,0,0,0,0,0,0,0,1,0,0,1,39
TXN0003974,2024-02-15T07:40:00,45,M0115,Services,high,C01297,214,12,4677,0.1462,2212.16,wallet,HDFC,534638,7,3,0,11,0,0,0,0,0,1,0,0,1,37
TXN0003975,2024-02-15T20:04:00,45,M0113,Services,high,C00696,22,2,823,0.2265,3930.02,card,PNB,423779,20,3,0,0,0,1,0,1,0,0,1,1,0,44
TXN0003976,2024-02-15T18:15:00,45,M0021,SaaS,mid,C00089,216,12,6305,0.0219,3482.11,card,SBI,427470,18,3,0,13,2,4,0,0,0,0,0,0,1,17
TXN0003977,2024-02-15T15:44:00,45,M0172,Food,mid,C01109,246,13,2185,0.0325,567.24,wallet,SBI,593407,15,3,0,0,0,0,0,0,0,1,1,1,0,54
TXN0003978,2024-02-15T09:02:00,45,M0167,SaaS,low,C00187,270,12,1258,0.1298,2333.01,wallet,ICICI,474264,9,3,0,0,0,0,0,1,0,0,1,1,0,58
TXN0003979,2024-02-15T07:09:00,45,M0065,B2B,high,C01230,22,3,609,0.1696,36209.14,card,HDFC,486974,7,3,0,0,0,0,0,0,0,1,0,1,1,16
TXN0003980,2024-02-15T21:13:00,45,M0112,Logistics,mid,C01020,177,15,2185,0.0597,21059.86,wallet,SBI,548813,21,3,0,0,1,1,0,0,0,0,0,0,0,32
TXN0003981,2024-02-15T21:54:00,45,M0143,Logistics,mid,C01356,217,20,2714,0.0307,5458.39,upi,ICICI,494774,21,3,0,0,0,0,1,0,0,1,0,1,0,13
TXN0003982,2024-02-15T12:25:00,45,M0031,Food,mid,C00726,937,113,7763,0.0556,7550.92,upi,SBI,597692,12,3,0,0,0,0,0,0,0,0,1,1,0,52
TXN0003983,2024-02-15T18:05:00,45,M0090,Logistics,mid,C00083,24,4,1086,0.0349,14103.43,upi,Yes,401717,18,3,0,0,0,1,0,1,0,0,1,1,0,17
TXN0003984,2024-02-15T23:48:00,45,M0134,Services,low,C00655,24,1,1087,0.1257,2000.78,netbanking,SBI,484366,23,3,0,0,0,0,0,0,0,1,0,0,1,58
TXN0003985,2024-02-15T07:54:00,45,M0177,Food,low,C01160,13,3,1349,0.0094,3853.46,wallet,HDFC,407451,7,3,0,0,0,0,0,0,0,0,0,0,0,51
TXN0003986,2024-02-15T14:00:00,45,M0082,B2B,high,C00035,14,1,1685,0.0108,27710.98,card,ICICI,597058,14,3,0,0,0,0,0,0,0,0,0,0,0,31
TXN0003987,2024-02-15T07:33:00,45,M0028,Retail,mid,C00189,240,9,5249,0.0397,5069.31,upi,Canara,585443,7,3,0,0,0,1,0,0,0,0,1,1,0,52
TXN0003988,2024-02-15T10:41:00,45,M0094,SaaS,high,C00862,226,19,6713,0.0589,5335.3,upi,Canara,440693,10,3,0,0,0,0,0,0,0,0,0,0,0,62
TXN0003989,2024-02-16T19:23:00,46,M0095,Food,low,C00665,272,7,1097,0.067,1435.89,wallet,Canara,485262,19,4,0,0,0,0,0,0,0,1,0,0,0,51
TXN0003990,2024-02-16T23:09:00,46,M0029,Retail,high,C00589,17,3,1307,0.109,1276.8,card,ICICI,420946,23,4,0,0,0,1,1,0,0,0,1,1,0,22
TXN0003991,2024-02-16T19:13:00,46,M0049,Services,mid,C00548,224,15,1904,0.043,8031.42,wallet,HDFC,545052,19,4,0,0,0,0,0,0,0,1,0,0,0,50
TXN0003992,2024-02-16T07:03:00,46,M0072,SaaS,high,C00827,171,18,1761,0.0162,330.07,netbanking,Canara,434936,7,4,0,0,0,1,0,0,0,0,0,0,0,72
TXN0003993,2024-02-16T16:44:00,46,M0151,Food,low,C00766,267,5,7258,0.0094,4265.46,netbanking,ICICI,557241,16,4,0,11,0,1,0,0,0,0,0,0,0,24
TXN0003994,2024-02-16T09:27:00,46,M0122,Retail,low,C00287,7,4,1555,0.1209,1707.87,card,Yes,517316,9,4,0,0,0,1,0,0,0,0,0,0,1,14
TXN0003995,2024-02-16T21:00:00,46,M0080,Logistics,low,C00393,255,7,2060,0.1223,2349.59,card,HDFC,414843,21,4,0,0,0,0,0,0,0,1,0,0,0,46
TXN0003996,2024-02-16T08:51:00,46,M0018,SaaS,high,C00971,17,3,524,0.1054,832.76,upi,Axis,560208,8,4,0,0,0,0,1,0,0,1,0,1,1,21
TXN0003997,2024-02-16T18:59:00,46,M0182,Retail,high,C01224,168,17,1803,0.2423,4528.67,upi,PNB,427850,18,4,0,0,0,1,0,0,1,0,0,0,0,27
TXN0003998,2024-02-16T07:47:00,46,M0070,Services,low,C01172,822,88,3332,0.0419,1496.82,card,Yes,591961,7,4,0,0,0,0,0,0,0,0,1,1,0,66
TXN0003999,2024-02-16T05:08:00,46,M0028,Retail,mid,C01318,11,3,1462,0.0305,2293.82,upi,Kotak,591920,5,4,0,1,0,0,0,0,0,0,1,1,0,39
TXN0004000,2024-02-16T13:14:00,46,M0069,SaaS,high,C00167,951,114,4815,0.0341,1328.82,wallet,Axis,522255,13,4,0,0,0,0,0,0,0,1,0,0,1,43
TXN0004001,2024-02-16T01:12:00,46,M0069,SaaS,high,C00953,11,2,921,0.0534,733.43,card,Yes,598795,1,4,0,0,0,1,0,0,0,0,0,0,1,37
TXN0004002,2024-02-16T20:03:00,46,M0017,B2B,low,C00121,79,10,7331,0.1149,59751.27,wallet,ICICI,407506,20,4,0,0,0,0,0,0,1,1,1,1,0,18
TXN0004003,2024-02-16T17:47:00,46,M0101,Food,low,C00926,78,16,1245,0.1055,1444.28,netbanking,ICICI,477785,17,4,0,0,0,1,0,0,0,0,0,0,0,37
TXN0004004,2024-02-16T21:54:00,46,M0095,Food,low,C01429,6,4,1564,0.0259,1187.68,wallet,HDFC,575677,21,4,0,0,0,1,0,0,0,0,0,0,0,22
TXN0004005,2024-02-16T14:27:00,46,M0191,Logistics,high,C00163,25,2,1240,0.1129,6304.63,netbanking,Canara,420086,14,4,0,0,0,0,0,0,1,0,1,1,0,12
TXN0004006,2024-02-16T11:51:00,46,M0068,B2B,low,C01254,203,9,7566,0.0232,7937.69,wallet,HDFC,520693,11,4,0,0,0,0,0,0,0,0,0,0,0,18
TXN0004007,2024-02-16T21:34:00,46,M0007,Food,mid,C00115,8,1,1518,0.0701,3807.54,upi,Kotak,457367,21,4,0,14,0,0,0,0,0,0,0,0,1,34
TXN0004008,2024-02-16T21:24:00,46,M0013,Logistics,high,C00116,766,100,4386,0.0115,8068.38,card,SBI,573827,21,4,0,0,0,0,0,0,0,1,1,1,0,17
TXN0004009,2024-02-16T18:19:00,46,M0186,B2B,mid,C00464,277,10,7203,0.1165,10665.41,netbanking,PNB,550842,18,4,0,0,0,2,0,0,0,1,1,1,0,57
TXN0004010,2024-02-16T12:57:00,46,M0120,Food,low,C01427,9,3,632,0.0787,336.26,upi,SBI,506338,12,4,0,0,0,1,0,0,0,0,0,0,0,45
TXN0004011,2024-02-16T17:15:00,46,M0106,Services,high,C00221,849,90,21922,0.0167,13868.16,wallet,Canara,477287,17,4,0,0,0,0,0,0,0,0,0,0,0,49
TXN0004012,2024-02-16T12:27:00,46,M0197,Food,low,C00731,109,20,3603,0.1668,5040.63,card,Axis,585534,12,4,0,0,0,0,0,0,0,0,0,0,0,29
TXN0004013,2024-02-16T13:10:00,46,M0004,Logistics,low,C01373,238,7,5638,0.023,4303.07,wallet,Axis,524380,13,4,0,0,0,0,0,0,0,1,0,0,0,53
TXN0004014,2024-02-16T20:27:00,46,M0075,Retail,mid,C00633,76,20,1924,0.0829,10306.95,card,HDFC,488098,20,4,0,0,0,0,0,0,0,0,1,1,0,68
TXN0004015,2024-02-16T18:13:00,46,M0099,B2B,low,C00633,76,20,1924,0.0829,12695.1,card,ICICI,591445,18,4,0,1,1,1,0,0,0,1,0,0,0,12
TXN0004016,2024-02-16T05:47:00,46,M0070,Services,low,C00003,988,112,11228,0.0464,3429.82,upi,Axis,598199,5,4,0,0,0,0,0,0,0,0,0,0,0,25
TXN0004017,2024-02-16T23:47:00,46,M0172,Food,mid,C01295,16,2,1433,0.053,728.92,netbanking,ICICI,439257,23,4,0,0,0,1,0,0,0,0,0,0,0,34
TXN0004018,2024-02-16T13:45:00,46,M0069,SaaS,high,C00180,200,13,7760,0.0326,2753.62,wallet,PNB,487957,13,4,0,0,1,2,1,0,0,1,0,1,0,15
TXN0004019,2024-02-16T18:49:00,46,M0093,SaaS,mid,C00076,287,20,5432,0.1246,1523.24,netbanking,Kotak,529914,18,4,0,0,0,2,0,0,0,0,0,0,0,41
TXN0004020,2024-02-16T21:17:00,46,M0097,Services,low,C00984,20,1,1236,0.0756,11548.84,netbanking,Kotak,430713,21,4,0,0,0,0,1,0,0,0,1,1,0,48
TXN0004021,2024-02-16T03:45:00,46,M0042,Logistics,mid,C00094,229,11,6256,0.1821,13583.76,netbanking,SBI,553223,3,4,0,0,0,0,0,0,0,0,1,1,0,67
TXN0004022,2024-02-16T07:32:00,46,M0097,Services,low,C00195,125,20,2752,0.0288,1922.81,wallet,Yes,461479,7,4,0,0,0,0,0,0,0,1,1,1,0,66
TXN0004023,2024-02-16T16:06:00,46,M0046,SaaS,high,C00804,23,1,528,0.1041,1913.93,wallet,Yes,467870,16,4,0,0,0,0,0,0,0,0,0,0,1,70
TXN0004024,2024-02-16T02:21:00,46,M0039,Logistics,mid,C01051,974,66,11488,0.0002,23278.98,wallet,HDFC,519371,2,4,0,0,0,0,0,0,0,0,1,1,0,55
TXN0004025,2024-02-16T18:38:00,46,M0067,Food,mid,C01130,848,77,24437,0.0028,24838.26,upi,Yes,554525,18,4,0,10,0,0,0,0,0,0,0,0,0,15
TXN0004026,2024-02-16T11:17:00,46,M0151,Food,low,C01101,22,3,1785,0.1531,1722.03,card,Kotak,454501,11,4,0,0,0,1,0,0,0,1,0,0,1,61
TXN0004027,2024-02-16T20:53:00,46,M0160,Services,mid,C01034,206,20,3242,0.1247,1352.74,netbanking,Axis,415513,20,4,0,0,0,2,0,0,0,1,1,1,0,53
TXN0004028,2024-02-16T08:28:00,46,M0036,Retail,low,C00017,816,60,12299,0.0135,12270.22,upi,Kotak,420917,8,4,0,0,1,1,0,0,0,0,0,0,0,14
TXN0004029,2024-02-16T14:36:00,46,M0185,Food,high,C00978,173,15,2099,0.0457,712.39,card,Yes,432659,14,4,0,13,0,0,0,0,0,1,0,0,0,63
TXN0004030,2024-02-16T12:04:00,46,M0111,Logistics,low,C00240,155,17,4760,0.1241,8289.21,upi,Kotak,593931,12,4,0,0,0,0,0,0,0,0,0,0,0,35
TXN0004031,2024-02-16T09:46:00,46,M0042,Logistics,mid,C00055,7,2,505,0.0761,13921.21,netbanking,Axis,414171,9,4,0,0,1,3,0,0,1,0,0,0,1,60
TXN0004032,2024-02-16T18:20:00,46,M0170,Logistics,mid,C00690,20,2,922,0.0354,11572.65,wallet,PNB,567015,18,4,0,0,0,0,0,0,0,1,0,0,1,47
TXN0004033,2024-02-16T16:23:00,46,M0194,Retail,mid,C00830,18,3,1664,0.0177,1330.7,wallet,Axis,400456,16,4,0,0,0,0,0,0,0,1,0,0,0,54
TXN0004034,2024-02-16T16:46:00,46,M0038,B2B,mid,C00236,165,9,7902,0.1522,46661.32,wallet,PNB,410535,16,4,0,0,0,1,0,0,1,0,1,1,0,52
TXN0004035,2024-02-16T08:59:00,46,M0076,Services,high,C00116,766,100,4386,0.0115,8346.77,card,Canara,431077,8,4,0,11,1,1,0,0,0,1,0,0,0,52
TXN0004036,2024-02-16T13:40:00,46,M0084,B2B,mid,C01147,236,10,6707,0.0762,19217.06,upi,SBI,582310,13,4,0,0,0,0,0,0,0,0,0,0,0,56
TXN0004037,2024-02-16T20:51:00,46,M0088,Food,low,C01031,20,3,1908,0.0954,1453.55,upi,HDFC,551933,20,4,0,0,0,0,0,0,0,0,0,0,0,46
TXN0004038,2024-02-16T18:12:00,46,M0160,Services,mid,C00884,81,15,4291,0.1355,2760.51,netbanking,SBI,477468,18,4,0,0,0,1,0,0,0,0,0,0,0,50
TXN0004039,2024-02-16T00:52:00,46,M0059,Logistics,mid,C01130,848,77,24437,0.0028,22082.94,netbanking,PNB,430672,0,4,0,1,1,1,0,0,0,0,1,1,0,16
TXN0004040,2024-02-16T00:18:00,46,M0080,Logistics,low,C00602,23,3,1178,0.0684,1881.1,card,SBI,478310,0,4,0,0,0,0,0,0,0,0,0,0,1,37
TXN0004041,2024-02-16T08:14:00,46,M0144,Retail,low,C00646,9,2,523,0.1528,2135.94,wallet,HDFC,409001,8,4,0,0,0,0,0,0,0,1,0,0,1,29
TXN0004042,2024-02-16T17:06:00,46,M0161,Services,mid,C00339,982,119,13127,0.0037,17146.98,netbanking,Canara,577082,17,4,0,0,0,0,0,0,0,0,0,0,0,58
TXN0004043,2024-02-16T17:00:00,46,M0079,Retail,high,C00131,144,9,6489,0.1913,3252.53,upi,Canara,504046,17,4,0,0,0,0,0,0,0,1,0,0,0,13
TXN0004044,2024-02-16T17:05:00,46,M0038,B2B,mid,C00951,107,11,1569,0.0432,25620.74,upi,PNB,438618,17,4,0,0,0,1,0,0,0,0,0,0,0,20
TXN0004045,2024-02-16T11:14:00,46,M0189,SaaS,mid,C00072,298,15,2545,0.0745,564.81,netbanking,Kotak,584894,11,4,0,0,0,1,0,1,0,0,1,1,0,45
TXN0004046,2024-02-16T14:28:00,46,M0071,Retail,low,C00269,192,10,5521,0.0392,3733.65,netbanking,HDFC,496890,14,4,0,0,0,0,0,0,0,1,0,0,0,12
TXN0004047,2024-02-16T06:01:00,46,M0157,SaaS,mid,C00905,997,85,9286,0.052,2891.38,wallet,Kotak,419119,6,4,0,0,0,1,0,0,0,0,0,0,0,45
TXN0004048,2024-02-16T08:14:00,46,M0038,B2B,mid,C00380,17,3,1440,0.0452,14384.0,card,ICICI,461612,8,4,0,0,0,0,0,0,0,1,0,0,1,24
TXN0004049,2024-02-16T19:46:00,46,M0115,Services,high,C00517,15,2,1142,0.0701,4182.06,netbanking,Axis,549991,19,4,0,0,0,0,0,0,0,1,0,0,1,28
TXN0004050,2024-02-16T10:27:00,46,M0034,Retail,high,C00374,295,16,6772,0.0438,4287.81,wallet,ICICI,474165,10,4,0,0,0,1,0,0,0,0,0,0,0,27
TXN0004051,2024-02-16T12:12:00,46,M0172,Food,mid,C01187,158,12,5721,0.2214,1828.9,card,PNB,594591,12,4,0,0,0,1,0,0,0,0,0,0,0,70
TXN0004052,2024-02-16T11:06:00,46,M0015,Services,low,C01115,113,12,1457,0.1206,2965.68,wallet,ICICI,524503,11,4,0,0,0,0,0,0,0,0,0,0,0,61
TXN0004053,2024-02-16T00:16:00,46,M0107,SaaS,mid,C00480,20,4,1217,0.0927,1825.89,netbanking,SBI,530841,0,4,0,11,0,1,0,0,0,0,0,0,1,53
TXN0004054,2024-02-16T22:27:00,46,M0097,Services,low,C01136,979,55,14910,0.0392,5971.25,upi,ICICI,529578,22,4,0,0,0,0,0,0,0,0,0,0,0,25
TXN0004055,2024-02-16T12:49:00,46,M0074,Services,high,C00428,11,3,1906,0.0571,1807.79,netbanking,SBI,565455,12,4,0,0,0,0,0,0,0,1,0,0,1,27
TXN0004056,2024-02-16T11:16:00,46,M0141,Logistics,low,C00004,9,3,830,0.1613,24827.69,wallet,Yes,479635,11,4,0,0,0,0,0,0,0,0,0,0,1,13
TXN0004057,2024-02-16T13:38:00,46,M0079,Retail,high,C00223,948,113,4536,0.0514,6534.55,card,Kotak,585748,13,4,0,0,0,1,1,0,0,0,1,1,0,26
TXN0004058,2024-02-16T00:56:00,46,M0156,Services,mid,C00263,223,7,1895,0.1805,1326.5,netbanking,HDFC,562288,0,4,0,0,0,0,1,0,0,0,1,1,0,67
TXN0004059,2024-02-16T18:31:00,46,M0067,Food,mid,C01011,969,71,17623,0.0588,18950.42,upi,ICICI,579714,18,4,0,0,0,0,0,0,0,1,0,0,0,42
TXN0004060,2024-02-16T11:40:00,46,M0044,Logistics,low,C00901,13,3,892,0.0292,13291.87,wallet,Axis,592209,11,4,0,0,0,0,0,0,0,0,0,0,1,56
TXN0004061,2024-02-16T21:21:00,46,M0156,Services,mid,C00443,854,55,13516,0.0083,11649.81,wallet,SBI,452361,21,4,0,0,0,0,0,0,0,1,0,0,0,36
TXN0004062,2024-02-16T19:06:00,46,M0126,B2B,low,C00907,756,91,17173,0.0372,23806.61,wallet,Axis,491562,19,4,0,0,0,0,0,0,0,0,0,0,0,60
TXN0004063,2024-02-16T17:14:00,46,M0154,Retail,low,C00030,17,1,671,0.1258,904.02,wallet,PNB,520246,17,4,0,0,0,0,0,0,0,1,0,0,1,14
TXN0004064,2024-02-16T09:43:00,46,M0001,Retail,high,C00478,987,65,6053,0.0157,2596.47,wallet,Canara,440498,9,4,0,0,0,1,0,0,0,0,0,0,0,13
TXN0004065,2024-02-16T11:35:00,46,M0085,SaaS,mid,C01415,250,20,2725,0.1037,2449.2,card,SBI,555528,11,4,0,0,0,0,0,0,0,0,0,0,0,24
TXN0004066,2024-02-16T07:10:00,46,M0047,Logistics,low,C00938,118,6,4811,0.096,7235.62,card,Canara,508537,7,4,0,0,0,0,0,0,0,0,0,0,0,44
TXN0004067,2024-02-16T17:21:00,46,M0110,Food,high,C00474,739,86,5809,0.0047,1931.89,upi,Kotak,431726,17,4,0,0,0,0,0,0,0,0,0,0,0,23
TXN0004068,2024-02-16T10:30:00,46,M0037,Retail,mid,C00306,139,18,6979,0.0673,2199.11,netbanking,HDFC,571571,10,4,0,0,0,0,0,0,0,1,0,0,0,36
TXN0004069,2024-02-16T16:06:00,46,M0065,B2B,high,C01451,139,19,1913,0.1121,20249.87,card,SBI,448165,16,4,0,0,0,0,0,0,0,0,1,1,0,28
TXN0004070,2024-02-16T17:33:00,46,M0057,Food,high,C00270,170,17,1239,0.1579,339.09,netbanking,SBI,529772,17,4,0,0,0,0,0,0,0,0,0,0,0,29
TXN0004071,2024-02-16T05:25:00,46,M0003,SaaS,low,C00534,238,6,3705,0.0314,4604.92,netbanking,SBI,507332,5,4,0,0,0,0,0,0,0,0,1,1,0,15
TXN0004072,2024-02-16T14:57:00,46,M0103,Services,low,C01002,254,13,4980,0.0896,5082.98,wallet,Yes,484220,14,4,0,11,1,1,0,0,0,1,0,0,0,71
TXN0004073,2024-02-16T14:07:00,46,M0102,Retail,high,C01351,889,74,9529,0.0228,9682.96,netbanking,HDFC,509131,14,4,0,0,0,0,0,0,0,0,0,0,1,25
TXN0004074,2024-02-16T11:56:00,46,M0093,SaaS,mid,C01025,160,7,5324,0.1057,4812.22,wallet,Canara,408795,11,4,0,0,0,0,0,0,0,1,0,0,0,19
TXN0004075,2024-02-16T18:41:00,46,M0002,B2B,low,C00816,19,4,737,0.0138,13684.2,card,ICICI,583485,18,4,0,0,0,0,0,0,0,1,0,0,1,70
TXN0004076,2024-02-16T19:44:00,46,M0188,Logistics,mid,C01107,127,7,7462,0.0038,8693.83,upi,SBI,569442,19,4,0,0,0,0,0,0,0,1,0,0,0,13
TXN0004077,2024-02-16T08:00:00,46,M0081,Logistics,high,C00250,152,8,1749,0.0053,2716.25,netbanking,Kotak,580360,8,4,0,0,0,0,0,0,0,1,0,0,0,65
TXN0004078,2024-02-16T16:46:00,46,M0005,Logistics,high,C00320,211,6,4563,0.1454,20893.99,wallet,Yes,468142,16,4,0,0,0,0,0,0,0,0,0,0,0,67
TXN0004079,2024-02-16T06:47:00,46,M0045,Food,high,C01220,20,3,632,0.015,919.87,netbanking,Kotak,400926,6,4,0,0,0,0,0,0,0,0,0,0,0,69
TXN0004080,2024-02-16T10:26:00,46,M0134,Services,low,C00068,788,109,6849,0.0242,3092.02,upi,HDFC,494494,10,4,0,0,0,1,0,0,0,1,0,0,0,45
TXN0004081,2024-02-16T16:54:00,46,M0196,Retail,low,C00189,240,9,5249,0.0397,1696.18,card,Yes,466928,16,4,0,0,0,1,0,0,0,1,0,0,0,67
TXN0004082,2024-02-16T10:07:00,46,M0100,Retail,low,C00918,794,115,11397,0.0088,5886.68,upi,HDFC,470419,10,4,0,0,0,0,0,0,0,0,0,0,0,60
TXN0004083,2024-02-16T10:19:00,46,M0129,Services,low,C00108,20,2,721,0.0884,942.61,card,Axis,599222,10,4,0,0,0,0,0,0,0,0,0,0,1,55
TXN0004084,2024-02-16T08:36:00,46,M0145,SaaS,low,C00744,295,10,1839,0.0357,1882.48,wallet,PNB,491136,8,4,0,0,0,1,0,0,0,0,0,0,0,37
TXN0004085,2024-02-16T19:10:00,46,M0168,Food,high,C00054,249,8,7248,0.0399,5104.97,upi,Kotak,417767,19,4,0,0,0,0,0,0,0,0,0,0,0,47
TXN0004086,2024-02-17T13:12:00,47,M0015,Services,low,C00815,98,19,1435,0.0519,8856.15,wallet,HDFC,408923,13,5,1,0,0,0,0,0,0,0,0,0,0,18
TXN0004087,2024-02-17T06:56:00,47,M0109,Services,low,C01033,8,1,749,0.0884,1441.22,netbanking,HDFC,469194,6,5,1,0,0,1,0,0,0,0,0,0,1,22
TXN0004088,2024-02-17T09:21:00,47,M0168,Food,high,C00051,7,4,1507,0.0219,1364.7,card,ICICI,425895,9,5,1,0,0,1,0,0,0,0,1,1,0,52
TXN0004089,2024-02-17T17:21:00,47,M0132,Food,mid,C00944,180,9,4256,0.0575,2166.74,upi,Axis,548766,17,5,1,0,0,0,0,0,0,0,0,0,0,41
TXN0004090,2024-02-17T18:22:00,47,M0161,Services,mid,C00175,128,19,3030,0.0547,2149.26,upi,Canara,472843,18,5,1,0,0,0,0,0,0,1,0,0,0,22
TXN0004091,2024-02-17T06:37:00,47,M0047,Logistics,low,C00465,97,20,3939,0.0191,12083.74,netbanking,Kotak,478874,6,5,1,0,0,2,0,0,0,0,0,0,0,28
TXN0004092,2024-02-17T15:32:00,47,M0199,SaaS,mid,C00230,19,3,1131,0.0522,1196.0,upi,HDFC,507956,15,5,1,0,0,0,0,0,0,0,0,0,0,36
TXN0004093,2024-02-17T18:37:00,47,M0047,Logistics,low,C00664,257,11,5259,0.0795,4930.72,upi,PNB,432271,18,5,1,13,0,0,0,0,0,1,0,0,0,44
TXN0004094,2024-02-17T18:56:00,47,M0061,Services,low,C00516,902,103,23685,0.0193,4293.83,netbanking,Yes,463601,18,5,1,0,0,0,0,0,0,1,0,0,0,21
TXN0004095,2024-02-17T20:00:00,47,M0149,Services,low,C00010,111,19,3864,0.0703,2236.88,card,ICICI,539155,20,5,1,0,0,2,0,0,0,0,0,0,0,46
TXN0004096,2024-02-17T19:53:00,47,M0017,B2B,low,C00154,270,10,5468,0.0633,15023.66,wallet,SBI,474023,19,5,1,12,0,0,0,0,0,0,0,0,0,65
TXN0004097,2024-02-17T07:50:00,47,M0043,Logistics,high,C01395,20,2,590,0.0494,3867.52,card,Kotak,554425,7,5,1,0,0,0,0,0,0,0,0,0,0,39
TXN0004098,2024-02-17T15:13:00,47,M0155,SaaS,mid,C00740,151,10,1433,0.0615,933.0,upi,Axis,484362,15,5,1,0,0,0,0,0,0,0,0,0,0,18
TXN0004099,2024-02-17T07:16:00,47,M0194,Retail,mid,C00740,151,10,1433,0.0615,4278.88,wallet,HDFC,573636,7,5,1,1,1,1,1,0,0,1,1,1,0,38
TXN0004100,2024-02-17T06:24:00,47,M0121,Food,low,C00936,11,4,980,0.0532,549.43,card,Yes,520973,6,5,1,0,0,1,0,0,0,0,0,0,0,14
TXN0004101,2024-02-17T07:28:00,47,M0118,Retail,mid,C00142,20,2,1944,0.1027,1164.12,wallet,HDFC,430891,7,5,1,0,0,0,0,0,0,0,0,0,1,43
TXN0004102,2024-02-17T09:00:00,47,M0093,SaaS,mid,C00397,20,3,885,0.0456,551.66,card,Canara,519986,9,5,1,0,0,1,1,0,0,0,1,1,0,70
TXN0004103,2024-02-17T13:56:00,47,M0131,Logistics,high,C01162,25,4,605,0.233,7414.39,wallet,HDFC,589875,13,5,1,0,0,0,0,0,0,0,0,0,0,29
TXN0004104,2024-02-17T19:18:00,47,M0103,Services,low,C00926,78,16,1245,0.1055,1073.5,wallet,HDFC,469905,19,5,1,0,0,2,0,0,0,0,0,0,0,69
TXN0004105,2024-02-17T12:32:00,47,M0113,Services,high,C00240,155,17,4760,0.1241,5485.48,upi,ICICI,579773,12,5,1,0,0,1,0,0,0,0,0,0,0,39
TXN0004106,2024-02-17T12:05:00,47,M0098,Retail,mid,C00677,22,3,664,0.2321,1508.67,netbanking,Kotak,548371,12,5,1,0,0,0,0,0,0,0,0,0,0,58
TXN0004107,2024-02-17T11:43:00,47,M0052,Logistics,mid,C00491,109,6,7422,0.1327,31417.36,wallet,Canara,421747,11,5,1,0,0,0,0,0,0,0,0,0,0,28
TXN0004108,2024-02-17T19:02:00,47,M0194,Retail,mid,C01017,211,11,7099,0.0344,7175.48,wallet,Yes,474328,19,5,1,12,0,0,0,0,0,1,0,0,0,31
TXN0004109,2024-02-17T17:45:00,47,M0010,SaaS,high,C00809,22,1,606,0.0443,272.96,netbanking,Kotak,404158,17,5,1,0,0,0,0,0,0,1,0,0,0,48
TXN0004110,2024-02-17T16:27:00,47,M0180,Food,low,C01203,13,3,700,0.0223,1290.77,upi,Kotak,416810,16,5,1,0,0,0,0,0,0,1,0,0,0,53
TXN0004111,2024-02-17T18:26:00,47,M0099,B2B,low,C01108,159,19,6909,0.148,15427.53,netbanking,HDFC,468328,18,5,1,0,0,0,0,0,0,0,0,0,0,40
TXN0004112,2024-02-17T11:18:00,47,M0098,Retail,mid,C00746,139,16,2138,0.1821,2947.58,wallet,SBI,452338,11,5,1,0,0,0,0,0,0,1,0,0,0,70
TXN0004113,2024-02-17T17:10:00,47,M0199,SaaS,mid,C01447,197,6,3612,0.0881,3325.76,wallet,Canara,429426,17,5,1,0,0,0,0,0,0,0,0,0,0,16
TXN0004114,2024-02-17T13:35:00,47,M0088,Food,low,C00249,12,1,668,0.0436,1098.88,netbanking,HDFC,458478,13,5,1,0,0,0,0,0,0,0,0,0,1,57
TXN0004115,2024-02-17T16:42:00,47,M0184,Logistics,high,C00971,17,3,524,0.1054,7342.64,upi,PNB,463053,16,5,1,0,0,1,0,0,0,0,0,0,0,41
TXN0004116,2024-02-17T16:21:00,47,M0147,SaaS,mid,C00520,972,120,4763,0.0006,1532.61,netbanking,HDFC,449669,16,5,1,0,0,0,0,0,0,0,0,0,0,20
TXN0004117,2024-02-17T21:13:00,47,M0122,Retail,low,C01027,177,10,5728,0.0384,2092.6,upi,Axis,592044,21,5,1,11,0,0,0,0,0,0,0,0,0,21
TXN0004118,2024-02-17T08:51:00,47,M0014,Logistics,high,C00873,280,8,6689,0.038,35005.44,netbanking,Kotak,436882,8,5,1,0,0,0,0,1,0,0,1,1,0,52
TXN0004119,2024-02-17T18:50:00,47,M0185,Food,high,C01022,974,77,19220,0.0059,12076.65,wallet,SBI,455153,18,5,1,0,0,0,1,0,0,0,1,1,0,31
TXN0004120,2024-02-17T04:22:00,47,M0087,Logistics,mid,C01344,11,4,1617,0.1077,11731.04,upi,Canara,573250,4,5,1,0,0,0,0,0,0,0,1,1,0,50
TXN0004121,2024-02-17T19:30:00,47,M0047,Logistics,low,C00159,9,3,1315,0.0747,8510.45,netbanking,ICICI,494074,19,5,1,0,0,0,0,0,0,1,0,0,0,68
TXN0004122,2024-02-17T06:45:00,47,M0138,Services,mid,C00026,18,3,1611,0.0667,2559.13,upi,Axis,539473,6,5,1,0,0,0,0,0,0,0,0,0,0,18
TXN0004123,2024-02-17T07:57:00,47,M0099,B2B,low,C00527,62,20,7188,0.0902,31493.55,wallet,Yes,534718,7,5,1,0,0,0,0,1,0,1,1,1,0,40
TXN0004124,2024-02-17T17:30:00,47,M0100,Retail,low,C00745,236,8,4418,0.0669,5369.72,netbanking,Canara,414540,17,5,1,0,0,1,0,0,0,0,0,0,1,40
TXN0004125,2024-02-17T12:24:00,47,M0183,Retail,mid,C00117,169,17,6812,0.1292,12130.89,netbanking,Axis,414105,12,5,1,0,0,0,0,0,0,0,0,0,0,13
TXN0004126,2024-02-17T07:35:00,47,M0141,Logistics,low,C00232,9,1,1034,0.0886,18621.18,wallet,SBI,478749,7,5,1,0,0,1,0,0,0,0,0,0,1,32
TXN0004127,2024-02-17T07:26:00,47,M0073,SaaS,high,C01055,6,1,1085,0.0767,323.94,upi,SBI,545690,7,5,1,0,0,4,0,0,0,0,0,0,0,27
TXN0004128,2024-02-17T07:49:00,47,M0174,SaaS,low,C00189,240,9,5249,0.0397,9360.86,netbanking,HDFC,456043,7,5,1,0,1,2,0,0,0,0,1,1,0,15
TXN0004129,2024-02-17T11:16:00,47,M0185,Food,high,C00815,98,19,1435,0.0519,1339.96,netbanking,PNB,523653,11,5,1,1,1,1,0,0,0,0,0,0,0,58
TXN0004130,2024-02-17T09:44:00,47,M0097,Services,low,C01082,907,96,17695,0.0238,18991.33,upi,ICICI,474988,9,5,1,0,0,1,0,0,0,1,0,0,0,50
TXN0004131,2024-02-17T20:04:00,47,M0013,Logistics,high,C01065,288,10,5394,0.1014,17488.08,netbanking,Axis,435904,20,5,1,0,0,0,0,0,0,0,0,0,0,26
TXN0004132,2024-02-17T22:21:00,47,M0049,Services,mid,C00936,11,4,980,0.0532,2787.6,wallet,Kotak,543304,22,5,1,0,1,2,0,0,0,0,0,0,0,21
TXN0004133,2024-02-17T15:36:00,47,M0037,Retail,mid,C00523,973,109,20713,0.0508,3584.61,card,HDFC,526524,15,5,1,0,0,1,0,0,0,0,0,0,0,28
TXN0004134,2024-02-17T21:34:00,47,M0037,Retail,mid,C00721,195,19,4751,0.0478,2737.64,card,SBI,419416,21,5,1,0,0,0,0,0,0,1,0,0,0,31
TXN0004135,2024-02-17T12:04:00,47,M0132,Food,mid,C00565,261,17,2212,0.0312,2834.73,netbanking,PNB,425689,12,5,1,0,0,0,0,0,0,0,0,0,0,23
TXN0004136,2024-02-17T18:19:00,47,M0064,Food,high,C00497,964,108,22229,0.0384,5884.3,wallet,HDFC,410033,18,5,1,0,0,0,0,0,0,0,0,0,0,46
TXN0004137,2024-02-17T11:22:00,47,M0085,SaaS,mid,C00399,22,1,1716,0.1464,411.39,upi,Kotak,496107,11,5,1,0,0,0,0,0,0,1,0,0,1,19
TXN0004138,2024-02-17T10:19:00,47,M0013,Logistics,high,C00310,19,3,613,0.0983,4250.87,card,SBI,541165,10,5,1,0,0,1,1,0,0,0,1,1,0,29
TXN0004139,2024-02-17T19:28:00,47,M0046,SaaS,high,C00997,227,14,7005,0.0973,11875.19,card,SBI,523631,19,5,1,0,0,0,0,0,0,1,0,0,0,50
TXN0004140,2024-02-17T07:08:00,47,M0135,Retail,low,C00988,21,3,1506,0.0789,1391.98,netbanking,Canara,589426,7,5,1,11,0,2,0,0,0,0,0,0,0,22
TXN0004141,2024-02-17T20:31:00,47,M0102,Retail,high,C00190,104,19,5367,0.0534,7817.31,netbanking,SBI,401495,20,5,1,0,0,0,0,0,0,1,1,1,0,39
TXN0004142,2024-02-17T19:31:00,47,M0058,B2B,low,C00577,64,16,6605,0.0782,66255.89,upi,Axis,432046,19,5,1,0,0,1,0,1,0,1,1,1,0,24
TXN0004143,2024-02-17T23:53:00,47,M0028,Retail,mid,C00772,10,1,1602,0.0467,1221.65,wallet,PNB,479918,23,5,1,0,0,0,0,1,0,0,1,1,0,51
TXN0004144,2024-02-17T17:46:00,47,M0174,SaaS,low,C01291,190,16,2760,0.0634,2848.39,upi,Canara,418666,17,5,1,0,0,0,0,0,0,0,0,0,0,27
TXN0004145,2024-02-17T13:01:00,47,M0031,Food,mid,C01270,194,13,3612,0.2041,1913.32,upi,Kotak,429161,13,5,1,0,0,0,0,0,0,0,0,0,0,56
TXN0004146,2024-02-17T14:56:00,47,M0174,SaaS,low,C00991,17,4,1005,0.172,1505.18,upi,SBI,584945,14,5,1,0,0,0,0,0,0,0,0,0,0,71
TXN0004147,2024-02-17T13:37:00,47,M0080,Logistics,low,C01408,162,5,2506,0.0998,7330.42,wallet,Yes,512915,13,5,1,0,0,0,1,0,0,0,1,1,0,46
TXN0004148,2024-02-17T10:38:00,47,M0102,Retail,high,C00582,21,2,1380,0.0335,1912.42,upi,ICICI,530417,10,5,1,0,0,0,0,0,0,0,0,0,1,28
TXN0004149,2024-02-17T01:34:00,47,M0057,Food,high,C00431,101,14,6598,0.0446,3507.17,wallet,Axis,482479,1,5,1,0,0,1,0,0,0,1,0,0,0,12
TXN0004150,2024-02-17T09:19:00,47,M0165,Services,low,C00520,972,120,4763,0.0006,5525.76,wallet,HDFC,503583,9,5,1,1,1,1,1,0,0,0,0,1,1,71
TXN0004151,2024-02-17T20:30:00,47,M0039,Logistics,mid,C01123,182,15,6346,0.1537,10230.91,netbanking,SBI,493590,20,5,1,0,0,0,0,0,0,1,0,0,0,44
TXN0004152,2024-02-17T11:46:00,47,M0105,SaaS,high,C01409,11,3,1120,0.0956,1095.67,netbanking,PNB,500967,11,5,1,9,0,0,0,0,0,0,0,0,1,58
TXN0004153,2024-02-17T11:10:00,47,M0049,Services,mid,C00995,165,7,1895,0.1327,3819.49,netbanking,Kotak,593104,11,5,1,0,0,0,0,1,0,1,1,1,0,50
TXN0004154,2024-02-17T03:25:00,47,M0153,Food,low,C01086,992,108,19509,0.0238,14480.24,card,ICICI,472753,3,5,1,0,0,0,0,0,0,0,1,1,0,38
TXN0004155,2024-02-17T13:29:00,47,M0106,Services,high,C00594,111,19,1738,0.0355,1135.08,upi,Kotak,493255,13,5,1,0,0,0,1,0,0,0,1,1,0,21
TXN0004156,2024-02-17T14:38:00,47,M0128,B2B,high,C00687,211,10,3748,0.0173,16997.54,wallet,HDFC,419890,14,5,1,0,0,1,0,0,0,0,0,0,0,31
TXN0004157,2024-02-17T09:39:00,47,M0173,Food,high,C01485,738,85,24212,0.0582,31436.61,wallet,SBI,428146,9,5,1,0,0,0,0,0,0,0,0,0,0,63
TXN0004158,2024-02-17T11:49:00,47,M0123,Logistics,high,C01063,16,2,1323,0.0664,4626.79,netbanking,Axis,440307,11,5,1,0,0,0,0,0,0,0,0,0,0,44
TXN0004159,2024-02-17T07:52:00,47,M0141,Logistics,low,C00382,183,7,3754,0.1617,8886.59,wallet,Canara,509098,7,5,1,0,0,0,0,0,0,0,0,0,0,70
TXN0004160,2024-02-17T13:23:00,47,M0136,Logistics,mid,C00107,756,86,22674,0.0092,33506.46,upi,Yes,408406,13,5,1,0,0,1,0,0,0,1,1,1,0,48
TXN0004161,2024-02-17T19:34:00,47,M0022,Retail,low,C01283,80,13,5999,0.1048,3158.93,card,Yes,580250,19,5,1,0,0,0,0,0,0,0,0,0,0,49
TXN0004162,2024-02-17T12:21:00,47,M0072,SaaS,high,C00512,25,1,1421,0.169,1680.75,netbanking,HDFC,445849,12,5,1,0,0,0,0,0,0,0,0,0,0,58
TXN0004163,2024-02-17T09:52:00,47,M0176,SaaS,low,C01219,19,3,1090,0.1517,903.23,upi,SBI,438376,9,5,1,0,0,0,0,0,0,1,0,0,0,20
TXN0004164,2024-02-17T17:23:00,47,M0040,SaaS,mid,C00074,19,1,1979,0.0283,3173.74,upi,Canara,545258,17,5,1,0,0,0,0,0,0,1,0,0,1,59
TXN0004165,2024-02-17T03:50:00,47,M0170,Logistics,mid,C00163,25,2,1240,0.1129,4052.88,upi,Yes,499576,3,5,1,0,1,1,0,0,0,1,0,0,1,31
TXN0004166,2024-02-17T16:12:00,47,M0052,Logistics,mid,C00571,11,2,917,0.0974,9844.77,card,HDFC,440575,16,5,1,0,0,0,0,0,0,0,0,0,1,67
TXN0004167,2024-02-17T13:05:00,47,M0180,Food,low,C00441,144,16,3404,0.0449,1973.03,wallet,Axis,488764,13,5,1,0,0,0,0,0,0,0,0,0,0,21
TXN0004168,2024-02-17T05:12:00,47,M0079,Retail,high,C00589,17,3,1307,0.109,2290.39,upi,Canara,503732,5,5,1,0,1,2,0,0,0,0,1,1,0,51
TXN0004169,2024-02-17T14:14:00,47,M0077,Services,high,C00140,942,56,15991,0.0155,8881.44,netbanking,Canara,469714,14,5,1,12,0,0,0,0,0,0,0,0,0,69
TXN0004170,2024-02-17T11:48:00,47,M0073,SaaS,high,C01423,8,4,1688,0.1325,1095.1,card,Canara,521759,11,5,1,0,0,0,0,0,0,1,0,0,0,59
TXN0004171,2024-02-17T22:04:00,47,M0152,Retail,high,C01317,274,6,6197,0.1133,15026.69,wallet,Kotak,574647,22,5,1,0,0,0,0,0,0,0,0,0,1,24
TXN0004172,2024-02-17T18:34:00,47,M0124,Retail,low,C00515,925,86,18196,0.0233,13075.39,netbanking,Yes,515004,18,5,1,0,0,0,0,0,0,0,0,0,0,59
TXN0004173,2024-02-18T13:12:00,48,M0053,Retail,low,C00657,266,10,3140,0.067,1409.02,wallet,Canara,427703,13,6,1,0,0,0,0,0,0,0,0,0,0,41
TXN0004174,2024-02-18T18:11:00,48,M0026,Retail,high,C01479,922,53,17547,0.0327,12302.33,card,Axis,443899,18,6,1,0,0,0,0,0,0,0,0,0,0,68
TXN0004175,2024-02-18T13:35:00,48,M0001,Retail,high,C00944,180,9,4256,0.0575,1802.98,upi,HDFC,427060,13,6,1,0,1,1,0,0,0,1,0,0,0,16
TXN0004176,2024-02-18T21:03:00,48,M0006,Food,low,C01251,171,11,1704,0.0976,1525.78,upi,Axis,514030,21,6,1,0,0,0,0,0,0,0,0,0,0,69
TXN0004177,2024-02-18T15:02:00,48,M0195,Food,high,C00256,145,18,7680,0.1863,2258.41,netbanking,PNB,406221,15,6,1,0,0,0,0,0,0,1,0,0,0,35
TXN0004178,2024-02-18T11:32:00,48,M0090,Logistics,mid,C00241,746,61,16280,0.0092,57975.62,upi,PNB,498140,11,6,1,0,0,1,1,0,1,0,1,1,0,71
TXN0004179,2024-02-18T14:49:00,48,M0099,B2B,low,C00748,7,4,1914,0.0105,9841.22,upi,HDFC,549643,14,6,1,0,0,1,0,0,0,0,0,0,0,67
TXN0004180,2024-02-18T05:17:00,48,M0054,Retail,mid,C01174,13,1,894,0.1125,2719.7,card,Canara,566353,5,6,1,0,0,1,0,0,0,0,0,0,1,32
TXN0004181,2024-02-18T19:11:00,48,M0131,Logistics,high,C00867,176,15,2934,0.1788,16509.05,upi,Canara,503230,19,6,1,0,0,0,0,0,0,0,0,0,0,43
TXN0004182,2024-02-18T18:52:00,48,M0039,Logistics,mid,C01223,878,78,4053,0.0134,4608.85,card,Canara,404996,18,6,1,0,0,0,0,0,0,0,0,0,0,44
TXN0004183,2024-02-18T22:41:00,48,M0050,Logistics,high,C00926,78,16,1245,0.1055,2986.31,netbanking,Yes,577447,22,6,1,0,0,3,0,0,0,1,0,0,0,56
TXN0004184,2024-02-18T13:20:00,48,M0133,SaaS,mid,C00700,833,92,7168,0.0006,9484.61,card,PNB,505305,13,6,1,0,0,1,0,0,0,0,0,0,0,54
TXN0004185,2024-02-18T21:36:00,48,M0162,Services,high,C00393,255,7,2060,0.1223,2454.71,wallet,Kotak,438750,21,6,1,0,0,1,0,0,0,0,0,0,0,65
TXN0004186,2024-02-18T16:46:00,48,M0134,Services,low,C01189,130,15,7174,0.0537,3938.35,wallet,ICICI,557032,16,6,1,0,0,0,0,0,0,0,0,0,0,24
TXN0004187,2024-02-18T01:10:00,48,M0196,Retail,low,C01116,73,8,6429,0.1022,5853.49,wallet,Axis,489091,1,6,1,0,0,0,0,0,0,0,1,1,0,58
TXN0004188,2024-02-18T14:28:00,48,M0052,Logistics,mid,C01343,14,3,808,0.014,2714.31,card,Yes,492981,14,6,1,0,0,0,0,0,0,0,0,0,0,59
TXN0004189,2024-02-18T08:58:00,48,M0043,Logistics,high,C01269,294,12,4633,0.1214,21380.97,netbanking,Axis,591791,8,6,1,0,0,0,1,0,0,0,1,1,0,39
TXN0004190,2024-02-18T02:56:00,48,M0134,Services,low,C00533,246,5,2907,0.0373,4980.69,card,PNB,552220,2,6,1,0,0,1,1,0,0,1,1,1,0,67
TXN0004191,2024-02-18T11:27:00,48,M0029,Retail,high,C01418,16,4,1350,0.0837,2746.68,netbanking,Axis,569908,11,6,1,0,0,1,0,0,1,0,0,0,0,24
TXN0004192,2024-02-18T21:28:00,48,M0137,B2B,mid,C00610,941,55,13937,0.0074,35446.67,card,Yes,440070,21,6,1,0,0,0,0,0,0,1,1,1,0,14
TXN0004193,2024-02-18T13:00:00,48,M0045,Food,high,C00183,101,17,6050,0.1691,3044.14,netbanking,Kotak,415116,13,6,1,0,0,0,0,0,0,0,0,0,0,15
TXN0004194,2024-02-18T05:11:00,48,M0024,B2B,mid,C00104,84,15,4496,0.0376,15941.63,wallet,SBI,433025,5,6,1,0,0,0,0,0,0,0,1,1,0,53
TXN0004195,2024-02-18T14:15:00,48,M0059,Logistics,mid,C00099,24,1,1989,0.1715,5244.69,card,Kotak,550546,14,6,1,0,0,0,0,0,0,1,0,0,1,21
TXN0004196,2024-02-18T22:41:00,48,M0140,Logistics,high,C01388,776,89,7635,0.0318,7263.75,wallet,Canara,545011,22,6,1,9,0,1,0,0,0,0,0,0,0,70
TXN0004197,2024-02-18T07:15:00,48,M0153,Food,low,C00866,21,3,753,0.0237,2635.14,upi,PNB,458181,7,6,1,0,0,0,0,1,0,0,1,1,0,16
TXN0004198,2024-02-18T11:37:00,48,M0186,B2B,mid,C00542,75,16,6280,0.0499,64001.62,upi,HDFC,487513,11,6,1,0,0,0,0,0,0,0,1,1,0,39
TXN0004199,2024-02-18T14:05:00,48,M0195,Food,high,C01163,818,101,13424,0.0147,9959.36,wallet,Yes,536121,14,6,1,0,0,0,0,0,0,1,0,0,0,60
TXN0004200,2024-02-18T18:40:00,48,M0023,Services,low,C01073,216,10,2545,0.126,2985.48,card,HDFC,570229,18,6,1,0,0,0,0,0,0,0,0,0,0,42
TXN0004201,2024-02-18T03:23:00,48,M0109,Services,low,C00222,96,12,4387,0.0371,10877.55,card,Axis,524201,3,6,1,0,0,1,0,0,0,0,0,1,0,54
TXN0004202,2024-02-18T21:27:00,48,M0175,Food,low,C00523,973,109,20713,0.0508,18861.84,upi,Canara,579406,21,6,1,12,0,2,0,0,0,1,0,0,0,20
TXN0004203,2024-02-18T20:59:00,48,M0039,Logistics,mid,C01131,246,15,4665,0.1882,4984.29,netbanking,Yes,528100,20,6,1,0,0,0,0,1,0,0,0,1,1,62
TXN0004204,2024-02-18T07:30:00,48,M0057,Food,high,C00605,13,3,1579,0.0919,1786.91,netbanking,HDFC,401223,7,6,1,0,0,1,0,0,1,1,0,0,1,50
TXN0004205,2024-02-18T19:26:00,48,M0007,Food,mid,C01180,289,7,4681,0.1057,7544.86,wallet,Axis,566973,19,6,1,0,0,0,0,0,0,0,0,0,0,35
TXN0004206,2024-02-18T18:46:00,48,M0168,Food,high,C00463,23,3,774,0.0897,3074.7,wallet,Axis,597494,18,6,1,0,0,0,0,0,0,1,0,0,0,65
TXN0004207,2024-02-18T09:42:00,48,M0151,Food,low,C00007,283,18,6084,0.1851,1516.48,card,HDFC,599383,9,6,1,0,0,0,0,0,0,0,0,0,0,50
TXN0004208,2024-02-18T19:02:00,48,M0151,Food,low,C00685,24,2,629,0.1519,685.75,upi,SBI,418681,19,6,1,0,0,1,0,0,0,0,0,0,1,29
TXN0004209,2024-02-18T14:43:00,48,M0180,Food,low,C00014,91,14,5154,0.0628,3434.59,upi,Axis,578034,14,6,1,1,0,0,0,0,0,0,1,1,0,57
TXN0004210,2024-02-18T21:36:00,48,M0191,Logistics,high,C00739,126,20,6687,0.0675,15333.6,wallet,HDFC,563806,21,6,1,0,0,0,1,0,0,0,1,1,0,44
TXN0004211,2024-02-18T10:12:00,48,M0092,Food,low,C00290,20,3,1897,0.2062,654.98,upi,Axis,469345,10,6,1,0,0,0,0,1,0,0,0,1,1,59
TXN0004212,2024-02-18T23:23:00,48,M0037,Retail,mid,C00687,211,10,3748,0.0173,2191.97,upi,SBI,543558,23,6,1,0,0,2,0,0,0,0,0,0,0,35
TXN0004213,2024-02-18T15:29:00,48,M0117,SaaS,low,C00389,144,16,3134,0.1005,1957.66,upi,Axis,506608,15,6,1,0,0,0,0,0,0,1,0,0,0,61
TXN0004214,2024-02-18T15:12:00,48,M0144,Retail,low,C01455,10,2,1166,0.1054,1615.37,card,HDFC,476447,15,6,1,0,0,0,0,0,0,1,0,0,0,56
TXN0004215,2024-02-18T04:07:00,48,M0059,Logistics,mid,C00067,25,2,1953,0.0356,15898.84,netbanking,ICICI,538016,4,6,1,0,0,0,0,0,0,0,1,1,0,28
TXN0004216,2024-02-18T18:35:00,48,M0038,B2B,mid,C01235,111,8,1550,0.0381,6849.58,upi,PNB,581652,18,6,1,0,0,0,0,0,0,0,0,0,0,29
TXN0004217,2024-02-18T23:38:00,48,M0060,Services,high,C00613,294,20,7531,0.0191,16457.17,netbanking,PNB,432959,23,6,1,0,0,0,0,0,0,0,0,0,1,42
TXN0004218,2024-02-18T16:51:00,48,M0036,Retail,low,C00001,266,5,6471,0.1662,4714.65,upi,PNB,472343,16,6,1,12,0,0,0,0,0,1,0,0,0,56
TXN0004219,2024-02-18T08:57:00,48,M0006,Food,low,C01162,25,4,605,0.233,2047.07,upi,PNB,403665,8,6,1,0,1,1,0,0,0,0,0,0,0,48
TXN0004220,2024-02-18T15:01:00,48,M0152,Retail,high,C01123,182,15,6346,0.1537,11624.25,upi,Yes,451434,15,6,1,0,1,1,0,0,0,0,0,0,0,17
TXN0004221,2024-02-18T12:29:00,48,M0157,SaaS,mid,C00178,20,4,1085,0.1022,1407.88,upi,SBI,522891,12,6,1,0,0,1,0,0,0,1,0,0,1,56
TXN0004222,2024-02-18T17:03:00,48,M0078,B2B,high,C00615,233,15,5548,0.0875,37395.44,upi,PNB,577069,17,6,1,6,0,0,0,0,0,1,0,1,0,42
TXN0004223,2024-02-18T18:33:00,48,M0032,Food,low,C01470,7,1,1589,0.028,3708.32,wallet,HDFC,518649,18,6,1,0,0,0,0,0,0,0,0,0,1,43
TXN0004224,2024-02-18T08:13:00,48,M0016,Services,high,C00979,877,53,10504,0.0387,4982.92,wallet,Axis,451069,8,6,1,0,0,0,0,0,0,0,0,0,0,28
TXN0004225,2024-02-18T05:38:00,48,M0119,Retail,high,C00289,838,113,11799,0.0085,10403.36,wallet,ICICI,486421,5,6,1,0,0,0,0,0,0,0,1,1,0,62
TXN0004226,2024-02-18T14:55:00,48,M0049,Services,mid,C00647,25,4,1433,0.0659,1070.0,wallet,Yes,596183,14,6,1,0,0,1,0,0,0,0,0,0,1,55
TXN0004227,2024-02-18T08:17:00,48,M0161,Services,mid,C00794,294,13,3464,0.0308,7576.35,netbanking,Canara,407906,8,6,1,0,0,0,0,0,0,1,0,0,0,49
TXN0004228,2024-02-18T10:37:00,48,M0019,Services,mid,C00425,783,99,24545,0.0148,10886.25,card,HDFC,402958,10,6,1,12,0,1,0,0,0,0,0,0,0,49
TXN0004229,2024-02-18T18:28:00,48,M0137,B2B,mid,C00913,120,7,7354,0.1533,38420.4,upi,ICICI,400384,18,6,1,0,0,0,0,0,0,0,1,1,0,69
TXN0004230,2024-02-18T14:52:00,48,M0015,Services,low,C00536,12,4,1407,0.0616,2585.56,wallet,Kotak,437199,14,6,1,0,0,1,0,0,0,1,0,0,1,68
TXN0004231,2024-02-18T15:14:00,48,M0092,Food,low,C00073,293,17,4162,0.1695,1677.86,upi,Kotak,548836,15,6,1,0,0,0,1,0,0,1,1,1,0,25
TXN0004232,2024-02-18T14:52:00,48,M0022,Retail,low,C00084,95,8,6140,0.1283,3902.97,upi,Yes,499201,14,6,1,0,0,0,1,0,0,0,1,1,0,65
TXN0004233,2024-02-18T10:25:00,48,M0051,Food,low,C01302,271,15,5845,0.0997,8679.83,upi,PNB,486386,10,6,1,0,0,0,0,1,0,0,1,1,0,23
TXN0004234,2024-02-18T15:06:00,48,M0138,Services,mid,C00369,128,16,1165,0.0715,1559.29,card,Kotak,518888,15,6,1,0,0,0,0,0,0,0,0,0,0,18
TXN0004235,2024-02-18T09:51:00,48,M0104,Food,low,C01200,782,68,18104,0.0362,3986.46,wallet,ICICI,507998,9,6,1,0,0,0,0,0,0,0,0,0,0,36
TXN0004236,2024-02-18T07:23:00,48,M0039,Logistics,mid,C00773,866,52,18391,0.0182,15970.66,card,ICICI,408396,7,6,1,0,0,0,0,0,0,0,0,0,1,55
TXN0004237,2024-02-18T20:25:00,48,M0044,Logistics,low,C00390,180,11,5099,0.0301,12818.57,upi,Axis,514160,20,6,1,0,0,1,0,0,0,0,0,0,0,66
TXN0004238,2024-02-18T16:41:00,48,M0040,SaaS,mid,C00539,88,12,6184,0.0646,7868.13,netbanking,Kotak,460366,16,6,1,0,0,0,1,0,0,0,1,1,0,55
TXN0004239,2024-02-18T18:40:00,48,M0030,B2B,high,C00629,174,16,3559,0.0527,74086.57,upi,HDFC,502063,18,6,1,0,0,1,0,0,0,1,1,1,0,43
TXN0004240,2024-02-18T10:45:00,48,M0021,SaaS,mid,C01413,15,2,630,0.1079,3014.86,netbanking,Yes,471341,10,6,1,0,0,0,0,0,0,1,0,0,0,23
TXN0004241,2024-02-18T21:48:00,48,M0194,Retail,mid,C00689,20,1,513,0.005,858.19,card,ICICI,431764,21,6,1,0,0,0,0,0,0,0,0,0,0,27
TXN0004242,2024-02-18T14:41:00,48,M0093,SaaS,mid,C01449,25,4,501,0.0588,1227.01,upi,SBI,426788,14,6,1,0,0,0,0,0,0,0,0,0,0,59
TXN0004243,2024-02-18T00:01:00,48,M0182,Retail,high,C00658,808,113,16531,0.032,7341.42,netbanking,Axis,588878,0,6,1,0,0,0,0,0,0,0,0,0,1,47
TXN0004244,2024-02-18T08:28:00,48,M0037,Retail,mid,C00057,299,11,4482,0.0391,3183.11,wallet,ICICI,450141,8,6,1,0,0,1,0,0,0,0,0,0,0,28
TXN0004245,2024-02-18T11:30:00,48,M0086,Retail,high,C00065,198,19,4385,0.0174,2929.87,wallet,ICICI,475422,11,6,1,0,0,0,0,0,0,1,0,0,0,22
TXN0004246,2024-02-18T11:09:00,48,M0080,Logistics,low,C00566,81,17,5110,0.0665,19038.06,card,Canara,471532,11,6,1,0,0,1,0,0,0,0,0,0,0,32
TXN0004247,2024-02-18T02:37:00,48,M0055,Services,mid,C01180,289,7,4681,0.1057,1759.74,wallet,Kotak,518635,2,6,1,1,1,1,0,0,0,0,1,1,0,20
TXN0004248,2024-02-18T20:12:00,48,M0134,Services,low,C00816,19,4,737,0.0138,2532.21,upi,PNB,537498,20,6,1,9,0,1,0,0,0,0,0,0,1,29
TXN0004249,2024-02-18T16:29:00,48,M0075,Retail,mid,C01379,877,76,14212,0.0235,1832.21,upi,Canara,562680,16,6,1,0,0,0,0,0,0,0,0,0,1,23
TXN0004250,2024-02-18T07:50:00,48,M0016,Services,high,C00897,64,9,6295,0.0343,6955.65,netbanking,Kotak,558408,7,6,1,0,0,0,0,0,0,0,0,0,0,43
TXN0004251,2024-02-18T19:56:00,48,M0095,Food,low,C01103,926,64,19115,0.0046,8184.71,upi,SBI,587755,19,6,1,0,0,0,1,0,0,0,0,1,0,32
TXN0004252,2024-02-18T05:26:00,48,M0199,SaaS,mid,C00673,806,50,4239,0.0236,4365.58,netbanking,Yes,548693,5,6,1,0,0,1,0,0,0,0,1,1,0,50
TXN0004253,2024-02-18T04:18:00,48,M0143,Logistics,mid,C00490,819,113,17384,0.0002,11845.48,card,Canara,468871,4,6,1,0,0,2,1,0,0,1,1,1,0,64
TXN0004254,2024-02-18T12:01:00,48,M0122,Retail,low,C00156,171,13,6238,0.025,1503.18,card,Canara,413673,12,6,1,0,0,0,1,0,0,0,1,1,0,48
TXN0004255,2024-02-18T18:44:00,48,M0180,Food,low,C01387,998,75,21611,0.0326,7560.07,wallet,Axis,530108,18,6,1,0,0,0,0,0,0,0,0,0,0,22
TXN0004256,2024-02-18T17:46:00,48,M0026,Retail,high,C01121,100,13,1753,0.1255,1395.51,upi,HDFC,585837,17,6,1,0,0,0,0,0,0,1,0,0,0,70
TXN0004257,2024-02-18T16:31:00,48,M0173,Food,high,C00882,253,6,5671,0.095,1841.77,card,PNB,594755,16,6,1,0,0,0,1,0,0,0,0,1,0,32
TXN0004258,2024-02-19T13:46:00,49,M0142,Retail,mid,C00072,298,15,2545,0.0745,2643.01,card,Yes,446574,13,0,0,0,0,2,0,0,0,0,0,0,0,30
TXN0004259,2024-02-19T03:41:00,49,M0162,Services,high,C00136,918,106,18128,0.0252,22865.93,upi,ICICI,420581,3,0,0,0,0,0,0,0,0,0,1,1,0,41
TXN0004260,2024-02-19T05:38:00,49,M0066,Food,mid,C01012,10,1,716,0.1008,377.0,netbanking,Canara,558987,5,0,0,0,0,0,0,0,0,0,0,0,0,63
TXN0004261,2024-02-19T10:32:00,49,M0102,Retail,high,C00216,198,9,6353,0.0248,4838.65,upi,Yes,462886,10,0,0,0,0,0,0,0,0,0,0,0,0,28
TXN0004262,2024-02-19T19:17:00,49,M0062,B2B,low,C01149,892,51,7931,0.0336,33679.16,netbanking,ICICI,581333,19,0,0,0,0,1,1,0,0,0,1,1,0,63
TXN0004263,2024-02-19T10:15:00,49,M0194,Retail,mid,C01436,16,3,1961,0.0725,2814.35,wallet,HDFC,432411,10,0,0,9,0,0,0,0,0,0,0,0,0,16
TXN0004264,2024-02-19T08:10:00,49,M0138,Services,mid,C00929,9,4,1841,0.0442,3708.49,card,Kotak,551093,8,0,0,0,0,1,0,1,0,0,1,1,0,18
TXN0004265,2024-02-19T14:37:00,49,M0049,Services,mid,C01294,194,19,3596,0.0608,1178.17,upi,Canara,417166,14,0,0,0,0,0,0,0,0,1,0,0,0,13
TXN0004266,2024-02-19T03:06:00,49,M0170,Logistics,mid,C00374,295,16,6772,0.0438,5324.99,upi,HDFC,571339,3,0,0,0,0,2,0,0,0,0,0,0,0,39
TXN0004267,2024-02-19T12:12:00,49,M0137,B2B,mid,C00246,158,9,7475,0.1369,44589.35,wallet,ICICI,582448,12,0,0,0,0,0,0,0,0,0,1,1,0,69
TXN0004268,2024-02-19T05:30:00,49,M0005,Logistics,high,C01469,18,1,1532,0.1089,5783.94,card,Canara,435038,5,0,0,9,0,0,0,0,0,0,0,0,0,19
TXN0004269,2024-02-19T08:58:00,49,M0142,Retail,mid,C01004,144,8,1025,0.0719,1544.88,wallet,Kotak,542864,8,0,0,9,0,0,0,0,0,0,0,0,0,20
TXN0004270,2024-02-19T11:18:00,49,M0170,Logistics,mid,C00167,951,114,4815,0.0341,5941.89,card,Axis,413435,11,0,0,0,0,1,0,0,0,0,0,0,0,25
TXN0004271,2024-02-19T14:49:00,49,M0016,Services,high,C00275,197,10,5545,0.0476,6598.86,wallet,PNB,569006,14,0,0,0,0,1,0,0,0,0,0,0,0,69
TXN0004272,2024-02-19T17:13:00,49,M0080,Logistics,low,C00469,906,112,18797,0.0674,8038.38,netbanking,Canara,481428,17,0,0,0,0,0,0,0,0,0,0,0,0,20
TXN0004273,2024-02-19T10:25:00,49,M0141,Logistics,low,C01081,245,20,7234,0.042,16345.1,card,SBI,572969,10,0,0,0,0,0,0,0,0,1,1,1,0,61
TXN0004274,2024-02-19T16:31:00,49,M0020,B2B,low,C00847,82,20,2057,0.0392,14712.72,netbanking,Axis,561165,16,0,0,0,0,0,0,0,0,0,0,0,0,60
TXN0004275,2024-02-19T19:43:00,49,M0170,Logistics,mid,C00576,741,55,11106,0.0526,26020.43,wallet,Kotak,423329,19,0,0,0,0,0,0,0,0,0,0,0,0,47
TXN0004276,2024-02-19T09:06:00,49,M0086,Retail,high,C00753,245,8,2753,0.1068,6440.56,netbanking,PNB,565663,9,0,0,0,0,0,0,0,0,1,1,1,0,63
TXN0004277,2024-02-19T10:15:00,49,M0136,Logistics,mid,C00044,254,12,6657,0.0891,7200.75,wallet,Canara,492418,10,0,0,0,0,0,0,0,0,0,0,0,0,72
TXN0004278,2024-02-19T17:46:00,49,M0111,Logistics,low,C00625,9,2,1060,0.0287,6009.15,wallet,HDFC,437676,17,0,0,0,0,0,0,0,1,1,0,0,0,33
TXN0004279,2024-02-19T16:54:00,49,M0164,Logistics,high,C01073,216,10,2545,0.126,6677.28,card,ICICI,400313,16,0,0,0,1,1,0,0,0,0,0,0,0,15
TXN0004280,2024-02-19T14:07:00,49,M0165,Services,low,C00809,22,1,606,0.0443,4326.31,upi,HDFC,574742,14,0,0,0,0,1,0,0,0,1,0,0,0,61
TXN0004281,2024-02-19T12:44:00,49,M0033,Logistics,low,C00763,20,4,972,0.1707,16753.25,netbanking,ICICI,450320,12,0,0,0,0,0,0,0,0,0,1,1,0,68
TXN0004282,2024-02-19T10:23:00,49,M0006,Food,low,C00743,196,16,7744,0.0398,2934.77,netbanking,HDFC,547391,10,0,0,7,0,0,0,0,0,0,0,0,0,63
TXN0004283,2024-02-19T07:24:00,49,M0196,Retail,low,C00099,24,1,1989,0.1715,572.73,wallet,ICICI,409236,7,0,0,0,1,1,0,0,0,1,0,0,1,61
TXN0004284,2024-02-19T19:53:00,49,M0145,SaaS,low,C00569,66,14,2386,0.1049,1380.58,upi,Yes,527634,19,0,0,0,0,1,0,0,0,1,0,0,0,67
TXN0004285,2024-02-19T09:44:00,49,M0035,SaaS,mid,C01209,15,4,790,0.0451,470.4,upi,HDFC,470461,9,0,0,0,0,0,0,0,0,0,0,0,0,49
TXN0004286,2024-02-19T07:27:00,49,M0111,Logistics,low,C01193,262,17,3211,0.1334,4561.08,wallet,HDFC,448733,7,0,0,0,0,0,0,0,0,1,0,0,0,39
TXN0004287,2024-02-19T11:31:00,49,M0155,SaaS,mid,C00781,193,11,3984,0.0716,2284.14,card,Kotak,425614,11,0,0,0,0,2,0,0,0,0,0,0,0,25
TXN0004288,2024-02-19T09:38:00,49,M0035,SaaS,mid,C01142,239,20,1936,0.0703,906.04,upi,PNB,440346,9,0,0,0,0,0,0,0,0,0,0,0,0,22
TXN0004289,2024-02-19T19:41:00,49,M0115,Services,high,C00083,24,4,1086,0.0349,2250.36,upi,PNB,452715,19,0,0,0,0,1,0,0,0,0,0,0,0,65
TXN0004290,2024-02-19T08:41:00,49,M0107,SaaS,mid,C01001,6,3,514,0.1072,758.86,upi,Canara,583417,8,0,0,0,0,0,0,0,0,1,0,0,1,43
TXN0004291,2024-02-19T19:26:00,49,M0018,SaaS,high,C01165,811,91,9676,0.0017,7746.66,upi,PNB,474329,19,0,0,0,0,0,0,0,0,1,0,0,0,26
TXN0004292,2024-02-19T23:39:00,49,M0006,Food,low,C00700,833,92,7168,0.0006,11739.51,card,Yes,571497,23,0,0,0,0,1,0,0,0,0,1,1,0,47
TXN0004293,2024-02-19T19:13:00,49,M0157,SaaS,mid,C00011,15,3,642,0.1639,876.45,wallet,Kotak,413212,19,0,0,0,0,1,0,0,0,0,0,0,0,59
TXN0004294,2024-02-19T20:43:00,49,M0143,Logistics,mid,C01029,18,2,615,0.0338,29425.65,netbanking,Kotak,541313,20,0,0,0,0,0,0,0,0,0,1,1,0,17
TXN0004295,2024-02-19T06:09:00,49,M0144,Retail,low,C01385,233,17,3459,0.019,3313.66,card,PNB,574046,6,0,0,0,0,0,0,0,1,0,1,1,0,22
TXN0004296,2024-02-19T18:54:00,49,M0068,B2B,low,C01130,848,77,24437,0.0028,24868.3,card,Axis,576712,18,0,0,0,0,2,0,0,0,0,0,0,0,67
TXN0004297,2024-02-19T11:05:00,49,M0176,SaaS,low,C00452,881,68,12766,0.0175,5318.64,wallet,PNB,567700,11,0,0,0,0,0,0,0,0,0,0,0,0,45
TXN0004298,2024-02-19T19:50:00,49,M0185,Food,high,C01239,20,3,1092,0.1306,1539.1,card,SBI,528393,19,0,0,0,0,0,1,0,0,1,1,1,0,37
TXN0004299,2024-02-19T21:00:00,49,M0111,Logistics,low,C00511,261,20,3457,0.0646,6061.11,netbanking,Axis,459633,21,0,0,0,0,0,0,0,0,0,0,0,0,64
TXN0004300,2024-02-19T17:51:00,49,M0197,Food,low,C00611,236,14,3084,0.1764,1100.99,netbanking,PNB,550915,17,0,0,0,0,0,0,0,0,0,0,0,0,18
TXN0004301,2024-02-19T19:52:00,49,M0002,B2B,low,C01448,213,20,3457,0.0779,11908.23,wallet,ICICI,460675,19,0,0,0,0,0,0,0,0,0,0,0,1,52
TXN0004302,2024-02-19T18:52:00,49,M0067,Food,mid,C00445,21,1,696,0.0372,334.7,wallet,PNB,549035,18,0,0,0,0,0,0,0,0,1,0,0,0,56
TXN0004303,2024-02-19T07:56:00,49,M0045,Food,high,C00094,229,11,6256,0.1821,3571.45,netbanking,Yes,537687,7,0,0,0,0,1,0,0,0,0,0,0,0,24
TXN0004304,2024-02-19T12:36:00,49,M0110,Food,high,C00261,18,4,651,0.0777,1672.07,netbanking,PNB,440219,12,0,0,9,0,0,0,0,0,0,0,0,0,55
TXN0004305,2024-02-19T00:00:00,49,M0104,Food,low,C01295,16,2,1433,0.053,543.59,wallet,Axis,555943,0,0,0,0,0,2,1,0,0,0,1,1,0,66
TXN0004306,2024-02-19T07:49:00,49,M0103,Services,low,C01292,226,7,1633,0.3705,3104.12,upi,ICICI,455083,7,0,0,0,0,1,1,0,0,0,0,1,0,29
TXN0004307,2024-02-19T07:19:00,49,M0067,Food,mid,C01239,20,3,1092,0.1306,900.95,upi,Kotak,463859,7,0,0,1,1,1,0,0,0,0,0,0,0,58
TXN0004308,2024-02-19T20:06:00,49,M0197,Food,low,C00743,196,16,7744,0.0398,4063.48,card,HDFC,563337,20,0,0,0,1,1,0,0,0,0,0,0,0,56
TXN0004309,2024-02-19T02:22:00,49,M0033,Logistics,low,C00075,161,7,7977,0.0608,5489.24,upi,Axis,443677,2,0,0,0,0,1,0,0,0,0,0,0,0,45
TXN0004310,2024-02-19T12:46:00,49,M0046,SaaS,high,C01088,872,67,11861,0.0525,3869.4,card,Kotak,475268,12,0,0,0,0,0,0,1,0,0,1,1,0,66
TXN0004311,2024-02-19T15:02:00,49,M0037,Retail,mid,C00116,766,100,4386,0.0115,3199.99,upi,ICICI,468411,15,0,0,0,0,2,0,1,0,1,0,1,0,23
TXN0004312,2024-02-19T22:45:00,49,M0176,SaaS,low,C00309,5,3,1379,0.0467,1657.17,wallet,Canara,586610,22,0,0,0,0,0,0,0,0,0,0,0,1,19
TXN0004313,2024-02-19T16:47:00,49,M0015,Services,low,C00093,16,3,624,0.0975,1271.69,wallet,ICICI,518243,16,0,0,0,0,0,0,0,0,1,0,0,0,65
TXN0004314,2024-02-19T07:29:00,49,M0117,SaaS,low,C01397,17,1,1452,0.16,1603.32,wallet,ICICI,555784,7,0,0,0,0,0,0,0,0,0,0,0,0,34
TXN0004315,2024-02-19T19:02:00,49,M0199,SaaS,mid,C00971,17,3,524,0.1054,765.34,card,Axis,512094,19,0,0,0,0,2,0,0,0,0,0,0,0,25
TXN0004316,2024-02-19T12:15:00,49,M0173,Food,high,C01065,288,10,5394,0.1014,5416.66,upi,PNB,467664,12,0,0,0,0,1,0,0,0,0,0,0,0,25
TXN0004317,2024-02-19T12:35:00,49,M0039,Logistics,mid,C00708,95,17,2515,0.1802,27689.98,card,Yes,567927,12,0,0,0,0,0,1,0,0,0,1,1,0,60
TXN0004318,2024-02-19T17:13:00,49,M0149,Services,low,C00331,24,2,1825,0.0553,3231.46,netbanking,Yes,527473,17,0,0,0,0,0,1,0,0,0,1,1,0,24
TXN0004319,2024-02-19T11:48:00,49,M0183,Retail,mid,C00306,139,18,6979,0.0673,13438.7,card,Yes,496573,11,0,0,0,0,1,0,0,0,0,1,1,0,17
TXN0004320,2024-02-19T17:53:00,49,M0067,Food,mid,C00351,767,93,8574,0.0491,2940.13,card,Kotak,589251,17,0,0,0,0,0,0,0,0,0,0,0,0,26
TXN0004321,2024-02-19T19:44:00,49,M0093,SaaS,mid,C00915,220,18,1538,0.0196,2572.24,netbanking,ICICI,457651,19,0,0,11,0,0,0,0,0,1,0,0,0,31
TXN0004322,2024-02-19T19:54:00,49,M0184,Logistics,high,C00731,109,20,3603,0.1668,11347.08,netbanking,PNB,444711,19,0,0,0,0,1,0,0,0,0,0,0,0,33
TXN0004323,2024-02-19T10:42:00,49,M0146,Food,mid,C00795,954,90,24116,0.0144,31711.94,card,Kotak,421021,10,0,0,0,0,0,0,1,0,0,1,1,0,16
TXN0004324,2024-02-19T09:38:00,49,M0114,Logistics,mid,C01368,758,106,23888,0.0261,6029.64,wallet,Canara,592305,9,0,0,0,0,1,0,1,0,0,1,1,0,62
TXN0004325,2024-02-19T11:29:00,49,M0087,Logistics,mid,C00524,820,108,23678,0.0222,28695.67,netbanking,SBI,468765,11,0,0,0,0,0,0,0,0,0,0,0,0,60
TXN0004326,2024-02-19T04:05:00,49,M0182,Retail,high,C01374,5,2,1806,0.0599,3170.18,upi,HDFC,579674,4,0,0,0,0,1,0,0,0,0,0,0,1,16
TXN0004327,2024-02-19T07:36:00,49,M0004,Logistics,low,C01069,740,66,8096,0.0128,11705.22,card,HDFC,581185,7,0,0,0,0,1,0,0,0,1,0,0,0,12
TXN0004328,2024-02-19T13:32:00,49,M0088,Food,low,C00175,128,19,3030,0.0547,3542.41,upi,Yes,535764,13,0,0,0,0,1,0,0,0,0,0,0,0,22
TXN0004329,2024-02-19T08:48:00,49,M0084,B2B,mid,C00096,97,5,3271,0.041,23407.81,card,ICICI,480200,8,0,0,0,0,1,0,0,0,0,0,0,0,41
TXN0004330,2024-02-19T17:02:00,49,M0013,Logistics,high,C00945,201,19,6918,0.026,10165.95,netbanking,PNB,437266,17,0,0,0,0,0,0,0,0,0,0,0,1,38
TXN0004331,2024-02-19T12:58:00,49,M0188,Logistics,mid,C00423,297,8,7325,0.0946,14372.48,upi,Yes,431282,12,0,0,0,0,0,0,0,0,0,1,1,0,22
TXN0004332,2024-02-19T08:25:00,49,M0125,Retail,low,C01472,807,92,5392,0.0039,3259.36,wallet,Yes,494514,8,0,0,0,0,0,0,0,0,1,0,0,0,64
TXN0004333,2024-02-19T20:27:00,49,M0033,Logistics,low,C01039,730,81,12850,0.0007,10658.44,upi,Canara,452486,20,0,0,0,0,0,0,0,0,1,0,0,0,29
TXN0004334,2024-02-19T19:52:00,49,M0096,Food,mid,C00590,749,116,6582,0.0124,9964.07,netbanking,SBI,562574,19,0,0,14,0,0,0,0,0,0,0,0,0,19
TXN0004335,2024-02-19T07:34:00,49,M0041,B2B,low,C00288,208,5,7341,0.1152,27166.86,netbanking,PNB,400530,7,0,0,0,0,0,0,0,0,0,1,1,0,47
TXN0004336,2024-02-19T12:31:00,49,M0166,SaaS,mid,C00677,22,3,664,0.2321,1636.05,card,Axis,551166,12,0,0,0,0,1,0,0,0,0,0,0,0,72
TXN0004337,2024-02-19T09:07:00,49,M0123,Logistics,high,C01373,238,7,5638,0.023,6376.43,card,HDFC,590039,9,0,0,0,0,1,0,0,0,0,0,0,0,22
TXN0004338,2024-02-19T06:47:00,49,M0060,Services,high,C01048,91,10,5312,0.1216,9330.56,netbanking,HDFC,596059,6,0,0,0,0,1,0,0,0,0,0,0,1,15
TXN0004339,2024-02-19T12:06:00,49,M0137,B2B,mid,C01492,24,1,1137,0.1009,18270.97,wallet,HDFC,455901,12,0,0,0,0,0,0,0,0,1,0,0,0,72
TXN0004340,2024-02-19T12:33:00,49,M0198,Food,mid,C01191,67,12,1391,0.2025,1008.76,netbanking,PNB,530303,12,0,0,0,0,0,0,0,0,0,0,0,0,46
TXN0004341,2024-02-19T19:38:00,49,M0142,Retail,mid,C00862,226,19,6713,0.0589,2343.3,upi,ICICI,566240,19,0,0,0,0,1,0,0,0,0,0,0,0,15
TXN0004342,2024-02-19T12:41:00,49,M0164,Logistics,high,C00093,16,3,624,0.0975,8906.5,upi,HDFC,582171,12,0,0,1,1,1,1,0,0,0,1,1,0,50
TXN0004343,2024-02-19T19:15:00,49,M0189,SaaS,mid,C01142,239,20,1936,0.0703,1801.89,card,HDFC,419682,19,0,0,0,1,1,0,0,0,0,0,0,0,23
TXN0004344,2024-02-19T06:07:00,49,M0141,Logistics,low,C01003,891,80,14836,0.0225,17445.03,netbanking,HDFC,531443,6,0,0,0,0,0,0,0,0,1,1,1,0,69
TXN0004345,2024-02-19T18:42:00,49,M0179,Services,low,C01402,178,14,1326,0.0337,2748.68,netbanking,PNB,575316,18,0,0,0,0,0,0,0,0,0,1,1,0,50
TXN0004346,2024-02-19T17:08:00,49,M0063,SaaS,high,C00244,71,7,6606,0.0884,1875.66,card,PNB,425532,17,0,0,0,0,0,0,0,0,0,0,0,0,25
TXN0004347,2024-02-19T14:43:00,49,M0056,Retail,low,C00511,261,20,3457,0.0646,7113.32,netbanking,PNB,584333,14,0,0,1,1,1,0,1,0,0,1,1,0,53
TXN0004348,2024-02-19T13:21:00,49,M0025,Food,mid,C00281,123,14,1264,0.0655,742.51,card,HDFC,517932,13,0,0,0,0,0,0,0,0,0,0,0,0,22
TXN0004349,2024-02-20T19:55:00,50,M0044,Logistics,low,C00241,746,61,16280,0.0092,9153.47,wallet,SBI,438774,19,1,0,0,0,2,0,0,0,0,0,0,0,53
TXN0004350,2024-02-20T05:20:00,50,M0023,Services,low,C00665,272,7,1097,0.067,1986.36,card,HDFC,585355,5,1,0,0,0,1,0,0,0,0,0,0,0,29
TXN0004351,2024-02-20T06:29:00,50,M0147,SaaS,mid,C00334,142,17,3215,0.0486,3202.63,card,Axis,401386,6,1,0,0,0,0,0,0,0,0,0,0,0,30
TXN0004352,2024-02-20T14:59:00,50,M0106,Services,high,C00927,914,55,3972,0.0048,3660.12,wallet,SBI,537035,14,1,0,0,0,0,0,0,0,0,0,0,0,45
TXN0004353,2024-02-20T17:11:00,50,M0050,Logistics,high,C00978,173,15,2099,0.0457,32908.3,netbanking,SBI,466621,17,1,0,0,0,1,0,0,0,1,1,1,0,61
TXN0004354,2024-02-20T09:22:00,50,M0099,B2B,low,C00497,964,108,22229,0.0384,33703.65,wallet,Canara,569490,9,1,0,0,0,1,0,0,0,1,0,1,0,30
TXN0004355,2024-02-20T19:40:00,50,M0031,Food,mid,C00861,1000,68,16236,0.0134,9195.94,card,SBI,407948,19,1,0,0,0,1,0,0,0,0,0,0,0,26
TXN0004356,2024-02-20T18:05:00,50,M0059,Logistics,mid,C00228,23,2,1481,0.0503,3014.19,card,Axis,553574,18,1,0,0,0,0,0,0,0,0,0,0,0,22
TXN0004357,2024-02-20T13:24:00,50,M0088,Food,low,C00657,266,10,3140,0.067,1026.98,upi,Axis,444033,13,1,0,0,0,1,0,0,0,0,0,0,0,29
TXN0004358,2024-02-20T15:00:00,50,M0059,Logistics,mid,C00217,967,119,16897,0.0128,5005.8,netbanking,Axis,509224,15,1,0,0,0,0,0,0,0,1,0,0,0,56
TXN0004359,2024-02-20T08:39:00,50,M0004,Logistics,low,C00687,211,10,3748,0.0173,5691.48,upi,PNB,424555,8,1,0,0,0,3,0,0,0,0,0,0,0,70
TXN0004360,2024-02-20T11:07:00,50,M0060,Services,high,C00395,123,12,6681,0.0316,15895.46,card,SBI,570752,11,1,0,0,0,0,0,0,0,1,0,0,0,63
TXN0004361,2024-02-20T05:27:00,50,M0071,Retail,low,C01117,9,1,1001,0.0185,1135.79,wallet,Kotak,554045,5,1,0,0,0,0,0,1,0,0,1,1,0,61
TXN0004362,2024-02-20T16:43:00,50,M0043,Logistics,high,C01018,211,11,7939,0.0595,13497.55,netbanking,Kotak,447098,16,1,0,0,0,0,0,0,0,0,0,0,0,52
TXN0004363,2024-02-20T07:12:00,50,M0186,B2B,mid,C00740,151,10,1433,0.0615,20243.65,wallet,HDFC,472733,7,1,0,0,0,2,0,1,0,1,1,1,0,12
TXN0004364,2024-02-20T09:50:00,50,M0158,Retail,low,C00897,64,9,6295,0.0343,8230.02,netbanking,ICICI,512639,9,1,0,0,0,1,0,0,0,0,0,0,0,28
TXN0004365,2024-02-20T14:54:00,50,M0101,Food,low,C00670,6,4,1295,0.065,1451.74,wallet,Axis,483406,14,1,0,0,0,0,0,0,0,0,0,0,1,42
TXN0004366,2024-02-20T19:02:00,50,M0180,Food,low,C00166,192,16,2051,0.2218,373.3,wallet,Yes,472613,19,1,0,0,0,0,0,0,0,0,0,0,0,41
TXN0004367,2024-02-20T16:31:00,50,M0176,SaaS,low,C00025,771,67,7942,0.0048,7422.39,wallet,Axis,533135,16,1,0,0,0,0,0,0,0,0,1,1,0,62
TXN0004368,2024-02-20T09:07:00,50,M0014,Logistics,high,C00488,73,10,4187,0.0391,5291.89,upi,Kotak,558974,9,1,0,0,0,1,0,0,0,1,0,0,0,13
TXN0004369,2024-02-20T19:23:00,50,M0136,Logistics,mid,C01232,24,1,1095,0.0993,12831.63,wallet,Kotak,595204,19,1,0,0,0,0,0,0,0,1,0,0,0,42
TXN0004370,2024-02-20T06:58:00,50,M0037,Retail,mid,C00765,193,20,7494,0.0847,5832.21,card,PNB,487334,6,1,0,0,0,0,0,0,0,1,0,0,0,40
TXN0004371,2024-02-20T10:03:00,50,M0180,Food,low,C00813,914,105,12270,0.0492,8464.34,netbanking,Yes,421118,10,1,0,0,0,0,0,0,0,0,0,0,0,30
TXN0004372,2024-02-20T08:35:00,50,M0173,Food,high,C00420,243,19,1934,0.0247,1747.32,netbanking,Yes,572843,8,1,0,0,0,0,1,0,0,0,1,1,0,71
TXN0004373,2024-02-20T14:31:00,50,M0027,Services,high,C01297,214,12,4677,0.1462,6830.8,card,SBI,515665,14,1,0,0,0,1,0,0,0,0,0,0,0,59
TXN0004374,2024-02-20T19:11:00,50,M0170,Logistics,mid,C01008,20,4,1754,0.1233,5845.58,wallet,PNB,572061,19,1,0,0,0,0,0,0,0,1,0,0,0,32
TXN0004375,2024-02-20T19:52:00,50,M0072,SaaS,high,C01382,8,3,516,0.0408,1573.84,netbanking,Canara,467948,19,1,0,0,0,0,0,0,0,0,0,0,1,62
TXN0004376,2024-02-20T12:29:00,50,M0028,Retail,mid,C00854,25,3,1185,0.0337,1843.65,wallet,Kotak,493895,12,1,0,8,0,0,0,0,0,0,0,0,1,47
TXN0004377,2024-02-20T18:08:00,50,M0101,Food,low,C00042,186,15,2489,0.1032,4187.29,netbanking,HDFC,471480,18,1,0,0,0,0,0,0,0,0,0,0,0,15
TXN0004378,2024-02-20T08:54:00,50,M0103,Services,low,C01376,15,4,962,0.0503,1584.05,upi,ICICI,594134,8,1,0,12,0,0,0,0,0,0,0,0,0,72
TXN0004379,2024-02-20T17:59:00,50,M0084,B2B,mid,C00981,173,5,1529,0.0551,15655.47,netbanking,SBI,529337,17,1,0,0,0,0,0,0,0,0,0,0,0,70
TXN0004380,2024-02-20T15:51:00,50,M0165,Services,low,C00980,292,12,7565,0.1281,13286.5,wallet,Axis,418673,15,1,0,0,0,0,0,0,0,1,0,0,0,22
TXN0004381,2024-02-20T07:49:00,50,M0126,B2B,low,C00773,866,52,18391,0.0182,49225.68,netbanking,HDFC,515875,7,1,0,0,0,1,0,0,0,0,1,1,0,50
TXN0004382,2024-02-20T13:23:00,50,M0084,B2B,mid,C00834,17,1,527,0.0342,11124.13,upi,Canara,597754,13,1,0,0,0,0,0,0,1,0,0,0,0,33
TXN0004383,2024-02-20T06:51:00,50,M0046,SaaS,high,C01082,907,96,17695,0.0238,9238.46,card,ICICI,584246,6,1,0,0,0,1,0,0,0,0,0,0,0,46
TXN0004384,2024-02-20T08:10:00,50,M0183,Retail,mid,C01127,140,17,6944,0.0594,4827.63,wallet,Yes,474592,8,1,0,0,0,0,1,0,0,0,1,1,0,43
TXN0004385,2024-02-20T15:15:00,50,M0197,Food,low,C00877,943,111,21778,0.0075,8418.86,wallet,ICICI,516784,15,1,0,0,0,0,0,0,0,0,0,0,0,42
TXN0004386,2024-02-20T18:57:00,50,M0093,SaaS,mid,C00367,165,13,4137,0.1283,4495.41,upi,PNB,502535,18,1,0,12,0,0,0,0,0,0,0,0,0,12
TXN0004387,2024-02-20T17:07:00,50,M0106,Services,high,C00475,116,18,5922,0.0285,9811.15,wallet,Kotak,556033,17,1,0,0,0,2,0,0,0,0,0,0,0,53
TXN0004388,2024-02-20T21:15:00,50,M0112,Logistics,mid,C00135,132,19,2916,0.0791,20493.83,netbanking,Kotak,412319,21,1,0,0,0,0,0,0,0,0,0,0,1,25
TXN0004389,2024-02-20T14:42:00,50,M0089,Food,low,C00180,200,13,7760,0.0326,1894.98,netbanking,SBI,564781,14,1,0,0,0,2,0,0,0,0,0,0,0,56
TXN0004390,2024-02-20T13:41:00,50,M0015,Services,low,C01224,168,17,1803,0.2423,1212.4,upi,Yes,572335,13,1,0,0,0,1,0,0,0,0,0,0,0,53
TXN0004391,2024-02-20T21:53:00,50,M0049,Services,mid,C00915,220,18,1538,0.0196,2188.56,card,HDFC,458544,21,1,0,0,0,1,0,0,0,1,0,0,0,62
TXN0004392,2024-02-20T11:47:00,50,M0176,SaaS,low,C01145,19,4,1574,0.0565,2007.11,upi,SBI,574789,11,1,0,0,0,1,0,0,0,0,0,0,1,46
TXN0004393,2024-02-20T17:32:00,50,M0033,Logistics,low,C01048,91,10,5312,0.1216,3194.62,card,SBI,420961,17,1,0,0,0,2,0,0,0,0,0,0,0,48
TXN0004394,2024-02-20T11:44:00,50,M0017,B2B,low,C00046,899,95,17868,0.007,56159.63,wallet,ICICI,583104,11,1,0,0,0,0,0,0,0,0,1,1,0,45
TXN0004395,2024-02-20T08:05:00,50,M0151,Food,low,C00817,276,9,2012,0.075,1624.1,card,Axis,431789,8,1,0,0,0,1,0,0,0,0,0,0,0,44
TXN0004396,2024-02-20T10:45:00,50,M0073,SaaS,high,C00835,979,88,23266,0.031,10385.2,wallet,Canara,592933,10,1,0,0,0,0,0,0,0,1,0,0,0,27
TXN0004397,2024-02-20T06:53:00,50,M0144,Retail,low,C01335,21,4,541,0.0082,1890.81,netbanking,Yes,573751,6,1,0,0,0,0,0,0,0,1,0,0,0,51
TXN0004398,2024-02-20T02:27:00,50,M0079,Retail,high,C00566,81,17,5110,0.0665,2392.49,upi,Canara,503998,2,1,0,1,0,2,0,0,0,1,1,1,0,30
TXN0004399,2024-02-20T11:35:00,50,M0166,SaaS,mid,C00726,937,113,7763,0.0556,4096.0,netbanking,Canara,580799,11,1,0,0,0,1,0,0,1,1,0,0,0,55
TXN0004400,2024-02-20T23:13:00,50,M0091,Logistics,high,C00076,287,20,5432,0.1246,10533.07,card,SBI,490340,23,1,0,0,0,2,0,0,0,0,0,0,0,33
TXN0004401,2024-02-20T16:28:00,50,M0138,Services,mid,C01158,19,4,734,0.057,3084.19,upi,HDFC,578184,16,1,0,0,0,0,0,0,0,0,0,0,0,17
TXN0004402,2024-02-20T12:10:00,50,M0093,SaaS,mid,C00697,211,15,4432,0.0478,2144.32,netbanking,Canara,472268,12,1,0,9,0,0,0,0,0,0,0,0,0,67
TXN0004403,2024-02-20T19:11:00,50,M0054,Retail,mid,C00190,104,19,5367,0.0534,3542.6,netbanking,Kotak,492813,19,1,0,0,0,1,0,0,0,0,0,0,0,48
TXN0004404,2024-02-20T18:35:00,50,M0151,Food,low,C01143,141,6,5924,0.2209,4263.3,upi,Canara,515056,18,1,0,1,0,0,0,0,0,0,1,1,0,68
TXN0004405,2024-02-20T12:16:00,50,M0089,Food,low,C00751,13,3,1221,0.0318,794.05,netbanking,HDFC,494287,12,1,0,0,0,1,0,0,0,0,0,0,1,34
TXN0004406,2024-02-20T07:31:00,50,M0196,Retail,low,C00142,20,2,1944,0.1027,7001.72,upi,Yes,583368,7,1,0,0,0,1,0,0,0,0,1,1,0,46
TXN0004407,2024-02-20T17:47:00,50,M0124,Retail,low,C00096,97,5,3271,0.041,1666.79,upi,SBI,500213,17,1,0,0,0,2,0,0,0,1,0,0,0,16
TXN0004408,2024-02-20T10:01:00,50,M0153,Food,low,C01143,141,6,5924,0.2209,25190.65,card,PNB,480966,10,1,0,1,1,1,0,0,0,0,1,1,0,51
TXN0004409,2024-02-20T22:01:00,50,M0080,Logistics,low,C00553,21,2,1667,0.1014,13441.38,upi,Axis,432754,22,1,0,0,0,0,1,0,0,0,1,1,0,33
TXN0004410,2024-02-20T18:00:00,50,M0007,Food,mid,C01413,15,2,630,0.1079,775.75,wallet,HDFC,466020,18,1,0,0,0,1,0,0,1,0,0,0,1,58
TXN0004411,2024-02-20T09:26:00,50,M0157,SaaS,mid,C01295,16,2,1433,0.053,2314.68,upi,Canara,551771,9,1,0,0,0,2,0,0,0,1,0,0,0,61
TXN0004412,2024-02-20T13:26:00,50,M0197,Food,low,C00613,294,20,7531,0.0191,3957.18,card,ICICI,448195,13,1,0,0,0,1,0,0,0,0,0,0,0,48
TXN0004413,2024-02-20T18:51:00,50,M0078,B2B,high,C00538,22,1,1018,0.095,6080.43,netbanking,Axis,415987,18,1,0,0,0,0,0,0,1,1,0,0,0,44
TXN0004414,2024-02-20T11:33:00,50,M0188,Logistics,mid,C00434,17,4,1353,0.0554,12060.93,card,Kotak,429276,11,1,0,0,0,0,0,0,0,0,0,0,1,60
TXN0004415,2024-02-20T13:28:00,50,M0026,Retail,high,C00469,906,112,18797,0.0674,8782.17,upi,PNB,528326,13,1,0,0,1,1,0,0,0,0,0,0,0,66
TXN0004416,2024-02-20T17:05:00,50,M0078,B2B,high,C00333,64,17,7405,0.1213,26004.09,wallet,SBI,428808,17,1,0,0,0,0,0,0,0,0,0,0,0,24
TXN0004417,2024-02-20T10:57:00,50,M0085,SaaS,mid,C00325,126,10,1254,0.1405,2011.38,upi,Canara,515476,10,1,0,0,0,0,0,0,0,0,0,0,0,37
TXN0004418,2024-02-20T20:18:00,50,M0156,Services,mid,C00149,178,20,6175,0.035,6158.46,upi,Kotak,467880,20,1,0,0,0,0,0,0,0,0,0,0,0,36
TXN0004419,2024-02-20T13:18:00,50,M0097,Services,low,C00307,10,1,525,0.1779,1921.67,upi,Axis,437839,13,1,0,0,0,0,0,0,0,0,0,0,0,18
TXN0004420,2024-02-20T09:18:00,50,M0143,Logistics,mid,C01399,25,1,1736,0.1858,14096.05,wallet,Kotak,558923,9,1,0,0,0,0,0,0,0,0,0,0,0,72
TXN0004421,2024-02-20T12:56:00,50,M0090,Logistics,mid,C01169,23,1,727,0.1133,10299.04,upi,ICICI,426141,12,1,0,0,0,0,0,0,0,1,0,0,1,50
TXN0004422,2024-02-20T10:20:00,50,M0177,Food,low,C01289,145,18,6341,0.0789,2305.96,card,HDFC,589623,10,1,0,0,0,1,1,0,0,0,1,1,0,33
TXN0004423,2024-02-20T13:12:00,50,M0011,Food,low,C00956,207,6,7039,0.0199,4244.19,wallet,HDFC,456163,13,1,0,0,0,0,0,0,0,0,0,0,0,72
TXN0004424,2024-02-20T14:19:00,50,M0041,B2B,low,C01383,16,3,833,0.1456,55462.92,upi,Yes,464972,14,1,0,0,0,0,0,0,0,0,1,1,0,22
TXN0004425,2024-02-20T17:53:00,50,M0092,Food,low,C00745,236,8,4418,0.0669,1802.03,upi,Yes,590304,17,1,0,0,0,1,1,0,0,0,1,1,0,43
TXN0004426,2024-02-20T18:59:00,50,M0041,B2B,low,C00748,7,4,1914,0.0105,13223.94,card,ICICI,552739,18,1,0,0,0,1,0,0,0,0,0,0,1,59
TXN0004427,2024-02-20T15:16:00,50,M0000,Logistics,low,C00136,918,106,18128,0.0252,8850.28,upi,Kotak,552480,15,1,0,0,0,1,0,0,0,1,0,0,0,23
TXN0004428,2024-02-20T08:26:00,50,M0151,Food,low,C00543,202,16,7598,0.0093,5604.18,card,SBI,507365,8,1,0,0,0,0,0,0,0,0,0,0,0,14
TXN0004429,2024-02-20T13:33:00,50,M0168,Food,high,C01156,783,61,24286,0.0003,3331.49,wallet,Kotak,571036,13,1,0,0,0,0,0,0,0,0,0,0,0,23
TXN0004430,2024-02-20T11:43:00,50,M0171,Retail,low,C00140,942,56,15991,0.0155,8635.0,netbanking,SBI,589259,11,1,0,0,0,1,0,0,0,0,1,1,0,17
TXN0004431,2024-02-20T13:04:00,50,M0057,Food,high,C00520,972,120,4763,0.0006,6370.75,wallet,ICICI,404518,13,1,0,0,0,2,0,0,0,0,0,0,0,13
TXN0004432,2024-02-20T20:00:00,50,M0172,Food,mid,C01060,157,10,4057,0.1045,2392.42,card,SBI,451995,20,1,0,0,0,0,0,0,0,0,0,0,0,24
TXN0004433,2024-02-21T19:45:00,51,M0067,Food,mid,C00482,125,11,1044,0.1372,955.37,upi,PNB,475688,19,2,0,0,0,0,0,0,0,0,0,0,0,20
TXN0004434,2024-02-21T11:06:00,51,M0147,SaaS,mid,C00518,19,3,1702,0.1195,2004.15,wallet,Yes,564738,11,2,0,0,0,0,0,0,0,0,0,0,1,21
TXN0004435,2024-02-21T09:27:00,51,M0042,Logistics,mid,C01377,16,3,1214,0.1358,8456.16,upi,ICICI,400139,9,2,0,0,0,1,0,0,0,0,0,0,0,52
TXN0004436,2024-02-21T12:30:00,51,M0120,Food,low,C00201,734,88,21610,0.0185,17922.26,wallet,Canara,526801,12,2,0,0,0,0,0,0,0,0,0,0,0,37
TXN0004437,2024-02-21T12:58:00,51,M0120,Food,low,C00743,196,16,7744,0.0398,11357.87,card,SBI,477638,12,2,0,0,0,2,0,0,0,1,0,0,0,41
TXN0004438,2024-02-21T08:41:00,51,M0029,Retail,high,C00194,804,87,4378,0.0061,7376.49,netbanking,SBI,453825,8,2,0,0,0,0,0,0,0,0,0,0,0,72
TXN0004439,2024-02-21T14:07:00,51,M0002,B2B,low,C01088,872,67,11861,0.0525,24496.16,netbanking,Axis,596566,14,2,0,0,0,1,0,0,1,0,1,1,0,37
TXN0004440,2024-02-21T12:04:00,51,M0199,SaaS,mid,C00482,125,11,1044,0.1372,1132.91,upi,PNB,541946,12,2,0,1,1,1,1,0,0,0,1,1,0,51
TXN0004441,2024-02-21T20:25:00,51,M0097,Services,low,C01005,24,1,1586,0.0437,702.13,card,Kotak,556312,20,2,0,0,0,0,0,0,0,0,0,0,1,47
TXN0004442,2024-02-21T21:38:00,51,M0055,Services,mid,C01181,195,16,4262,0.0149,2826.55,netbanking,PNB,510840,21,2,0,0,0,1,1,0,0,1,1,1,0,63
TXN0004443,2024-02-21T13:24:00,51,M0041,B2B,low,C00555,100,19,3886,0.0597,33649.37,wallet,Axis,596000,13,2,0,0,0,0,0,1,0,1,1,1,0,55
TXN0004444,2024-02-21T16:57:00,51,M0158,Retail,low,C00972,154,6,1551,0.1387,2227.42,netbanking,ICICI,440546,16,2,0,0,0,0,1,0,0,1,1,1,0,58
TXN0004445,2024-02-21T07:32:00,51,M0122,Retail,low,C00238,130,14,1140,0.0951,1038.12,wallet,Yes,565148,7,2,0,12,0,0,0,0,0,0,0,0,0,57
TXN0004446,2024-02-21T21:58:00,51,M0138,Services,mid,C00855,10,1,1044,0.075,2579.43,netbanking,Yes,467763,21,2,0,13,0,0,0,0,0,1,0,0,0,45
TXN0004447,2024-02-21T10:54:00,51,M0116,Services,low,C01443,21,2,914,0.0625,2529.42,netbanking,PNB,515366,10,2,0,0,0,0,0,0,0,1,0,0,1,45
TXN0004448,2024-02-21T07:22:00,51,M0018,SaaS,high,C00199,7,2,1595,0.2347,695.87,wallet,Canara,536129,7,2,0,0,0,0,0,0,0,0,1,1,0,66
TXN0004449,2024-02-21T10:31:00,51,M0158,Retail,low,C00714,7,3,1207,0.065,1194.74,upi,Axis,509427,10,2,0,0,0,0,0,1,0,1,1,1,0,46
TXN0004450,2024-02-21T08:51:00,51,M0192,B2B,mid,C00484,126,18,5625,0.0606,21728.12,wallet,ICICI,507014,8,2,0,0,0,0,0,0,0,1,0,0,0,14
TXN0004451,2024-02-21T18:52:00,51,M0141,Logistics,low,C00413,170,12,4947,0.0694,19653.31,upi,Kotak,420724,18,2,0,0,0,0,0,0,0,1,0,0,0,39
TXN0004452,2024-02-21T23:20:00,51,M0051,Food,low,C00516,902,103,23685,0.0193,12906.57,wallet,Yes,461892,23,2,0,0,0,1,0,0,0,0,0,0,0,50
TXN0004453,2024-02-21T08:49:00,51,M0003,SaaS,low,C01378,23,4,818,0.0869,3562.77,wallet,Yes,537215,8,2,0,0,0,0,0,0,0,0,0,0,1,26
TXN0004454,2024-02-21T15:46:00,51,M0145,SaaS,low,C00031,114,19,3677,0.0731,8375.53,card,Yes,528483,15,2,0,1,0,0,0,0,0,0,1,1,0,48
TXN0004455,2024-02-21T10:43:00,51,M0083,B2B,low,C00263,223,7,1895,0.1805,26829.07,netbanking,PNB,566046,10,2,0,0,0,1,0,0,0,0,0,0,1,68
TXN0004456,2024-02-21T18:33:00,51,M0092,Food,low,C00959,25,3,1865,0.1485,1205.0,netbanking,Axis,491418,18,2,0,0,0,0,0,0,0,0,0,0,0,70
TXN0004457,2024-02-21T18:06:00,51,M0056,Retail,low,C01258,299,13,6351,0.0156,3218.8,card,Canara,522726,18,2,0,0,0,0,0,0,0,1,0,0,0,23
TXN0004458,2024-02-21T16:34:00,51,M0021,SaaS,mid,C00526,99,14,1086,0.0004,359.79,card,Axis,434438,16,2,0,0,0,0,0,0,0,0,0,0,0,46
TXN0004459,2024-02-21T08:09:00,51,M0165,Services,low,C00203,225,13,6886,0.0333,3860.1,upi,Canara,410712,8,2,0,0,0,0,0,0,0,1,0,0,0,51
TXN0004460,2024-02-21T10:01:00,51,M0193,B2B,low,C00796,981,110,16531,0.053,43671.49,card,ICICI,511889,10,2,0,0,0,0,0,0,0,1,0,1,0,41
TXN0004461,2024-02-21T10:51:00,51,M0131,Logistics,high,C00831,205,13,3911,0.051,15516.53,netbanking,PNB,444666,10,2,0,0,0,0,0,0,0,0,0,0,0,41
TXN0004462,2024-02-21T11:44:00,51,M0009,Retail,low,C00924,19,1,1515,0.0429,4823.19,netbanking,Yes,535656,11,2,0,0,0,0,0,0,0,0,0,0,0,71
TXN0004463,2024-02-21T12:36:00,51,M0195,Food,high,C00525,196,14,3844,0.122,1259.93,wallet,SBI,521622,12,2,0,0,0,0,0,0,0,0,0,0,0,49
TXN0004464,2024-02-21T10:52:00,51,M0023,Services,low,C00674,731,115,19078,0.0133,4687.22,upi,ICICI,414421,10,2,0,0,0,0,0,0,1,0,0,0,0,38
TXN0004465,2024-02-21T23:04:00,51,M0056,Retail,low,C00162,893,94,5127,0.0172,6720.93,wallet,Axis,461253,23,2,0,0,0,0,0,0,0,0,0,0,0,13
TXN0004466,2024-02-21T21:36:00,51,M0094,SaaS,high,C00296,15,3,1112,0.0281,982.86,netbanking,ICICI,500880,21,2,0,0,0,0,0,0,0,0,0,0,0,55
TXN0004467,2024-02-21T16:03:00,51,M0032,Food,low,C01094,932,69,17616,0.0048,7216.05,upi,Kotak,439539,16,2,0,0,0,0,0,0,0,0,0,0,0,18
TXN0004468,2024-02-21T18:36:00,51,M0078,B2B,high,C01241,62,14,1279,0.1155,22642.67,netbanking,PNB,403364,18,2,0,0,0,0,0,0,0,1,0,0,0,55
TXN0004469,2024-02-21T12:25:00,51,M0168,Food,high,C00005,9,1,1256,0.1416,1012.04,wallet,SBI,543655,12,2,0,0,0,0,0,0,0,1,0,0,0,48
TXN0004470,2024-02-21T16:01:00,51,M0081,Logistics,high,C01057,5,2,514,0.1246,3850.5,netbanking,Yes,491964,16,2,0,0,0,0,0,1,0,0,0,1,1,48
TXN0004471,2024-02-21T23:48:00,51,M0017,B2B,low,C00168,12,3,1562,0.291,20479.64,upi,Yes,559050,23,2,0,0,0,0,0,0,0,0,1,1,0,28
TXN0004472,2024-02-21T16:03:00,51,M0123,Logistics,high,C00230,19,3,1131,0.0522,7797.19,wallet,HDFC,500134,16,2,0,10,0,1,0,0,0,0,0,0,1,67
TXN0004473,2024-02-21T08:06:00,51,M0114,Logistics,mid,C01110,168,20,6680,0.0808,9561.59,wallet,PNB,430338,8,2,0,0,0,0,0,0,0,0,0,0,0,39
TXN0004474,2024-02-21T18:02:00,51,M0096,Food,mid,C00973,124,8,5914,0.0658,3431.77,upi,HDFC,441397,18,2,0,0,0,0,0,0,0,0,0,0,0,27
TXN0004475,2024-02-21T10:44:00,51,M0076,Services,high,C01444,129,7,7536,0.0228,785.75,wallet,Axis,426363,10,2,0,0,0,0,0,0,0,0,0,0,0,24
TXN0004476,2024-02-21T11:13:00,51,M0080,Logistics,low,C00701,19,4,1356,0.0281,6226.05,upi,SBI,500884,11,2,0,0,0,0,0,0,0,1,0,0,0,66
TXN0004477,2024-02-21T20:05:00,51,M0127,Food,low,C00809,22,1,606,0.0443,560.59,netbanking,HDFC,462453,20,2,0,0,0,2,0,0,0,0,0,0,0,12
TXN0004478,2024-02-21T20:43:00,51,M0020,B2B,low,C01119,9,1,1815,0.0138,21352.22,wallet,Canara,598869,20,2,0,0,0,0,0,0,0,0,0,0,1,31
TXN0004479,2024-02-21T18:35:00,51,M0146,Food,mid,C01302,271,15,5845,0.0997,2671.09,card,SBI,580426,18,2,0,0,0,1,0,0,0,0,0,0,0,37
TXN0004480,2024-02-21T19:24:00,51,M0044,Logistics,low,C00248,151,17,4537,0.044,21947.93,wallet,SBI,577561,19,2,0,0,0,0,1,0,0,0,1,1,0,69
TXN0004481,2024-02-21T13:50:00,51,M0120,Food,low,C00586,214,20,6832,0.1332,2955.53,card,Canara,563612,13,2,0,0,0,0,0,0,0,1,0,0,0,24
TXN0004482,2024-02-21T17:28:00,51,M0108,Food,high,C01212,15,4,1504,0.1759,1692.41,wallet,PNB,561095,17,2,0,0,0,0,0,0,0,0,0,0,1,64
TXN0004483,2024-02-21T19:07:00,51,M0097,Services,low,C00369,128,16,1165,0.0715,1758.3,upi,Axis,565149,19,2,0,0,0,1,0,0,0,1,0,0,0,72
TXN0004484,2024-02-21T22:06:00,51,M0193,B2B,low,C00157,67,9,7952,0.0952,40443.34,card,SBI,442047,22,2,0,0,0,0,0,0,0,0,1,1,0,59
TXN0004485,2024-02-21T18:58:00,51,M0029,Retail,high,C01367,216,9,6780,0.1966,11468.29,upi,PNB,590872,18,2,0,0,0,0,0,1,0,1,1,1,0,66
TXN0004486,2024-02-21T14:37:00,51,M0091,Logistics,high,C00814,994,90,17279,0.046,37260.89,card,Yes,401533,14,2,0,0,0,0,0,0,0,0,1,1,0,38
TXN0004487,2024-02-21T14:01:00,51,M0089,Food,low,C00809,22,1,606,0.0443,746.05,wallet,Canara,510754,14,2,0,1,1,3,0,0,0,0,0,0,0,49
TXN0004488,2024-02-21T05:09:00,51,M0159,Services,low,C01056,190,9,4929,0.0812,1632.44,card,ICICI,501773,5,2,0,0,0,0,0,0,0,0,1,1,0,24
TXN0004489,2024-02-21T02:38:00,51,M0185,Food,high,C00948,163,14,3671,0.0629,2438.82,upi,PNB,561283,2,2,0,0,0,0,0,0,0,0,0,0,0,18
TXN0004490,2024-02-21T20:57:00,51,M0171,Retail,low,C00021,21,4,602,0.1356,1240.91,card,ICICI,565763,20,2,0,0,0,0,0,0,0,0,0,0,0,44
TXN0004491,2024-02-21T00:49:00,51,M0039,Logistics,mid,C00700,833,92,7168,0.0006,8868.9,card,Axis,493703,0,2,0,0,0,2,0,0,0,0,0,0,0,33
TXN0004492,2024-02-21T14:23:00,51,M0053,Retail,low,C00857,994,96,3975,0.0102,1700.81,card,HDFC,483241,14,2,0,0,0,0,0,1,0,0,1,1,0,35
TXN0004493,2024-02-21T07:49:00,51,M0080,Logistics,low,C01208,24,4,1125,0.262,5421.29,netbanking,SBI,412179,7,2,0,0,0,0,0,0,1,1,1,1,0,13
TXN0004494,2024-02-21T17:58:00,51,M0126,B2B,low,C01028,11,1,1241,0.1348,19364.82,netbanking,SBI,527354,17,2,0,0,0,0,0,0,0,0,0,0,1,14
TXN0004495,2024-02-21T09:09:00,51,M0128,B2B,high,C00579,15,4,1845,0.033,58982.47,netbanking,PNB,490355,9,2,0,0,0,1,0,0,0,1,1,1,0,57
TXN0004496,2024-02-21T20:57:00,51,M0046,SaaS,high,C00395,123,12,6681,0.0316,1132.69,netbanking,SBI,448959,20,2,0,0,0,1,0,0,0,0,0,0,0,47
TXN0004497,2024-02-21T14:54:00,51,M0062,B2B,low,C00291,19,1,1376,0.0577,25565.85,upi,Kotak,513473,14,2,0,0,0,0,0,0,0,0,1,1,0,72
TXN0004498,2024-02-21T08:45:00,51,M0080,Logistics,low,C01491,8,1,1214,0.0663,7809.41,card,PNB,475538,8,2,0,0,0,0,0,0,0,0,0,0,1,14
TXN0004499,2024-02-21T08:15:00,51,M0029,Retail,high,C00981,173,5,1529,0.0551,1654.06,upi,Canara,596360,8,2,0,0,1,1,0,0,0,0,0,0,1,47
TXN0004500,2024-02-21T17:00:00,51,M0140,Logistics,high,C01459,135,16,1193,0.0681,16486.87,netbanking,Kotak,470999,17,2,0,0,0,0,0,0,0,0,0,0,0,63
TXN0004501,2024-02-21T07:43:00,51,M0051,Food,low,C01346,8,1,1368,0.0887,1296.42,card,Axis,511602,7,2,0,0,0,0,1,0,0,0,0,1,0,19
TXN0004502,2024-02-21T16:03:00,51,M0056,Retail,low,C00286,272,12,7237,0.0316,4596.62,card,Yes,530735,16,2,0,0,0,0,0,0,0,0,0,0,0,35
TXN0004503,2024-02-21T02:23:00,51,M0066,Food,mid,C00112,205,7,1430,0.0376,1529.88,netbanking,ICICI,596731,2,2,0,0,0,0,0,0,0,0,0,0,0,32
TXN0004504,2024-02-21T11:22:00,51,M0105,SaaS,high,C00440,21,2,1351,0.1088,676.22,netbanking,ICICI,477452,11,2,0,0,0,0,0,0,0,1,0,0,0,22
TXN0004505,2024-02-21T23:04:00,51,M0045,Food,high,C01141,8,4,1387,0.0482,2582.23,upi,Kotak,537419,23,2,0,0,0,0,0,0,0,0,0,0,1,20
TXN0004506,2024-02-21T22:38:00,51,M0056,Retail,low,C00782,940,90,5111,0.0167,7661.72,wallet,HDFC,450660,22,2,0,0,0,0,0,0,0,1,0,0,0,50
TXN0004507,2024-02-21T09:02:00,51,M0022,Retail,low,C00691,6,2,1968,0.0842,2514.82,card,PNB,466907,9,2,0,0,0,0,0,0,0,0,0,0,0,19
TXN0004508,2024-02-21T17:16:00,51,M0066,Food,mid,C00203,225,13,6886,0.0333,4362.0,upi,PNB,598381,17,2,0,0,1,1,0,0,0,0,0,0,0,50
TXN0004509,2024-02-21T11:34:00,51,M0049,Services,mid,C00267,149,14,3810,0.0835,3334.41,upi,Yes,511549,11,2,0,0,0,0,1,0,0,0,0,1,1,51
TXN0004510,2024-02-21T19:20:00,51,M0064,Food,high,C00543,202,16,7598,0.0093,10338.25,netbanking,Kotak,589821,19,2,0,0,0,1,0,0,0,0,0,0,0,61
TXN0004511,2024-02-21T13:40:00,51,M0154,Retail,low,C00051,7,4,1507,0.0219,3747.97,netbanking,Kotak,571727,13,2,0,14,0,1,0,0,0,0,0,0,0,31
TXN0004512,2024-02-21T12:08:00,51,M0007,Food,mid,C00679,25,4,888,0.0293,568.26,netbanking,Yes,487057,12,2,0,9,0,0,1,0,0,0,0,1,1,26
TXN0004513,2024-02-21T15:45:00,51,M0037,Retail,mid,C00874,90,18,1903,0.0334,3159.29,netbanking,Kotak,426153,15,2,0,0,0,0,0,0,0,1,0,0,0,48
TXN0004514,2024-02-21T21:04:00,51,M0105,SaaS,high,C00982,23,2,983,0.0941,1875.51,wallet,Axis,406324,21,2,0,0,0,0,1,0,0,1,1,1,0,46
TXN0004515,2024-02-21T11:51:00,51,M0054,Retail,mid,C00976,5,1,1132,0.0574,2496.88,netbanking,PNB,408721,11,2,0,0,0,0,0,0,0,0,0,0,1,58
TXN0004516,2024-02-21T07:31:00,51,M0141,Logistics,low,C00375,745,80,15204,0.0135,8718.69,upi,PNB,432698,7,2,0,0,0,0,0,0,0,0,0,0,0,22
TXN0004517,2024-02-21T09:13:00,51,M0050,Logistics,high,C01315,189,15,3261,0.0741,9118.6,upi,PNB,496627,9,2,0,0,0,0,0,0,0,0,0,0,0,68
TXN0004518,2024-02-21T09:40:00,51,M0112,Logistics,mid,C01229,18,1,787,0.1359,11375.55,upi,ICICI,523834,9,2,0,12,0,0,0,0,0,0,0,0,1,72
TXN0004519,2024-02-21T08:39:00,51,M0080,Logistics,low,C01363,830,106,14828,0.0184,8403.68,wallet,Canara,536207,8,2,0,0,0,1,0,0,0,1,0,0,0,29
TXN0004520,2024-02-21T18:45:00,51,M0181,Food,high,C00250,152,8,1749,0.0053,853.03,wallet,Canara,459235,18,2,0,0,0,1,0,0,0,1,0,0,0,34
TXN0004521,2024-02-21T10:26:00,51,M0006,Food,low,C00114,71,12,4237,0.0363,2144.76,wallet,Axis,426026,10,2,0,0,0,0,0,0,0,1,0,0,0,40
TXN0004522,2024-02-21T20:52:00,51,M0035,SaaS,mid,C00029,264,17,6932,0.0507,3390.07,wallet,ICICI,452242,20,2,0,0,0,0,0,0,0,0,0,0,0,42
TXN0004523,2024-02-22T16:59:00,52,M0178,Logistics,low,C00298,114,9,4372,0.1389,18648.34,wallet,Kotak,414222,16,3,0,9,0,0,0,0,0,1,0,0,0,36
TXN0004524,2024-02-22T11:38:00,52,M0056,Retail,low,C00397,20,3,885,0.0456,2693.72,card,HDFC,483090,11,3,0,9,0,1,0,0,0,0,0,0,0,15
TXN0004525,2024-02-22T11:19:00,52,M0002,B2B,low,C01368,758,106,23888,0.0261,15789.63,netbanking,ICICI,549495,11,3,0,0,0,1,0,0,0,1,0,0,0,37
TXN0004526,2024-02-22T04:21:00,52,M0137,B2B,mid,C01343,14,3,808,0.014,24911.08,netbanking,Canara,525811,4,3,0,0,0,1,0,0,0,0,1,1,0,25
TXN0004527,2024-02-22T13:44:00,52,M0004,Logistics,low,C00947,734,113,24589,0.037,8005.32,card,Yes,432759,13,3,0,0,0,0,0,0,0,0,0,0,0,43
TXN0004528,2024-02-22T12:43:00,52,M0009,Retail,low,C01458,18,3,1822,0.165,2603.05,upi,ICICI,584880,12,3,0,0,0,0,0,0,0,0,0,0,0,31
TXN0004529,2024-02-22T21:29:00,52,M0092,Food,low,C00443,854,55,13516,0.0083,14002.38,netbanking,PNB,524938,21,3,0,0,0,1,0,0,0,0,0,0,0,43
TXN0004530,2024-02-22T21:01:00,52,M0090,Logistics,mid,C00599,124,5,4757,0.0733,8860.41,netbanking,Axis,447143,21,3,0,0,0,0,0,0,0,1,0,0,0,47
TXN0004531,2024-02-22T16:54:00,52,M0147,SaaS,mid,C00588,76,10,4598,0.0727,2746.91,netbanking,ICICI,445882,16,3,0,0,0,0,0,1,0,0,1,1,0,21
TXN0004532,2024-02-22T15:57:00,52,M0022,Retail,low,C00007,283,18,6084,0.1851,4730.53,upi,HDFC,568119,15,3,0,0,0,1,0,0,0,1,0,0,0,18
TXN0004533,2024-02-22T11:29:00,52,M0097,Services,low,C01148,288,11,1637,0.1877,3645.8,card,SBI,476941,11,3,0,0,0,0,0,0,0,0,0,0,0,58
TXN0004534,2024-02-22T15:35:00,52,M0115,Services,high,C00722,20,3,1090,0.0836,3538.62,netbanking,Canara,408555,15,3,0,0,0,0,0,0,0,0,0,0,1,18
TXN0004535,2024-02-22T20:45:00,52,M0016,Services,high,C01122,116,17,2504,0.1846,2906.07,wallet,Kotak,424046,20,3,0,0,0,0,0,0,0,0,0,0,0,12
TXN0004536,2024-02-22T14:28:00,52,M0122,Retail,low,C00104,84,15,4496,0.0376,18675.95,upi,Axis,567177,14,3,0,0,0,1,1,0,0,0,1,1,0,35
TXN0004537,2024-02-22T06:51:00,52,M0011,Food,low,C00294,20,1,771,0.1142,200,wallet,ICICI,490441,6,3,0,0,0,0,0,0,0,0,0,0,0,62
TXN0004538,2024-02-22T14:41:00,52,M0007,Food,mid,C00846,300,16,7520,0.1088,8226.93,netbanking,PNB,402789,14,3,0,0,0,0,0,0,0,0,1,1,0,60
TXN0004539,2024-02-22T10:49:00,52,M0157,SaaS,mid,C01376,15,4,962,0.0503,767.65,upi,Kotak,447933,10,3,0,0,0,1,0,0,0,0,0,0,0,14
TXN0004540,2024-02-22T08:46:00,52,M0046,SaaS,high,C00070,765,85,16596,0.0072,12629.51,card,Axis,417205,8,3,0,0,0,0,1,0,0,0,1,1,0,55
TXN0004541,2024-02-22T11:04:00,52,M0139,Logistics,low,C00014,91,14,5154,0.0628,10102.87,card,HDFC,532763,11,3,0,0,0,1,0,0,0,0,0,0,0,69
TXN0004542,2024-02-22T19:59:00,52,M0156,Services,mid,C00179,255,17,3997,0.1177,2775.27,netbanking,Yes,503841,19,3,0,0,0,0,0,0,0,1,0,0,0,40
TXN0004543,2024-02-22T11:02:00,52,M0075,Retail,mid,C01195,131,15,7329,0.1734,6051.18,wallet,Axis,543021,11,3,0,0,0,0,0,0,0,1,1,1,0,29
TXN0004544,2024-02-22T07:55:00,52,M0106,Services,high,C00255,186,11,4750,0.0264,5996.68,netbanking,Axis,441618,7,3,0,0,0,0,0,0,0,0,1,1,0,19
TXN0004545,2024-02-22T13:49:00,52,M0171,Retail,low,C00320,211,6,4563,0.1454,1823.04,netbanking,ICICI,528860,13,3,0,0,0,1,0,0,0,1,0,0,1,25
TXN0004546,2024-02-22T20:23:00,52,M0091,Logistics,high,C00815,98,19,1435,0.0519,5338.81,netbanking,ICICI,505852,20,3,0,0,0,2,1,0,0,0,1,1,0,54
TXN0004547,2024-02-22T09:57:00,52,M0124,Retail,low,C00851,191,8,6786,0.0145,4274.77,upi,ICICI,533447,9,3,0,0,0,0,0,0,0,1,0,0,0,66
TXN0004548,2024-02-22T05:47:00,52,M0173,Food,high,C01094,932,69,17616,0.0048,9406.17,card,Axis,582425,5,3,0,0,1,1,0,1,0,0,1,1,0,52
TXN0004549,2024-02-22T01:36:00,52,M0067,Food,mid,C01270,194,13,3612,0.2041,3376.44,netbanking,ICICI,573815,1,3,0,0,0,1,0,0,0,0,1,1,0,13
TXN0004550,2024-02-22T12:06:00,52,M0067,Food,mid,C00130,930,66,22498,0.0304,6017.13,card,ICICI,494945,12,3,0,0,0,0,0,0,0,1,0,0,0,49
TXN0004551,2024-02-22T17:20:00,52,M0029,Retail,high,C01156,783,61,24286,0.0003,10041.98,card,Canara,515451,17,3,0,0,0,1,0,0,0,0,0,0,0,42
TXN0004552,2024-02-22T13:32:00,52,M0016,Services,high,C01449,25,4,501,0.0588,863.89,card,HDFC,524015,13,3,0,0,0,1,0,0,0,0,0,0,0,58
TXN0004553,2024-02-22T14:55:00,52,M0120,Food,low,C00948,163,14,3671,0.0629,5868.69,wallet,ICICI,463558,14,3,0,0,0,1,0,0,0,0,0,0,0,65
TXN0004554,2024-02-22T17:28:00,52,M0040,SaaS,mid,C00298,114,9,4372,0.1389,3381.94,upi,Kotak,403244,17,3,0,1,1,1,0,0,0,1,1,1,0,31
TXN0004555,2024-02-22T20:01:00,52,M0125,Retail,low,C00794,294,13,3464,0.0308,4232.6,card,PNB,532945,20,3,0,12,0,1,0,0,0,0,0,0,0,43
TXN0004556,2024-02-22T07:56:00,52,M0193,B2B,low,C01208,24,4,1125,0.262,6847.43,card,Axis,522314,7,3,0,0,0,1,0,0,0,0,0,0,1,35
TXN0004557,2024-02-22T07:16:00,52,M0164,Logistics,high,C00913,120,7,7354,0.1533,7474.86,card,Kotak,528306,7,3,0,0,0,1,0,0,0,0,0,0,0,51
TXN0004558,2024-02-22T22:27:00,52,M0061,Services,low,C01459,135,16,1193,0.0681,2454.57,netbanking,Yes,563781,22,3,0,0,0,1,0,0,0,0,0,0,0,49
TXN0004559,2024-02-22T09:50:00,52,M0077,Services,high,C00853,16,2,1991,0.0564,3239.12,netbanking,ICICI,532141,9,3,0,11,0,0,0,0,0,0,0,0,0,43
TXN0004560,2024-02-22T11:16:00,52,M0018,SaaS,high,C00096,97,5,3271,0.041,3495.88,netbanking,PNB,520592,11,3,0,0,0,2,0,1,0,0,1,1,0,51
TXN0004561,2024-02-22T09:04:00,52,M0101,Food,low,C00510,5,2,1363,0.0704,4817.22,upi,PNB,509132,9,3,0,0,0,0,0,0,0,0,0,0,0,48
TXN0004562,2024-02-22T02:58:00,52,M0138,Services,mid,C00481,9,3,1477,0.2252,2286.46,wallet,Canara,402125,2,3,0,0,0,0,0,0,0,1,1,1,0,56
TXN0004563,2024-02-22T18:02:00,52,M0009,Retail,low,C01131,246,15,4665,0.1882,5210.73,card,Yes,412498,18,3,0,0,0,1,1,0,0,1,1,1,0,22
TXN0004564,2024-02-22T05:07:00,52,M0023,Services,low,C00736,885,113,21326,0.0296,7445.85,card,SBI,523948,5,3,0,0,0,0,0,0,0,1,1,1,0,52
TXN0004565,2024-02-22T18:46:00,52,M0120,Food,low,C00110,61,10,2173,0.1347,2010.85,upi,Canara,427138,18,3,0,6,0,0,0,0,0,1,0,0,0,64
TXN0004566,2024-02-22T14:49:00,52,M0090,Logistics,mid,C01245,822,114,24591,0.0177,12616.62,card,Yes,572881,14,3,0,0,0,0,0,0,0,1,0,0,1,38
TXN0004567,2024-02-22T07:59:00,52,M0003,SaaS,low,C00798,897,108,3896,0.0264,3689.35,card,Canara,518474,7,3,0,0,0,0,0,0,0,0,0,0,0,51
TXN0004568,2024-02-22T19:17:00,52,M0164,Logistics,high,C01372,164,10,6204,0.1709,10080.95,card,PNB,542058,19,3,0,0,0,0,1,0,0,1,1,1,0,52
TXN0004569,2024-02-22T18:16:00,52,M0159,Services,low,C00402,21,2,1233,0.2154,4917.27,netbanking,Axis,531081,18,3,0,0,0,0,0,0,0,0,0,0,1,22
TXN0004570,2024-02-22T13:30:00,52,M0136,Logistics,mid,C01164,988,65,23691,0.0177,18416.1,wallet,HDFC,559641,13,3,0,0,0,0,0,0,0,0,1,1,0,22
TXN0004571,2024-02-22T07:51:00,52,M0048,SaaS,mid,C00084,95,8,6140,0.1283,3596.78,wallet,Kotak,439598,7,3,0,0,0,1,0,0,0,1,0,0,0,21
TXN0004572,2024-02-22T16:50:00,52,M0109,Services,low,C00905,997,85,9286,0.052,10749.83,wallet,Canara,423999,16,3,0,10,0,1,0,0,0,0,0,0,0,25
TXN0004573,2024-02-22T06:46:00,52,M0177,Food,low,C00678,158,11,3448,0.1289,1868.49,card,SBI,520922,6,3,0,0,0,0,0,0,0,0,0,0,0,35
TXN0004574,2024-02-22T15:22:00,52,M0113,Services,high,C00206,15,3,1692,0.1412,6187.14,wallet,Kotak,579702,15,3,0,0,0,0,0,0,0,0,0,0,0,24
TXN0004575,2024-02-22T11:28:00,52,M0199,SaaS,mid,C00718,996,52,12606,0.0099,8020.96,netbanking,Canara,471113,11,3,0,0,0,0,0,0,0,0,0,0,0,36
TXN0004576,2024-02-22T16:24:00,52,M0154,Retail,low,C00407,219,13,7005,0.033,3251.78,card,Kotak,419515,16,3,0,11,0,0,0,0,0,0,0,0,0,19
TXN0004577,2024-02-22T08:36:00,52,M0032,Food,low,C00409,6,2,712,0.0617,1057.55,netbanking,HDFC,518074,8,3,0,0,0,1,0,0,0,1,0,0,1,35
TXN0004578,2024-02-22T16:41:00,52,M0001,Retail,high,C00944,180,9,4256,0.0575,6050.18,netbanking,SBI,568873,16,3,0,0,0,2,0,0,0,0,0,0,0,57
TXN0004579,2024-02-22T15:14:00,52,M0020,B2B,low,C00024,184,12,3249,0.0951,20677.55,upi,Yes,482028,15,3,0,0,0,0,0,0,0,0,0,0,0,59
TXN0004580,2024-02-22T12:01:00,52,M0161,Services,mid,C00499,239,13,3033,0.0473,4304.31,wallet,Kotak,545554,12,3,0,0,0,0,0,1,0,0,1,1,0,59
TXN0004581,2024-02-22T08:51:00,52,M0055,Services,mid,C00277,164,20,4404,0.1783,5079.6,upi,Kotak,507254,8,3,0,6,0,0,0,0,0,0,0,0,0,17
TXN0004582,2024-02-22T13:40:00,52,M0175,Food,low,C00559,119,13,7644,0.0554,2615.43,card,SBI,442274,13,3,0,8,0,0,0,0,0,0,0,0,0,24
TXN0004583,2024-02-22T18:00:00,52,M0156,Services,mid,C01054,25,1,1125,0.0641,1705.8,wallet,SBI,538678,18,3,0,0,0,0,0,0,0,0,0,0,0,27
TXN0004584,2024-02-22T17:26:00,52,M0114,Logistics,mid,C00650,236,7,2163,0.1174,19161.03,netbanking,ICICI,510706,17,3,0,0,0,0,0,0,0,0,1,1,0,68
TXN0004585,2024-02-22T11:12:00,52,M0061,Services,low,C00303,64,7,1112,0.0787,2206.54,card,Canara,552179,11,3,0,0,0,0,0,0,0,1,0,0,0,19
TXN0004586,2024-02-22T17:30:00,52,M0066,Food,mid,C01173,790,93,14363,0.0125,8876.61,card,Axis,428145,17,3,0,0,0,0,0,0,0,1,0,0,0,27
TXN0004587,2024-02-22T18:03:00,52,M0086,Retail,high,C01129,210,6,3376,0.0541,3936.68,netbanking,Canara,461743,18,3,0,0,0,0,0,0,0,0,0,0,0,45
TXN0004588,2024-02-22T16:27:00,52,M0170,Logistics,mid,C00284,22,2,1162,0.105,14515.11,netbanking,HDFC,487613,16,3,0,0,0,0,0,0,0,0,1,1,0,41
TXN0004589,2024-02-22T21:12:00,52,M0046,SaaS,high,C00258,122,15,4080,0.0596,1069.79,upi,Kotak,593434,21,3,0,0,0,0,0,0,0,1,0,0,0,49
TXN0004590,2024-02-22T12:00:00,52,M0116,Services,low,C01188,22,1,1190,0.1683,3486.52,netbanking,PNB,566863,12,3,0,0,0,0,1,0,0,0,1,1,0,69
TXN0004591,2024-02-22T06:40:00,52,M0036,Retail,low,C00134,24,2,1976,0.0714,3612.77,netbanking,PNB,455866,6,3,0,8,0,0,0,0,0,0,0,0,0,19
TXN0004592,2024-02-22T09:58:00,52,M0101,Food,low,C01009,228,8,7015,0.0619,3147.96,netbanking,HDFC,412277,9,3,0,0,0,0,0,0,0,0,0,0,0,19
TXN0004593,2024-02-22T09:28:00,52,M0010,SaaS,high,C00920,209,9,2207,0.097,3543.83,upi,Kotak,513451,9,3,0,13,0,0,0,0,0,0,0,0,0,12
TXN0004594,2024-02-22T14:23:00,52,M0039,Logistics,mid,C00509,13,2,1637,0.1018,6995.99,card,ICICI,577882,14,3,0,0,0,0,0,0,0,0,0,0,0,14
TXN0004595,2024-02-22T16:06:00,52,M0040,SaaS,mid,C00791,123,13,7424,0.2396,10183.46,wallet,Canara,550124,16,3,0,0,0,0,0,0,0,0,0,0,0,60
TXN0004596,2024-02-22T10:09:00,52,M0138,Services,mid,C00238,130,14,1140,0.0951,2801.3,wallet,Yes,574223,10,3,0,0,0,1,0,0,0,0,0,0,0,43
TXN0004597,2024-02-22T18:46:00,52,M0151,Food,low,C00062,23,4,1800,0.1931,1130.68,card,Axis,446445,18,3,0,0,0,0,1,0,0,0,1,1,0,45
TXN0004598,2024-02-22T14:50:00,52,M0182,Retail,high,C01328,206,10,5391,0.0281,2066.65,netbanking,Kotak,408415,14,3,0,0,0,0,1,0,0,0,0,1,1,25
TXN0004599,2024-02-22T12:39:00,52,M0076,Services,high,C00626,200,15,3220,0.0394,3297.31,upi,Axis,594959,12,3,0,0,0,0,0,0,0,0,0,0,0,18
TXN0004600,2024-02-22T18:17:00,52,M0186,B2B,mid,C00634,92,8,4323,0.2108,45013.1,wallet,Canara,416100,18,3,0,0,0,0,0,0,0,1,1,1,0,48
TXN0004601,2024-02-22T18:32:00,52,M0005,Logistics,high,C00516,902,103,23685,0.0193,18463.76,netbanking,Canara,579184,18,3,0,0,1,2,0,0,0,0,0,0,0,27
TXN0004602,2024-02-22T20:22:00,52,M0044,Logistics,low,C00063,86,10,3701,0.0681,3818.96,card,SBI,578165,20,3,0,0,0,0,1,0,0,0,0,1,0,22
TXN0004603,2024-02-22T10:09:00,52,M0190,Services,low,C01472,807,92,5392,0.0039,4124.78,upi,Yes,455741,10,3,0,0,0,1,0,0,0,0,0,0,0,35
TXN0004604,2024-02-22T08:33:00,52,M0087,Logistics,mid,C01346,8,1,1368,0.0887,5963.09,netbanking,PNB,580057,8,3,0,0,0,1,0,0,0,0,0,0,1,68
TXN0004605,2024-02-22T20:55:00,52,M0116,Services,low,C01096,246,10,6304,0.0403,5463.14,upi,Axis,525722,20,3,0,0,0,0,1,0,0,1,1,1,0,21
TXN0004606,2024-02-22T12:45:00,52,M0146,Food,mid,C00733,19,4,1406,0.0532,2133.5,card,Canara,463834,12,3,0,12,0,0,0,0,0,1,0,0,1,58
TXN0004607,2024-02-22T15:30:00,52,M0103,Services,low,C00893,19,3,1837,0.1197,993.71,netbanking,Kotak,574651,15,3,0,0,0,0,0,0,0,0,0,0,0,59
TXN0004608,2024-02-22T16:49:00,52,M0068,B2B,low,C01358,90,12,5588,0.0634,21137.33,wallet,ICICI,437031,16,3,0,0,0,0,0,0,0,1,0,0,1,64
TXN0004609,2024-02-22T18:16:00,52,M0095,Food,low,C00871,21,4,1704,0.0778,1000.7,upi,Axis,409536,18,3,0,0,0,0,0,0,0,0,0,0,0,65
TXN0004610,2024-02-22T10:49:00,52,M0185,Food,high,C00093,16,3,624,0.0975,659.09,card,Kotak,565503,10,3,0,0,0,2,0,0,0,0,0,0,1,21
TXN0004611,2024-02-22T22:00:00,52,M0103,Services,low,C00058,6,2,1129,0.0777,3391.28,card,Kotak,548961,22,3,0,0,0,0,0,0,0,0,0,0,1,42
TXN0004612,2024-02-22T09:36:00,52,M0065,B2B,high,C01485,738,85,24212,0.0582,27223.15,upi,Yes,524998,9,3,0,0,0,1,0,0,0,0,0,0,0,63
TXN0004613,2024-02-22T14:55:00,52,M0056,Retail,low,C00628,6,1,1373,0.0525,2163.46,wallet,Canara,506870,14,3,0,0,0,0,0,0,0,1,0,0,0,13
TXN0004614,2024-02-22T17:27:00,52,M0145,SaaS,low,C00448,10,3,1642,0.0153,1488.02,netbanking,ICICI,474390,17,3,0,0,0,0,0,0,0,0,0,0,1,20
TXN0004615,2024-02-22T08:15:00,52,M0014,Logistics,high,C01229,18,1,787,0.1359,3678.98,wallet,SBI,534540,8,3,0,0,1,1,0,0,0,0,0,0,0,61
TXN0004616,2024-02-22T23:15:00,52,M0099,B2B,low,C00368,218,17,1317,0.0644,14804.96,upi,SBI,550546,23,3,0,0,0,0,0,0,0,0,0,0,0,12
TXN0004617,2024-02-22T07:21:00,52,M0119,Retail,high,C00264,25,4,1179,0.0072,5549.97,upi,Axis,409423,7,3,0,0,0,0,0,0,0,1,0,0,1,45
TXN0004618,2024-02-22T05:15:00,52,M0057,Food,high,C00108,20,2,721,0.0884,864.86,netbanking,Axis,513593,5,3,0,8,0,1,0,0,0,0,0,0,1,48
TXN0004619,2024-02-22T20:40:00,52,M0053,Retail,low,C01168,266,17,7311,0.0744,6326.39,netbanking,Yes,511054,20,3,0,0,0,0,1,0,0,1,0,1,1,50
TXN0004620,2024-02-22T20:33:00,52,M0153,Food,low,C00192,882,86,9792,0.023,7139.19,netbanking,PNB,437775,20,3,0,0,0,0,0,0,0,0,0,0,0,33
TXN0004621,2024-02-23T08:24:00,53,M0121,Food,low,C00498,261,12,6545,0.1476,2954.63,upi,Yes,543741,8,4,0,0,0,0,0,0,0,0,0,0,0,14
TXN0004622,2024-02-23T22:05:00,53,M0080,Logistics,low,C00751,13,3,1221,0.0318,32753.24,upi,Canara,496564,22,4,0,0,0,1,0,0,0,0,1,1,0,22
TXN0004623,2024-02-23T07:51:00,53,M0033,Logistics,low,C00793,792,118,10745,0.0392,5356.49,card,Canara,412916,7,4,0,0,0,0,1,0,0,0,1,1,0,20
TXN0004624,2024-02-23T09:59:00,53,M0159,Services,low,C00670,6,4,1295,0.065,634.61,wallet,Canara,563479,9,4,0,0,0,1,0,0,0,1,0,0,0,48
TXN0004625,2024-02-23T00:31:00,53,M0144,Retail,low,C01039,730,81,12850,0.0007,4668.53,netbanking,PNB,530264,0,4,0,0,0,1,0,0,0,0,1,1,0,46
TXN0004626,2024-02-23T08:34:00,53,M0138,Services,mid,C00047,8,2,892,0.0391,1641.99,wallet,Yes,537427,8,4,0,0,0,0,0,0,0,1,0,0,0,37
TXN0004627,2024-02-23T15:39:00,53,M0056,Retail,low,C00879,15,1,1779,0.1522,942.53,card,ICICI,541712,15,4,0,0,0,0,0,0,0,0,0,0,0,41
TXN0004628,2024-02-23T20:27:00,53,M0059,Logistics,mid,C00310,19,3,613,0.0983,6030.54,upi,Kotak,479474,20,4,0,0,0,1,0,0,0,0,0,0,0,41
TXN0004629,2024-02-23T18:07:00,53,M0006,Food,low,C00633,76,20,1924,0.0829,2209.45,card,Yes,451849,18,4,0,0,0,2,0,0,0,0,0,0,0,38
TXN0004630,2024-02-23T17:54:00,53,M0194,Retail,mid,C00170,24,3,1654,0.0234,821.53,wallet,ICICI,419597,17,4,0,0,0,0,0,0,0,0,0,0,0,67
TXN0004631,2024-02-23T19:06:00,53,M0154,Retail,low,C01109,246,13,2185,0.0325,3626.04,wallet,PNB,572912,19,4,0,0,0,0,1,0,0,1,0,1,0,41
TXN0004632,2024-02-23T15:39:00,53,M0073,SaaS,high,C00784,14,4,1494,0.0944,1008.01,wallet,Yes,529914,15,4,0,0,0,0,1,0,0,0,1,1,0,55
TXN0004633,2024-02-23T13:20:00,53,M0080,Logistics,low,C00934,17,3,1521,0.0828,10131.25,card,SBI,451903,13,4,0,0,0,0,0,1,0,0,1,1,0,41
TXN0004634,2024-02-23T11:27:00,53,M0040,SaaS,mid,C01005,24,1,1586,0.0437,3516.99,netbanking,PNB,407891,11,4,0,0,0,1,0,0,0,0,0,0,0,34
TXN0004635,2024-02-23T16:47:00,53,M0101,Food,low,C00994,11,4,839,0.0526,711.03,netbanking,Kotak,582979,16,4,0,0,0,0,0,0,0,1,0,0,0,47
TXN0004636,2024-02-23T21:08:00,53,M0198,Food,mid,C00390,180,11,5099,0.0301,1973.11,netbanking,ICICI,559281,21,4,0,0,0,1,0,0,0,1,0,0,1,17
TXN0004637,2024-02-23T12:55:00,53,M0025,Food,mid,C01162,25,4,605,0.233,623.53,card,SBI,476198,12,4,0,0,0,2,0,0,0,1,0,0,0,38
TXN0004638,2024-02-23T09:32:00,53,M0029,Retail,high,C00205,974,91,11128,0.0001,8650.32,wallet,PNB,455851,9,4,0,0,0,0,0,0,0,1,0,0,0,37
TXN0004639,2024-02-23T13:36:00,53,M0008,Retail,low,C00397,20,3,885,0.0456,1189.67,netbanking,SBI,537454,13,4,0,0,0,2,0,0,0,0,0,0,1,61
TXN0004640,2024-02-23T12:19:00,53,M0002,B2B,low,C01215,842,68,14704,0.0152,19636.96,upi,ICICI,564787,12,4,0,0,0,0,0,0,0,0,0,0,0,25
TXN0004641,2024-02-23T13:55:00,53,M0065,B2B,high,C00732,243,18,4028,0.0667,15961.88,card,HDFC,445925,13,4,0,0,0,0,1,0,0,0,1,1,0,61
TXN0004642,2024-02-23T20:07:00,53,M0105,SaaS,high,C00987,215,20,1589,0.0775,2200.93,card,Canara,406577,20,4,0,0,0,0,0,0,0,0,0,0,0,34
TXN0004643,2024-02-23T17:26:00,53,M0129,Services,low,C00349,156,16,5473,0.0569,3976.8,netbanking,ICICI,560717,17,4,0,0,0,0,0,0,0,0,0,0,0,50
TXN0004644,2024-02-23T18:35:00,53,M0126,B2B,low,C01019,794,116,24749,0.0205,51126.31,upi,Canara,487184,18,4,0,0,0,0,0,0,0,1,1,1,0,24
TXN0004645,2024-02-23T18:34:00,53,M0186,B2B,mid,C00027,238,5,7271,0.1136,17663.7,card,HDFC,505386,18,4,0,0,0,0,0,0,0,0,0,0,0,71
TXN0004646,2024-02-23T20:32:00,53,M0016,Services,high,C01372,164,10,6204,0.1709,12065.57,wallet,HDFC,547049,20,4,0,0,0,1,0,0,0,0,0,0,0,55
TXN0004647,2024-02-23T12:19:00,53,M0022,Retail,low,C01063,16,2,1323,0.0664,3083.04,card,Kotak,433782,12,4,0,0,0,1,0,0,0,0,0,0,1,51
TXN0004648,2024-02-23T06:03:00,53,M0185,Food,high,C01467,110,13,3091,0.1456,868.84,card,SBI,507530,6,4,0,0,0,0,0,0,0,0,1,1,0,71
TXN0004649,2024-02-23T05:32:00,53,M0102,Retail,high,C00296,15,3,1112,0.0281,2621.05,card,Canara,507821,5,4,0,0,0,1,0,0,0,1,0,0,1,57
TXN0004650,2024-02-23T12:21:00,53,M0008,Retail,low,C00666,124,11,1278,0.1892,1711.09,upi,PNB,598164,12,4,0,0,0,0,0,0,0,0,0,0,0,28
TXN0004651,2024-02-23T16:16:00,53,M0015,Services,low,C00763,20,4,972,0.1707,3834.87,card,PNB,410691,16,4,0,0,0,1,0,1,0,0,1,1,0,31
TXN0004652,2024-02-23T19:33:00,53,M0078,B2B,high,C01374,5,2,1806,0.0599,24750.8,upi,Yes,522753,19,4,0,12,0,1,0,0,0,0,0,0,1,27
TXN0004653,2024-02-23T09:07:00,53,M0083,B2B,low,C01114,880,108,7723,0.0341,26375.51,card,HDFC,455312,9,4,0,0,0,0,0,0,0,0,0,0,1,18
TXN0004654,2024-02-23T14:53:00,53,M0048,SaaS,mid,C00738,122,5,1977,0.1778,880.94,card,Yes,477429,14,4,0,0,0,0,0,0,0,0,0,0,0,60
TXN0004655,2024-02-23T09:55:00,53,M0190,Services,low,C00613,294,20,7531,0.0191,17317.04,netbanking,SBI,486951,9,4,0,0,0,2,0,0,0,0,0,0,0,68
TXN0004656,2024-02-23T11:09:00,53,M0061,Services,low,C00620,957,114,3817,0.0332,3317.63,upi,ICICI,563589,11,4,0,0,0,0,0,0,0,0,0,0,0,20
TXN0004657,2024-02-23T07:10:00,53,M0138,Services,mid,C00699,115,19,2458,0.0619,1770.68,netbanking,Yes,410975,7,4,0,0,0,0,0,0,0,0,0,0,0,51
TXN0004658,2024-02-23T19:12:00,53,M0064,Food,high,C00967,289,8,4199,0.1297,2197.58,wallet,Canara,411543,19,4,0,0,0,0,0,0,0,0,0,0,0,34
TXN0004659,2024-02-23T11:52:00,53,M0164,Logistics,high,C01026,84,9,3649,0.1314,9625.88,upi,HDFC,555139,11,4,0,0,0,0,0,0,0,0,0,0,0,44
TXN0004660,2024-02-23T10:30:00,53,M0075,Retail,mid,C01315,189,15,3261,0.0741,3523.82,netbanking,Yes,540482,10,4,0,0,0,1,0,0,0,1,0,0,0,40
TXN0004661,2024-02-23T15:45:00,53,M0007,Food,mid,C01317,274,6,6197,0.1133,4207.72,upi,Axis,585101,15,4,0,0,0,1,0,1,0,1,0,1,0,41
TXN0004662,2024-02-23T11:43:00,53,M0019,Services,mid,C00833,176,19,6110,0.0399,5399.18,wallet,HDFC,548395,11,4,0,0,0,0,0,1,0,1,1,1,0,44
TXN0004663,2024-02-23T13:05:00,53,M0158,Retail,low,C01299,983,75,8895,0.0443,5586.77,wallet,Axis,456618,13,4,0,0,0,0,0,0,0,0,0,0,0,51
TXN0004664,2024-02-23T07:31:00,53,M0148,SaaS,mid,C00192,882,86,9792,0.023,7071.93,wallet,Kotak,453910,7,4,0,0,1,1,0,0,0,0,0,0,0,61
TXN0004665,2024-02-23T13:51:00,53,M0196,Retail,low,C00779,231,10,1152,0.1462,791.12,card,Axis,581399,13,4,0,0,0,0,0,0,0,1,0,0,0,70
TXN0004666,2024-02-23T19:53:00,53,M0008,Retail,low,C00851,191,8,6786,0.0145,2311.82,upi,PNB,497719,19,4,0,0,0,1,0,0,0,0,0,0,0,35
TXN0004667,2024-02-23T14:50:00,53,M0014,Logistics,high,C00261,18,4,651,0.0777,4115.48,netbanking,Canara,424809,14,4,0,0,0,1,0,0,0,0,0,0,1,63
TXN0004668,2024-02-23T12:19:00,53,M0114,Logistics,mid,C00483,25,2,1908,0.2412,10767.98,card,Kotak,551692,12,4,0,14,0,0,0,0,0,0,0,0,1,36
TXN0004669,2024-02-23T07:39:00,53,M0023,Services,low,C01433,153,18,6378,0.052,4492.73,wallet,Canara,563169,7,4,0,0,0,0,0,0,0,0,0,0,0,67
TXN0004670,2024-02-23T15:48:00,53,M0139,Logistics,low,C00752,85,5,5332,0.0525,10136.01,wallet,ICICI,419070,15,4,0,0,0,0,0,0,0,0,0,0,0,30
TXN0004671,2024-02-23T10:15:00,53,M0174,SaaS,low,C00551,20,1,1458,0.1078,2019.76,card,SBI,442594,10,4,0,0,0,0,0,0,0,0,0,0,1,22
TXN0004672,2024-02-23T11:04:00,53,M0181,Food,high,C01363,830,106,14828,0.0184,27033.17,wallet,SBI,565782,11,4,0,0,0,1,0,0,0,0,0,0,0,31
TXN0004673,2024-02-23T14:32:00,53,M0133,SaaS,mid,C00638,211,19,3665,0.127,2132.52,card,Canara,495856,14,4,0,0,0,0,0,0,1,0,0,0,0,18
TXN0004674,2024-02-23T09:58:00,53,M0159,Services,low,C00001,266,5,6471,0.1662,3437.28,card,Canara,555140,9,4,0,0,0,1,0,0,0,1,0,0,0,37
TXN0004675,2024-02-23T14:22:00,53,M0050,Logistics,high,C01049,239,14,5518,0.0835,18691.65,card,HDFC,544282,14,4,0,7,0,0,0,0,0,0,0,0,0,21
TXN0004676,2024-02-23T20:34:00,53,M0102,Retail,high,C01185,768,103,17260,0.0082,14781.33,card,Canara,571434,20,4,0,0,0,0,0,0,0,0,0,0,0,29
TXN0004677,2024-02-23T16:08:00,53,M0001,Retail,high,C00252,212,15,4155,0.0065,4171.69,upi,Axis,499599,16,4,0,0,0,0,0,0,0,1,0,0,0,41
TXN0004678,2024-02-23T09:31:00,53,M0122,Retail,low,C00786,74,7,3571,0.0818,959.36,wallet,HDFC,475998,9,4,0,0,0,0,0,0,0,1,0,0,0,41
TXN0004679,2024-02-23T07:04:00,53,M0103,Services,low,C00010,111,19,3864,0.0703,6993.96,netbanking,Yes,565684,7,4,0,0,0,1,0,0,0,0,0,0,0,13
TXN0004680,2024-02-23T18:52:00,53,M0076,Services,high,C00158,205,6,5956,0.039,7548.93,netbanking,Axis,518500,18,4,0,0,0,0,0,0,0,0,0,0,0,49
TXN0004681,2024-02-23T09:29:00,53,M0008,Retail,low,C01446,83,11,7007,0.0191,7670.92,upi,Axis,536325,9,4,0,0,0,0,1,0,0,0,1,1,0,23
TXN0004682,2024-02-23T19:20:00,53,M0172,Food,mid,C00588,76,10,4598,0.0727,3192.06,netbanking,Kotak,402967,19,4,0,0,0,1,0,0,0,0,0,0,0,14
TXN0004683,2024-02-23T08:01:00,53,M0155,SaaS,mid,C00633,76,20,1924,0.0829,1169.4,netbanking,Axis,450197,8,4,0,1,1,3,0,0,0,0,0,0,0,19
TXN0004684,2024-02-23T11:20:00,53,M0160,Services,mid,C00019,767,108,16580,0.0404,28981.81,netbanking,Kotak,588555,11,4,0,0,0,0,0,0,0,0,1,1,0,40
TXN0004685,2024-02-23T09:38:00,53,M0028,Retail,mid,C01015,763,93,15353,0.0415,11225.1,card,HDFC,450531,9,4,0,0,0,0,0,0,0,0,0,0,1,29
TXN0004686,2024-02-23T13:05:00,53,M0029,Retail,high,C00115,8,1,1518,0.0701,3902.0,card,SBI,584964,13,4,0,0,0,1,0,0,0,0,0,0,0,39
TXN0004687,2024-02-23T07:12:00,53,M0128,B2B,high,C01113,181,9,1902,0.0152,24060.81,netbanking,HDFC,414944,7,4,0,0,0,0,0,0,0,0,0,0,1,37
TXN0004688,2024-02-23T11:20:00,53,M0147,SaaS,mid,C00975,145,5,5985,0.0929,2520.52,card,Kotak,479588,11,4,0,13,0,0,0,0,0,0,0,0,0,46
TXN0004689,2024-02-23T13:42:00,53,M0129,Services,low,C01329,214,5,6916,0.0088,3305.16,wallet,Yes,595928,13,4,0,0,0,0,0,1,0,0,1,1,0,62
TXN0004690,2024-02-23T13:07:00,53,M0060,Services,high,C01221,170,16,6408,0.0274,3984.13,netbanking,SBI,597368,13,4,0,0,0,0,0,0,0,1,0,0,0,16
TXN0004691,2024-02-23T10:30:00,53,M0009,Retail,low,C00827,171,18,1761,0.0162,6640.22,wallet,SBI,419741,10,4,0,0,0,0,0,0,0,0,0,0,0,12
TXN0004692,2024-02-23T11:14:00,53,M0064,Food,high,C00987,215,20,1589,0.0775,1174.5,card,HDFC,531253,11,4,0,1,1,1,0,0,0,0,0,0,0,18
TXN0004693,2024-02-23T11:51:00,53,M0088,Food,low,C00717,769,63,8399,0.0059,3964.1,netbanking,Canara,575015,11,4,0,0,0,0,0,0,0,0,0,0,0,55
TXN0004694,2024-02-23T07:04:00,53,M0062,B2B,low,C00563,221,17,1443,0.0571,33871.21,wallet,SBI,503441,7,4,0,0,0,0,0,0,0,0,0,0,0,28
TXN0004695,2024-02-23T12:11:00,53,M0030,B2B,high,C01185,768,103,17260,0.0082,29334.39,netbanking,Yes,557099,12,4,0,1,1,1,0,0,0,0,1,1,0,24
TXN0004696,2024-02-23T14:04:00,53,M0036,Retail,low,C00378,11,3,1834,0.062,1988.88,upi,HDFC,564071,14,4,0,0,0,0,0,0,0,1,0,0,0,17
TXN0004697,2024-02-23T22:39:00,53,M0158,Retail,low,C00907,756,91,17173,0.0372,58088.51,wallet,ICICI,488073,22,4,0,0,0,0,0,0,0,1,1,1,0,26
TXN0004698,2024-02-23T07:08:00,53,M0164,Logistics,high,C00807,97,5,3377,0.078,7763.91,upi,HDFC,555959,7,4,0,0,0,0,0,0,0,0,0,0,0,72
TXN0004699,2024-02-23T17:12:00,53,M0026,Retail,high,C00980,292,12,7565,0.1281,4317.29,netbanking,SBI,561020,17,4,0,0,0,1,0,0,0,0,0,0,0,18
TXN0004700,2024-02-23T12:32:00,53,M0069,SaaS,high,C01227,273,18,1786,0.038,2016.28,wallet,ICICI,529341,12,4,0,0,0,0,0,0,0,0,0,0,0,34
TXN0004701,2024-02-23T20:00:00,53,M0057,Food,high,C00719,167,19,7043,0.1785,9046.73,upi,HDFC,484817,20,4,0,0,0,0,0,0,0,0,0,0,0,72
TXN0004702,2024-02-23T09:41:00,53,M0153,Food,low,C00663,8,3,1840,0.0977,1643.0,upi,SBI,535283,9,4,0,0,0,0,0,0,0,0,0,0,0,25
TXN0004703,2024-02-23T12:29:00,53,M0149,Services,low,C00024,184,12,3249,0.0951,2553.89,card,HDFC,429972,12,4,0,0,1,1,0,0,0,1,0,0,0,71
TXN0004704,2024-02-23T11:30:00,53,M0174,SaaS,low,C01223,878,78,4053,0.0134,3738.42,wallet,ICICI,459270,11,4,0,0,0,1,0,0,0,1,0,0,0,36
TXN0004705,2024-02-23T20:58:00,53,M0094,SaaS,high,C00986,197,9,5528,0.1525,3138.5,wallet,PNB,595265,20,4,0,0,0,0,0,0,0,1,0,0,0,67
TXN0004706,2024-02-23T10:50:00,53,M0047,Logistics,low,C00524,820,108,23678,0.0222,7606.04,netbanking,Axis,524501,10,4,0,0,0,1,1,0,0,0,1,1,0,23
TXN0004707,2024-02-23T10:32:00,53,M0039,Logistics,mid,C01293,247,18,5415,0.1497,16741.75,wallet,ICICI,598150,10,4,0,0,0,0,1,0,0,0,1,1,0,45
TXN0004708,2024-02-23T13:57:00,53,M0153,Food,low,C00308,260,13,2367,0.0514,1945.04,upi,SBI,437836,13,4,0,0,0,0,0,0,0,0,0,0,0,39
TXN0004709,2024-02-23T18:16:00,53,M0104,Food,low,C01223,878,78,4053,0.0134,5206.75,upi,SBI,518676,18,4,0,0,1,2,0,0,0,0,0,0,0,41
TXN0004710,2024-02-23T09:46:00,53,M0040,SaaS,mid,C00307,10,1,525,0.1779,612.42,card,Canara,505939,9,4,0,0,0,1,0,0,0,0,0,0,0,20
TXN0004711,2024-02-23T15:09:00,53,M0159,Services,low,C01192,732,56,11509,0.0446,4362.38,wallet,Yes,592690,15,4,0,0,0,0,0,0,0,0,0,0,0,18
TXN0004712,2024-02-24T18:24:00,54,M0037,Retail,mid,C00552,270,13,5333,0.0504,5947.29,wallet,Axis,464530,18,5,1,0,0,0,0,0,0,0,1,1,0,57
TXN0004713,2024-02-24T01:41:00,54,M0072,SaaS,high,C01348,868,116,13563,0.0197,7777.97,wallet,Yes,490844,1,5,1,0,0,0,0,0,0,0,1,1,0,60
TXN0004714,2024-02-24T22:51:00,54,M0113,Services,high,C01224,168,17,1803,0.2423,1415.56,wallet,Canara,520446,22,5,1,0,0,1,0,1,0,0,1,1,0,34
TXN0004715,2024-02-24T15:28:00,54,M0104,Food,low,C00552,270,13,5333,0.0504,8734.17,upi,PNB,587747,15,5,1,1,1,1,0,0,0,0,0,0,0,69
TXN0004716,2024-02-24T11:56:00,54,M0173,Food,high,C00757,18,3,1376,0.032,1345.58,netbanking,PNB,508586,11,5,1,0,0,0,0,1,0,0,0,1,0,68
TXN0004717,2024-02-24T22:52:00,54,M0014,Logistics,high,C01467,110,13,3091,0.1456,15347.36,upi,Yes,519678,22,5,1,0,0,1,0,0,0,0,1,1,0,46
TXN0004718,2024-02-24T16:26:00,54,M0031,Food,mid,C00051,7,4,1507,0.0219,1058.21,wallet,PNB,477244,16,5,1,0,0,1,0,0,0,0,1,1,0,59
TXN0004719,2024-02-24T18:14:00,54,M0079,Retail,high,C00145,121,9,3386,0.0925,1705.04,netbanking,Axis,561279,18,5,1,0,0,0,0,0,0,1,0,0,0,55
TXN0004720,2024-02-24T06:41:00,54,M0060,Services,high,C01225,284,15,7589,0.1303,5367.52,wallet,Yes,462743,6,5,1,0,0,0,0,0,0,0,0,0,0,30
TXN0004721,2024-02-24T04:48:00,54,M0070,Services,low,C00115,8,1,1518,0.0701,1151.66,card,Kotak,498791,4,5,1,0,1,1,0,0,0,0,1,1,0,47
TXN0004722,2024-02-24T08:23:00,54,M0197,Food,low,C00056,14,4,645,0.1133,767.88,netbanking,SBI,572001,8,5,1,0,0,0,1,0,0,0,1,1,0,36
TXN0004723,2024-02-24T14:43:00,54,M0074,Services,high,C01473,249,18,1175,0.0682,1396.51,netbanking,Canara,482885,14,5,1,0,0,0,0,0,0,0,0,0,0,24
TXN0004724,2024-02-24T19:02:00,54,M0182,Retail,high,C00377,17,1,833,0.2543,1365.66,upi,SBI,538812,19,5,1,0,0,0,0,0,0,1,0,0,1,57
TXN0004725,2024-02-24T13:49:00,54,M0089,Food,low,C01483,8,4,533,0.0062,371.78,card,Kotak,500036,13,5,1,0,0,0,1,0,0,0,0,1,1,16
TXN0004726,2024-02-24T08:45:00,54,M0083,B2B,low,C00157,67,9,7952,0.0952,7679.67,netbanking,PNB,568818,8,5,1,0,0,1,0,0,0,0,0,0,0,24
TXN0004727,2024-02-24T11:28:00,54,M0115,Services,high,C00917,300,5,4719,0.0825,3000.74,netbanking,Yes,469217,11,5,1,0,0,0,0,0,0,1,0,0,1,58
TXN0004728,2024-02-24T01:30:00,54,M0189,SaaS,mid,C00963,178,20,4779,0.0258,1229.9,netbanking,Yes,452462,1,5,1,0,0,0,0,0,0,0,0,0,0,70
TXN0004729,2024-02-24T15:37:00,54,M0166,SaaS,mid,C00899,268,17,7778,0.0887,2463.93,wallet,Kotak,428848,15,5,1,0,0,0,0,0,0,0,0,0,0,27
TXN0004730,2024-02-24T13:03:00,54,M0193,B2B,low,C00998,188,8,4691,0.1272,42215.66,wallet,Kotak,542480,13,5,1,0,0,0,0,0,0,0,1,1,0,51
TXN0004731,2024-02-24T22:01:00,54,M0155,SaaS,mid,C00208,9,4,813,0.0891,1182.08,upi,Yes,411361,22,5,1,0,0,0,0,0,0,0,1,1,0,48
TXN0004732,2024-02-24T11:06:00,54,M0026,Retail,high,C01240,238,8,4800,0.127,2898.98,upi,HDFC,551572,11,5,1,0,0,0,0,0,0,0,0,0,0,33
TXN0004733,2024-02-24T20:07:00,54,M0134,Services,low,C00741,993,74,23579,0.0051,7080.08,netbanking,Canara,424293,20,5,1,0,0,0,0,0,0,1,0,0,0,16
TXN0004734,2024-02-24T14:54:00,54,M0010,SaaS,high,C00455,13,2,734,0.0307,1338.58,card,PNB,468992,14,5,1,0,0,0,0,0,0,0,0,0,0,58
TXN0004735,2024-02-24T17:20:00,54,M0053,Retail,low,C01390,12,2,1902,0.1392,2169.7,netbanking,HDFC,516928,17,5,1,14,0,0,0,0,0,0,0,0,0,41
TXN0004736,2024-02-24T09:19:00,54,M0155,SaaS,mid,C01462,24,4,621,0.0321,2287.74,wallet,SBI,450177,9,5,1,0,0,0,0,0,0,0,0,0,0,51
TXN0004737,2024-02-24T16:00:00,54,M0027,Services,high,C00690,20,2,922,0.0354,4168.75,card,HDFC,404325,16,5,1,0,0,0,1,0,0,0,1,1,0,56
TXN0004738,2024-02-24T20:40:00,54,M0128,B2B,high,C00992,126,19,6579,0.0334,38952.04,card,HDFC,520205,20,5,1,0,0,0,0,0,0,1,0,1,0,13
TXN0004739,2024-02-24T18:36:00,54,M0026,Retail,high,C01440,21,3,1571,0.0698,818.57,card,ICICI,457846,18,5,1,0,0,0,0,0,0,1,0,0,0,13
TXN0004740,2024-02-24T08:50:00,54,M0093,SaaS,mid,C00567,17,2,1649,0.1358,1020.61,card,Canara,435373,8,5,1,0,0,0,0,0,0,1,0,0,0,70
TXN0004741,2024-02-24T18:37:00,54,M0140,Logistics,high,C00672,25,1,1404,0.0267,7103.07,netbanking,Axis,456752,18,5,1,0,0,0,0,0,0,0,0,0,1,23
TXN0004742,2024-02-24T19:07:00,54,M0025,Food,mid,C01327,867,112,10174,0.0071,8190.38,wallet,Kotak,470448,19,5,1,0,0,0,0,0,0,0,1,1,0,31
TXN0004743,2024-02-24T08:06:00,54,M0031,Food,mid,C00856,21,4,967,0.023,3227.8,wallet,HDFC,521116,8,5,1,8,0,0,0,0,0,1,0,0,1,39
TXN0004744,2024-02-24T07:22:00,54,M0052,Logistics,mid,C00319,12,4,1935,0.1573,7505.1,netbanking,ICICI,407428,7,5,1,14,0,0,0,0,0,0,0,0,1,36
TXN0004745,2024-02-24T11:41:00,54,M0152,Retail,high,C00479,950,116,16784,0.0125,11050.76,card,Kotak,530008,11,5,1,0,0,0,0,0,0,0,0,0,0,42
TXN0004746,2024-02-24T06:38:00,54,M0177,Food,low,C00674,731,115,19078,0.0133,14545.58,upi,HDFC,545601,6,5,1,6,0,1,0,0,0,0,0,0,0,27
TXN0004747,2024-02-24T19:24:00,54,M0028,Retail,mid,C00792,275,6,6658,0.0466,7997.13,netbanking,Kotak,567257,19,5,1,0,0,0,0,0,0,1,0,0,0,42
TXN0004748,2024-02-24T10:12:00,54,M0132,Food,mid,C01043,200,13,3135,0.0747,4179.62,wallet,PNB,457451,10,5,1,0,0,0,0,0,0,0,0,0,0,54
TXN0004749,2024-02-24T18:53:00,54,M0038,B2B,mid,C00176,890,74,8221,0.0135,35514.63,wallet,Yes,416772,18,5,1,0,0,0,0,0,0,1,0,1,1,44
TXN0004750,2024-02-24T15:44:00,54,M0187,SaaS,high,C00885,157,13,1745,0.0382,6024.5,card,Yes,486834,15,5,1,0,0,0,0,0,0,1,0,0,0,38
TXN0004751,2024-02-24T11:54:00,54,M0172,Food,mid,C00028,842,112,10190,0.0064,6951.12,card,Axis,546540,11,5,1,0,0,0,0,0,0,1,0,0,0,16
TXN0004752,2024-02-24T17:08:00,54,M0078,B2B,high,C01065,288,10,5394,0.1014,12057.89,card,Canara,530592,17,5,1,0,0,2,0,0,0,1,0,0,1,40
TXN0004753,2024-02-24T08:41:00,54,M0017,B2B,low,C00162,893,94,5127,0.0172,19496.23,wallet,Yes,494275,8,5,1,0,0,1,0,0,0,0,0,0,0,22
TXN0004754,2024-02-24T09:14:00,54,M0009,Retail,low,C00564,116,9,1413,0.1264,1284.36,wallet,Axis,469622,9,5,1,0,0,0,0,1,0,0,0,1,0,44
TXN0004755,2024-02-24T14:36:00,54,M0146,Food,mid,C00056,14,4,645,0.1133,2075.43,upi,Kotak,470934,14,5,1,0,1,1,0,0,0,1,0,0,0,24
TXN0004756,2024-02-24T14:41:00,54,M0116,Services,low,C00174,247,16,4266,0.0312,12051.73,netbanking,Yes,538631,14,5,1,0,0,0,0,0,0,1,0,0,0,36
TXN0004757,2024-02-24T04:07:00,54,M0106,Services,high,C00680,76,14,5093,0.1005,4981.71,card,Axis,527472,4,5,1,0,0,0,0,1,0,1,1,1,0,59
TXN0004758,2024-02-24T10:29:00,54,M0102,Retail,high,C01168,266,17,7311,0.0744,6143.73,wallet,Axis,490256,10,5,1,0,0,1,0,0,0,1,0,0,0,18
TXN0004759,2024-02-24T19:15:00,54,M0045,Food,high,C00829,974,88,7869,0.0713,6299.36,netbanking,Canara,514746,19,5,1,0,0,0,0,0,0,1,0,0,0,59
TXN0004760,2024-02-24T16:08:00,54,M0084,B2B,mid,C00596,190,10,4102,0.1264,21963.33,upi,Canara,490768,16,5,1,0,0,0,0,0,1,0,0,0,0,63
TXN0004761,2024-02-24T23:43:00,54,M0171,Retail,low,C00221,849,90,21922,0.0167,7440.05,wallet,Axis,521508,23,5,1,0,0,0,0,0,0,1,0,0,0,33
TXN0004762,2024-02-24T06:31:00,54,M0087,Logistics,mid,C00392,15,2,1141,0.0684,5580.5,card,PNB,424953,6,5,1,0,0,0,0,0,0,1,1,1,0,43
TXN0004763,2024-02-24T18:19:00,54,M0059,Logistics,mid,C01187,158,12,5721,0.2214,9634.77,card,Axis,441486,18,5,1,0,0,0,1,0,0,0,0,1,0,50
TXN0004764,2024-02-24T23:48:00,54,M0016,Services,high,C00907,756,91,17173,0.0372,7634.14,wallet,Kotak,514567,23,5,1,0,0,1,0,0,0,0,0,0,0,67
TXN0004765,2024-02-24T07:14:00,54,M0164,Logistics,high,C01425,25,4,1901,0.0218,5663.34,card,SBI,522857,7,5,1,0,0,0,0,1,0,0,1,1,0,34
TXN0004766,2024-02-24T08:47:00,54,M0124,Retail,low,C01446,83,11,7007,0.0191,3926.66,card,Canara,422901,8,5,1,12,1,1,0,0,0,0,0,0,0,27
TXN0004767,2024-02-24T02:45:00,54,M0027,Services,high,C00067,25,2,1953,0.0356,4991.03,netbanking,Axis,427404,2,5,1,0,0,1,0,0,0,0,0,0,1,39
TXN0004768,2024-02-24T18:43:00,54,M0022,Retail,low,C00788,272,13,5066,0.0347,5153.12,wallet,SBI,521495,18,5,1,0,0,0,0,0,0,0,0,0,0,21
TXN0004769,2024-02-24T19:33:00,54,M0174,SaaS,low,C01239,20,3,1092,0.1306,1421.82,netbanking,Kotak,404103,19,5,1,0,0,2,0,0,0,0,0,0,1,19
TXN0004770,2024-02-24T10:16:00,54,M0035,SaaS,mid,C00667,24,2,1269,0.1222,1428.49,netbanking,Canara,503060,10,5,1,0,0,0,1,0,0,1,0,1,1,34
TXN0004771,2024-02-24T17:44:00,54,M0182,Retail,high,C00782,940,90,5111,0.0167,4225.53,card,SBI,531322,17,5,1,0,0,1,0,0,0,0,0,0,0,20
TXN0004772,2024-02-24T09:30:00,54,M0128,B2B,high,C00673,806,50,4239,0.0236,66422.67,wallet,Canara,568305,9,5,1,0,0,1,0,0,0,0,1,1,0,49
TXN0004773,2024-02-24T14:07:00,54,M0003,SaaS,low,C01149,892,51,7931,0.0336,4574.13,upi,HDFC,558354,14,5,1,0,0,1,0,0,0,0,0,0,1,13
TXN0004774,2024-02-24T11:53:00,54,M0148,SaaS,mid,C00391,807,67,9563,0.0069,15055.06,wallet,Kotak,579712,11,5,1,0,0,0,0,0,0,0,0,0,0,29
TXN0004775,2024-02-24T16:58:00,54,M0072,SaaS,high,C01261,22,4,765,0.0873,1731.92,wallet,Axis,508972,16,5,1,0,0,0,0,0,0,0,0,0,1,51
TXN0004776,2024-02-24T20:23:00,54,M0190,Services,low,C00836,932,88,5871,0.004,2001.19,wallet,HDFC,420768,20,5,1,0,0,0,0,0,0,0,0,0,0,26
TXN0004777,2024-02-24T10:36:00,54,M0068,B2B,low,C01404,136,6,5880,0.0288,17923.98,netbanking,ICICI,574174,10,5,1,0,0,0,0,0,0,1,0,0,0,72
TXN0004778,2024-02-24T22:14:00,54,M0086,Retail,high,C00768,814,112,17112,0.0026,3428.2,wallet,Kotak,598356,22,5,1,0,0,0,0,0,0,1,1,1,0,49
TXN0004779,2024-02-24T10:52:00,54,M0136,Logistics,mid,C01354,125,11,1634,0.1324,17848.4,wallet,Canara,467187,10,5,1,7,0,0,0,0,0,0,0,0,1,68
TXN0004780,2024-02-24T20:07:00,54,M0013,Logistics,high,C00415,768,112,13506,0.0062,17804.26,netbanking,HDFC,507408,20,5,1,0,0,0,0,0,0,0,1,1,0,70
TXN0004781,2024-02-24T19:20:00,54,M0077,Services,high,C01206,243,17,4210,0.0573,2111.65,card,Yes,534281,19,5,1,0,0,0,0,0,0,0,0,0,0,24
TXN0004782,2024-02-24T18:59:00,54,M0188,Logistics,mid,C00068,788,109,6849,0.0242,5941.94,upi,PNB,480399,18,5,1,0,0,0,0,0,0,0,0,0,0,44
TXN0004783,2024-02-24T18:32:00,54,M0179,Services,low,C00936,11,4,980,0.0532,4688.33,wallet,PNB,477313,18,5,1,0,0,1,0,1,0,1,0,1,1,26
TXN0004784,2024-02-24T09:27:00,54,M0041,B2B,low,C01168,266,17,7311,0.0744,26738.16,wallet,Canara,585389,9,5,1,7,1,2,0,0,0,0,0,1,0,67
TXN0004785,2024-02-24T16:36:00,54,M0040,SaaS,mid,C01473,249,18,1175,0.0682,1731.55,upi,ICICI,528773,16,5,1,0,1,1,0,1,0,0,1,1,0,26
TXN0004786,2024-02-24T20:30:00,54,M0027,Services,high,C00234,20,4,1443,0.0488,2841.46,wallet,PNB,418908,20,5,1,0,0,0,0,0,0,0,0,0,0,54
TXN0004787,2024-02-24T19:19:00,54,M0146,Food,mid,C00125,751,107,21732,0.0222,4200.83,netbanking,ICICI,411095,19,5,1,0,0,0,1,0,0,0,1,1,0,20
TXN0004788,2024-02-24T02:40:00,54,M0088,Food,low,C00545,130,10,1564,0.0778,6720.94,upi,ICICI,435875,2,5,1,0,0,0,1,0,0,0,1,1,0,26
TXN0004789,2024-02-24T14:42:00,54,M0119,Retail,high,C00680,76,14,5093,0.1005,3043.52,netbanking,Canara,519685,14,5,1,0,1,1,0,0,0,0,0,0,0,26
TXN0004790,2024-02-24T13:18:00,54,M0126,B2B,low,C00982,23,2,983,0.0941,36324.32,upi,Kotak,558813,13,5,1,0,0,1,0,0,0,0,1,1,0,33
TXN0004791,2024-02-24T07:43:00,54,M0049,Services,mid,C00234,20,4,1443,0.0488,11110.57,netbanking,ICICI,483061,7,5,1,1,1,1,0,0,0,0,0,0,0,60
TXN0004792,2024-02-24T13:55:00,54,M0108,Food,high,C00393,255,7,2060,0.1223,460.56,card,Kotak,407183,13,5,1,0,0,1,1,0,0,0,1,1,0,69
TXN0004793,2024-02-24T05:28:00,54,M0195,Food,high,C00869,17,2,715,0.0491,556.2,wallet,Canara,529382,5,5,1,0,0,0,0,0,0,1,0,0,0,36
TXN0004794,2024-02-24T00:03:00,54,M0043,Logistics,high,C01330,256,7,6365,0.0174,32155.55,upi,Yes,574790,0,5,1,0,0,0,0,0,0,0,1,1,0,42
TXN0004795,2024-02-24T10:17:00,54,M0098,Retail,mid,C01326,15,3,1882,0.0626,2612.07,netbanking,Canara,418684,10,5,1,0,0,0,0,0,0,0,0,0,1,41
TXN0004796,2024-02-25T08:03:00,55,M0135,Retail,low,C00014,91,14,5154,0.0628,2047.17,wallet,Kotak,446335,8,6,1,0,0,2,1,0,0,0,1,1,0,64
TXN0004797,2024-02-25T18:51:00,55,M0148,SaaS,mid,C01414,212,15,5435,0.0786,2955.39,netbanking,Canara,478904,18,6,1,0,0,0,0,0,0,0,0,0,0,50
TXN0004798,2024-02-25T10:12:00,55,M0101,Food,low,C01288,155,18,1584,0.1572,882.66,card,Axis,401392,10,6,1,0,0,0,0,0,0,1,0,0,0,47
TXN0004799,2024-02-25T11:45:00,55,M0022,Retail,low,C01351,889,74,9529,0.0228,5676.97,netbanking,Kotak,441248,11,6,1,10,0,0,0,0,0,1,0,0,0,59
TXN0004800,2024-02-25T22:37:00,55,M0105,SaaS,high,C00736,885,113,21326,0.0296,37051.54,wallet,ICICI,465781,22,6,1,0,0,1,0,0,0,0,1,1,0,30
TXN0004801,2024-02-25T08:40:00,55,M0111,Logistics,low,C00884,81,15,4291,0.1355,6962.33,netbanking,PNB,519474,8,6,1,0,0,0,0,0,0,1,0,0,0,27
TXN0004802,2024-02-25T15:33:00,55,M0127,Food,low,C00816,19,4,737,0.0138,1276.43,card,HDFC,509964,15,6,1,0,0,1,0,0,0,0,0,0,0,52
TXN0004803,2024-02-25T06:35:00,55,M0111,Logistics,low,C00907,756,91,17173,0.0372,14433.92,upi,Yes,422621,6,6,1,0,1,2,0,0,0,1,0,0,0,50
TXN0004804,2024-02-25T22:08:00,55,M0154,Retail,low,C00350,117,10,4696,0.026,1579.22,netbanking,Canara,402764,22,6,1,0,0,0,1,0,0,0,1,1,0,48
TXN0004805,2024-02-25T11:19:00,55,M0168,Food,high,C00047,8,2,892,0.0391,864.36,card,HDFC,436689,11,6,1,0,0,1,0,0,0,0,0,0,0,23
TXN0004806,2024-02-25T13:20:00,55,M0168,Food,high,C01173,790,93,14363,0.0125,8205.56,wallet,HDFC,415315,13,6,1,8,0,1,0,0,0,0,0,0,0,68
TXN0004807,2024-02-25T09:14:00,55,M0088,Food,low,C00689,20,1,513,0.005,772.92,upi,Canara,500937,9,6,1,0,0,1,0,0,0,0,0,0,0,29
TXN0004808,2024-02-25T08:40:00,55,M0022,Retail,low,C00877,943,111,21778,0.0075,8581.82,upi,Canara,460302,8,6,1,0,0,1,0,0,0,1,0,0,0,72
TXN0004809,2024-02-25T11:12:00,55,M0161,Services,mid,C00861,1000,68,16236,0.0134,15268.27,netbanking,Canara,434604,11,6,1,0,0,1,0,0,0,0,0,0,0,35
TXN0004810,2024-02-25T08:19:00,55,M0108,Food,high,C00141,67,15,1811,0.1733,770.33,netbanking,SBI,487370,8,6,1,0,0,0,0,0,0,0,0,0,0,38
TXN0004811,2024-02-25T06:44:00,55,M0059,Logistics,mid,C01235,111,8,1550,0.0381,5410.51,upi,Canara,420865,6,6,1,0,0,1,0,0,0,0,0,0,0,66
TXN0004812,2024-02-25T22:07:00,55,M0165,Services,low,C00594,111,19,1738,0.0355,2177.44,wallet,Canara,521185,22,6,1,0,0,0,0,0,0,0,0,0,0,67
TXN0004813,2024-02-25T21:49:00,55,M0146,Food,mid,C00181,300,16,7184,0.0367,8644.53,card,HDFC,424094,21,6,1,0,0,0,0,0,0,0,0,0,0,51
TXN0004814,2024-02-25T18:47:00,55,M0109,Services,low,C00738,122,5,1977,0.1778,2503.82,netbanking,ICICI,482077,18,6,1,7,0,1,0,0,0,1,0,0,0,66
TXN0004815,2024-02-25T16:31:00,55,M0132,Food,mid,C00103,278,11,4523,0.0905,1608.51,upi,Yes,590530,16,6,1,0,0,0,1,0,0,0,1,1,0,29
TXN0004816,2024-02-25T18:59:00,55,M0085,SaaS,mid,C00672,25,1,1404,0.0267,1371.88,wallet,Canara,575047,18,6,1,0,0,1,0,0,0,0,0,0,1,62
TXN0004817,2024-02-25T19:20:00,55,M0083,B2B,low,C00663,8,3,1840,0.0977,16977.79,wallet,Kotak,463713,19,6,1,0,0,1,0,0,0,1,0,0,1,56
TXN0004818,2024-02-25T10:41:00,55,M0106,Services,high,C00651,21,1,1571,0.0791,3395.41,upi,Kotak,556900,10,6,1,0,0,0,0,0,0,1,0,0,0,62
TXN0004819,2024-02-25T05:20:00,55,M0196,Retail,low,C00643,761,97,20985,0.0702,7727.67,wallet,Axis,535709,5,6,1,0,0,0,0,0,0,1,1,1,0,57
TXN0004820,2024-02-25T14:02:00,55,M0102,Retail,high,C00526,99,14,1086,0.0004,3804.27,card,Axis,599973,14,6,1,0,0,1,0,0,0,1,0,0,1,30
TXN0004821,2024-02-25T19:22:00,55,M0052,Logistics,mid,C00301,17,3,1823,0.0261,5681.94,upi,Kotak,499332,19,6,1,9,0,0,0,0,1,0,0,0,1,64
TXN0004822,2024-02-25T10:58:00,55,M0060,Services,high,C01490,5,4,570,0.0627,1509.58,netbanking,PNB,521380,10,6,1,0,0,0,0,0,0,0,0,0,1,18
TXN0004823,2024-02-25T07:49:00,55,M0025,Food,mid,C01283,80,13,5999,0.1048,1474.9,upi,SBI,582516,7,6,1,0,0,0,0,0,0,1,0,0,0,22
TXN0004824,2024-02-25T15:33:00,55,M0042,Logistics,mid,C01455,10,2,1166,0.1054,15501.18,card,ICICI,487409,15,6,1,0,0,0,0,0,0,0,0,0,1,21
TXN0004825,2024-02-25T17:13:00,55,M0028,Retail,mid,C00519,12,3,1935,0.1677,4457.7,wallet,HDFC,415020,17,6,1,0,0,0,1,0,0,1,1,1,0,43
TXN0004826,2024-02-25T18:03:00,55,M0151,Food,low,C00110,61,10,2173,0.1347,2059.11,upi,Yes,431874,18,6,1,0,0,1,0,0,0,0,0,0,0,43
TXN0004827,2024-02-25T19:58:00,55,M0078,B2B,high,C00791,123,13,7424,0.2396,27682.88,upi,HDFC,481499,19,6,1,0,0,1,0,0,0,0,0,0,0,25
TXN0004828,2024-02-25T10:56:00,55,M0033,Logistics,low,C00350,117,10,4696,0.026,5222.57,upi,ICICI,581075,10,6,1,1,1,1,0,0,0,0,0,0,0,22
TXN0004829,2024-02-25T22:10:00,55,M0124,Retail,low,C00894,209,14,1372,0.0327,2455.44,netbanking,Canara,583998,22,6,1,0,0,0,0,0,1,0,0,0,0,20
TXN0004830,2024-02-25T12:07:00,55,M0197,Food,low,C00304,220,18,4469,0.1126,4061.53,upi,Yes,477477,12,6,1,0,0,0,0,0,0,1,0,0,0,12
TXN0004831,2024-02-25T21:10:00,55,M0080,Logistics,low,C00275,197,10,5545,0.0476,7849.67,netbanking,ICICI,573909,21,6,1,0,0,1,0,0,0,1,1,1,0,50
TXN0004832,2024-02-25T19:12:00,55,M0186,B2B,mid,C00447,952,59,8038,0.0004,28936.22,netbanking,Kotak,532588,19,6,1,0,0,0,0,0,0,0,0,0,0,57
TXN0004833,2024-02-25T10:00:00,55,M0153,Food,low,C01201,825,84,3936,0.0126,2759.19,netbanking,Yes,401944,10,6,1,0,0,0,0,0,0,0,0,0,0,68
TXN0004834,2024-02-25T09:17:00,55,M0081,Logistics,high,C01437,172,14,2265,0.197,5767.02,card,Yes,502498,9,6,1,8,0,0,0,0,0,0,0,0,0,60
TXN0004835,2024-02-25T09:48:00,55,M0184,Logistics,high,C01053,172,16,7541,0.0741,8012.7,card,Kotak,472517,9,6,1,0,0,0,0,0,0,0,0,0,0,71
TXN0004836,2024-02-25T19:09:00,55,M0157,SaaS,mid,C00233,12,4,1666,0.1861,2059.43,netbanking,PNB,477112,19,6,1,0,0,0,0,0,0,0,0,0,1,62
TXN0004837,2024-02-25T13:26:00,55,M0171,Retail,low,C00899,268,17,7778,0.0887,6564.92,upi,ICICI,403248,13,6,1,0,1,1,0,0,0,1,0,0,0,25
TXN0004838,2024-02-25T11:02:00,55,M0137,B2B,mid,C01057,5,2,514,0.1246,19762.79,netbanking,Canara,447435,11,6,1,0,0,1,0,0,0,0,0,0,1,48
TXN0004839,2024-02-25T14:46:00,55,M0168,Food,high,C00820,792,100,15240,0.0131,5583.82,upi,ICICI,457282,14,6,1,0,0,0,1,1,0,0,1,1,0,37
TXN0004840,2024-02-25T16:13:00,55,M0035,SaaS,mid,C00838,827,61,12860,0.0338,10810.76,wallet,SBI,597837,16,6,1,0,0,0,0,0,0,0,0,0,0,48
TXN0004841,2024-02-25T20:11:00,55,M0187,SaaS,high,C00909,174,15,1042,0.0534,6294.08,netbanking,Axis,401255,20,6,1,0,0,0,0,0,0,0,0,0,0,24
TXN0004842,2024-02-25T11:06:00,55,M0097,Services,low,C01080,70,11,2580,0.1981,1711.09,wallet,Yes,490644,11,6,1,0,0,0,0,0,0,1,0,0,0,21
TXN0004843,2024-02-25T14:44:00,55,M0022,Retail,low,C00394,69,11,6985,0.0758,3316.51,card,SBI,537781,14,6,1,0,0,0,0,0,0,0,0,0,0,62
TXN0004844,2024-02-25T09:43:00,55,M0047,Logistics,low,C01116,73,8,6429,0.1022,5673.23,wallet,SBI,504040,9,6,1,0,0,0,0,0,0,1,0,0,1,22
TXN0004845,2024-02-25T15:25:00,55,M0119,Retail,high,C01494,266,9,2847,0.112,2311.07,wallet,Canara,592269,15,6,1,0,0,0,0,0,0,1,0,0,0,64
TXN0004846,2024-02-25T20:45:00,55,M0111,Logistics,low,C00189,240,9,5249,0.0397,14269.19,wallet,ICICI,493807,20,6,1,0,0,0,0,0,0,0,0,0,0,51
TXN0004847,2024-02-25T15:28:00,55,M0035,SaaS,mid,C01447,197,6,3612,0.0881,1042.13,netbanking,Canara,465716,15,6,1,0,0,0,0,1,0,0,1,1,0,13
TXN0004848,2024-02-25T21:00:00,55,M0141,Logistics,low,C00310,19,3,613,0.0983,8499.56,upi,Axis,549447,21,6,1,0,0,1,0,0,0,0,0,0,0,12
TXN0004849,2024-02-25T09:50:00,55,M0196,Retail,low,C00018,850,89,10361,0.0377,4004.3,card,PNB,462666,9,6,1,0,0,0,0,0,0,0,0,0,0,62
TXN0004850,2024-02-25T11:51:00,55,M0147,SaaS,mid,C00291,19,1,1376,0.0577,200,wallet,HDFC,453212,11,6,1,0,0,1,0,0,0,0,0,0,0,31
TXN0004851,2024-02-25T09:10:00,55,M0065,B2B,high,C00692,61,12,2572,0.0428,18615.74,netbanking,SBI,545913,9,6,1,0,0,0,0,0,0,0,0,0,1,64
TXN0004852,2024-02-25T07:23:00,55,M0136,Logistics,mid,C00353,227,10,5975,0.0345,9569.06,card,PNB,536323,7,6,1,13,0,0,0,0,0,0,0,0,0,35
TXN0004853,2024-02-25T17:07:00,55,M0170,Logistics,mid,C01363,830,106,14828,0.0184,41414.09,upi,ICICI,549359,17,6,1,0,0,2,0,1,0,0,1,1,0,46
TXN0004854,2024-02-25T11:36:00,55,M0113,Services,high,C01070,15,4,1722,0.1733,2158.28,card,PNB,573083,11,6,1,0,0,0,0,0,0,0,1,1,0,49
TXN0004855,2024-02-25T09:06:00,55,M0082,B2B,high,C01159,941,100,3249,0.047,24152.06,upi,Kotak,470264,9,6,1,0,0,0,0,0,0,0,0,0,1,38
TXN0004856,2024-02-25T20:47:00,55,M0102,Retail,high,C01000,8,3,631,0.065,2165.13,wallet,Canara,432319,20,6,1,12,0,0,0,0,0,1,0,0,1,34
TXN0004857,2024-02-25T21:24:00,55,M0133,SaaS,mid,C00030,17,1,671,0.1258,1587.37,wallet,PNB,517208,21,6,1,0,0,0,0,0,0,1,0,0,0,18
TXN0004858,2024-02-25T12:00:00,55,M0150,Retail,mid,C00877,943,111,21778,0.0075,3864.63,netbanking,PNB,467920,12,6,1,0,1,2,0,0,0,1,0,0,0,19
TXN0004859,2024-02-25T17:18:00,55,M0090,Logistics,mid,C00004,9,3,830,0.1613,5911.26,wallet,Kotak,577940,17,6,1,0,0,0,0,0,0,1,0,0,0,51
TXN0004860,2024-02-25T08:53:00,55,M0037,Retail,mid,C00294,20,1,771,0.1142,2225.38,netbanking,Kotak,544628,8,6,1,0,0,1,0,0,0,0,0,0,0,20
TXN0004861,2024-02-25T21:00:00,55,M0074,Services,high,C00923,237,15,7979,0.1001,6162.25,netbanking,Canara,436586,21,6,1,7,0,0,0,0,0,1,0,0,0,12
TXN0004862,2024-02-25T15:06:00,55,M0123,Logistics,high,C01217,960,117,8732,0.0057,3736.4,wallet,Yes,439616,15,6,1,0,0,0,0,0,0,0,0,0,0,14
TXN0004863,2024-02-25T02:09:00,55,M0066,Food,mid,C01232,24,1,1095,0.0993,838.91,upi,PNB,473854,2,6,1,12,0,1,0,0,0,0,0,0,1,57
TXN0004864,2024-02-25T20:16:00,55,M0094,SaaS,high,C00745,236,8,4418,0.0669,692.18,wallet,Canara,570505,20,6,1,0,0,1,0,0,0,1,0,0,0,71
TXN0004865,2024-02-25T07:21:00,55,M0078,B2B,high,C00698,85,12,7043,0.0717,16482.74,wallet,Yes,409247,7,6,1,0,0,0,0,0,0,0,0,0,0,39
TXN0004866,2024-02-25T23:32:00,55,M0091,Logistics,high,C01388,776,89,7635,0.0318,20666.48,upi,SBI,554632,23,6,1,0,0,0,0,0,0,1,0,0,0,37
TXN0004867,2024-02-25T20:36:00,55,M0154,Retail,low,C00998,188,8,4691,0.1272,2387.75,card,ICICI,544925,20,6,1,0,0,1,0,0,0,1,0,0,1,17
TXN0004868,2024-02-25T13:46:00,55,M0093,SaaS,mid,C00238,130,14,1140,0.0951,2229.0,card,SBI,412678,13,6,1,0,0,2,0,0,0,0,0,0,0,42
TXN0004869,2024-02-25T09:48:00,55,M0122,Retail,low,C00846,300,16,7520,0.1088,6878.03,upi,Axis,471347,9,6,1,0,0,1,1,0,0,0,1,1,0,15
TXN0004870,2024-02-25T17:07:00,55,M0181,Food,high,C01474,15,4,808,0.0462,633.02,card,Canara,594355,17,6,1,0,0,0,0,0,0,0,0,0,0,33
TXN0004871,2024-02-25T12:22:00,55,M0187,SaaS,high,C01254,203,9,7566,0.0232,1653.91,wallet,SBI,412352,12,6,1,0,0,0,0,0,0,1,0,0,0,41
TXN0004872,2024-02-25T09:44:00,55,M0049,Services,mid,C00289,838,113,11799,0.0085,7639.42,wallet,Yes,584249,9,6,1,0,0,0,0,0,0,0,0,0,0,52
TXN0004873,2024-02-25T14:16:00,55,M0070,Services,low,C00362,805,65,17714,0.0025,17892.93,netbanking,PNB,405122,14,6,1,0,0,0,0,0,0,1,0,0,0,43
TXN0004874,2024-02-25T18:26:00,55,M0067,Food,mid,C00083,24,4,1086,0.0349,421.53,wallet,PNB,477556,18,6,1,0,0,1,0,0,0,0,0,0,1,67
TXN0004875,2024-02-25T18:36:00,55,M0070,Services,low,C00211,21,4,738,0.1348,3000.92,upi,Kotak,575272,18,6,1,0,0,0,0,0,0,1,0,0,1,25
TXN0004876,2024-02-25T18:09:00,55,M0149,Services,low,C01404,136,6,5880,0.0288,4771.81,wallet,HDFC,457800,18,6,1,0,0,1,1,0,0,0,0,1,0,16
TXN0004877,2024-02-25T11:15:00,55,M0054,Retail,mid,C01184,214,11,5319,0.0395,6893.39,card,HDFC,503086,11,6,1,0,0,0,0,0,0,0,0,0,0,61
TXN0004878,2024-02-25T20:21:00,55,M0011,Food,low,C00193,299,13,3357,0.0334,6555.8,card,ICICI,452251,20,6,1,0,0,0,0,0,0,0,0,0,0,35
TXN0004879,2024-02-26T10:31:00,56,M0149,Services,low,C00720,21,3,1343,0.0888,1458.71,upi,ICICI,403276,10,0,0,0,0,0,0,0,0,0,0,0,1,32
TXN0004880,2024-02-26T15:53:00,56,M0052,Logistics,mid,C00362,805,65,17714,0.0025,13868.69,upi,Kotak,503447,15,0,0,0,0,1,0,0,0,0,1,1,0,56
TXN0004881,2024-02-26T11:18:00,56,M0140,Logistics,high,C00188,165,11,4361,0.0928,10585.89,card,SBI,461405,11,0,0,0,0,0,0,0,0,0,0,0,0,16
TXN0004882,2024-02-26T18:06:00,56,M0122,Retail,low,C00938,118,6,4811,0.096,4012.92,netbanking,PNB,567154,18,0,0,0,0,0,1,0,0,1,1,1,0,28
TXN0004883,2024-02-26T23:20:00,56,M0125,Retail,low,C01182,78,11,6381,0.0772,5837.1,card,Yes,535553,23,0,0,0,0,0,0,0,0,0,0,0,0,53
TXN0004884,2024-02-26T11:31:00,56,M0160,Services,mid,C00087,17,3,684,0.0884,2770.98,wallet,Axis,496801,11,0,0,7,0,0,0,0,0,0,0,0,1,35
TXN0004885,2024-02-26T12:08:00,56,M0041,B2B,low,C00268,238,19,3612,0.0522,30544.83,upi,PNB,538435,12,0,0,0,0,0,0,0,0,1,1,1,0,15
TXN0004886,2024-02-26T02:12:00,56,M0134,Services,low,C01451,139,19,1913,0.1121,947.5,netbanking,ICICI,540402,2,0,0,0,0,0,0,0,0,0,1,1,0,20
TXN0004887,2024-02-26T12:26:00,56,M0194,Retail,mid,C01057,5,2,514,0.1246,624.57,card,PNB,552228,12,0,0,0,0,2,0,0,0,1,0,0,0,42
TXN0004888,2024-02-26T06:32:00,56,M0164,Logistics,high,C00228,23,2,1481,0.0503,14232.14,card,Axis,537405,6,0,0,0,0,1,0,0,0,1,1,1,0,45
TXN0004889,2024-02-26T09:55:00,56,M0159,Services,low,C01368,758,106,23888,0.0261,9500.78,wallet,PNB,470030,9,0,0,0,0,1,0,0,0,0,0,0,0,40
TXN0004890,2024-02-26T16:19:00,56,M0118,Retail,mid,C00951,107,11,1569,0.0432,3618.35,card,HDFC,532245,16,0,0,0,0,0,0,0,0,0,0,0,0,37
TXN0004891,2024-02-26T12:21:00,56,M0091,Logistics,high,C01278,877,118,18188,0.0099,5781.84,netbanking,ICICI,469429,12,0,0,8,0,0,0,0,0,0,0,0,0,61
TXN0004892,2024-02-26T11:03:00,56,M0019,Services,mid,C00875,184,5,7481,0.036,7822.59,netbanking,Canara,544899,11,0,0,0,0,0,1,0,0,1,1,1,0,37
TXN0004893,2024-02-26T11:08:00,56,M0193,B2B,low,C00411,20,1,1342,0.0729,12396.89,netbanking,PNB,526144,11,0,0,0,0,0,0,0,0,0,0,0,0,48
TXN0004894,2024-02-26T04:20:00,56,M0131,Logistics,high,C00359,13,1,809,0.2172,8930.22,card,Axis,539809,4,0,0,0,0,0,0,0,0,1,1,1,0,61
TXN0004895,2024-02-26T17:59:00,56,M0173,Food,high,C01224,168,17,1803,0.2423,472.51,upi,PNB,506885,17,0,0,0,0,2,0,0,0,0,0,0,0,58
TXN0004896,2024-02-26T17:58:00,56,M0044,Logistics,low,C00529,159,17,2807,0.0622,4429.94,netbanking,HDFC,580188,17,0,0,0,0,0,1,0,0,0,1,1,0,44
TXN0004897,2024-02-26T21:39:00,56,M0075,Retail,mid,C00474,739,86,5809,0.0047,6608.63,wallet,PNB,401113,21,0,0,0,0,0,0,0,0,0,0,0,1,29
TXN0004898,2024-02-26T17:30:00,56,M0000,Logistics,low,C00974,94,15,2436,0.1347,6781.38,card,Yes,527223,17,0,0,10,0,0,0,0,0,0,0,0,0,23
TXN0004899,2024-02-26T19:28:00,56,M0190,Services,low,C01395,20,2,590,0.0494,1741.32,card,Yes,592761,19,0,0,0,0,0,0,0,0,0,1,1,0,33
TXN0004900,2024-02-26T10:17:00,56,M0034,Retail,high,C00629,174,16,3559,0.0527,2400.62,wallet,ICICI,543343,10,0,0,0,0,0,0,0,0,0,0,0,0,23
TXN0004901,2024-02-26T06:40:00,56,M0003,SaaS,low,C00190,104,19,5367,0.0534,3419.93,wallet,Axis,482229,6,0,0,0,0,1,0,0,0,0,0,0,0,21
TXN0004902,2024-02-26T11:34:00,56,M0054,Retail,mid,C00129,806,92,5670,0.0205,3055.97,netbanking,Kotak,522261,11,0,0,0,0,0,0,1,0,1,1,1,0,12
TXN0004903,2024-02-26T10:46:00,56,M0192,B2B,mid,C00648,18,1,1683,0.0793,36254.31,card,PNB,419588,10,0,0,0,0,0,0,0,0,0,1,1,0,45
TXN0004904,2024-02-26T10:52:00,56,M0046,SaaS,high,C00035,14,1,1685,0.0108,2698.22,card,Kotak,499974,10,0,0,0,0,0,0,0,0,0,0,0,0,56
TXN0004905,2024-02-26T23:04:00,56,M0039,Logistics,mid,C00559,119,13,7644,0.0554,8061.63,netbanking,SBI,530169,23,0,0,0,0,1,0,0,0,0,0,0,0,55
TXN0004906,2024-02-26T08:36:00,56,M0075,Retail,mid,C01207,103,11,3847,0.1379,2542.09,netbanking,Yes,559988,8,0,0,0,0,0,0,0,0,1,0,0,0,21
TXN0004907,2024-02-26T16:37:00,56,M0046,SaaS,high,C01254,203,9,7566,0.0232,5975.9,netbanking,Kotak,556681,16,0,0,0,0,1,0,0,0,0,0,0,0,29
TXN0004908,2024-02-26T14:16:00,56,M0079,Retail,high,C00367,165,13,4137,0.1283,1949.22,upi,SBI,428928,14,0,0,0,0,1,0,0,0,0,0,0,0,27
TXN0004909,2024-02-26T20:34:00,56,M0105,SaaS,high,C00304,220,18,4469,0.1126,3273.25,netbanking,SBI,585311,20,0,0,0,0,1,0,0,0,0,0,0,0,67
TXN0004910,2024-02-26T21:14:00,56,M0097,Services,low,C00401,167,8,5190,0.0369,6494.82,card,Yes,460170,21,0,0,0,0,0,0,0,0,1,0,0,0,64
TXN0004911,2024-02-26T15:15:00,56,M0079,Retail,high,C00606,221,7,4962,0.1239,4466.2,upi,SBI,519680,15,0,0,10,0,0,0,0,0,1,0,0,0,38
TXN0004912,2024-02-26T21:59:00,56,M0115,Services,high,C00855,10,1,1044,0.075,6839.68,upi,Axis,592292,21,0,0,0,0,1,0,0,0,0,0,0,1,27
TXN0004913,2024-02-26T14:13:00,56,M0158,Retail,low,C00396,14,4,1990,0.0986,1263.94,netbanking,Canara,414129,14,0,0,14,0,0,0,0,0,1,0,0,0,34
TXN0004914,2024-02-26T17:11:00,56,M0000,Logistics,low,C00028,842,112,10190,0.0064,6840.04,card,PNB,528380,17,0,0,0,0,1,0,0,0,0,0,0,0,71
TXN0004915,2024-02-26T20:12:00,56,M0122,Retail,low,C00676,205,16,3731,0.1246,4865.51,card,PNB,533322,20,0,0,0,0,0,0,0,0,1,0,0,0,53
TXN0004916,2024-02-26T02:42:00,56,M0060,Services,high,C00590,749,116,6582,0.0124,16410.91,upi,Canara,576025,2,0,0,0,0,1,0,0,0,1,1,1,0,27
TXN0004917,2024-02-26T11:07:00,56,M0142,Retail,mid,C01380,83,11,3115,0.0312,1488.9,upi,Canara,542069,11,0,0,0,0,0,0,0,0,1,0,0,0,37
TXN0004918,2024-02-26T12:10:00,56,M0091,Logistics,high,C00395,123,12,6681,0.0316,6763.4,wallet,HDFC,561938,12,0,0,7,0,2,0,0,0,1,0,0,0,70
TXN0004919,2024-02-26T11:12:00,56,M0053,Retail,low,C00025,771,67,7942,0.0048,14229.63,upi,HDFC,580425,11,0,0,0,0,1,0,0,0,0,0,0,0,34
TXN0004920,2024-02-26T05:07:00,56,M0191,Logistics,high,C01267,15,3,1733,0.143,3309.95,card,HDFC,598488,5,0,0,0,0,0,0,0,0,1,0,0,1,38
TXN0004921,2024-02-26T13:16:00,56,M0020,B2B,low,C01017,211,11,7099,0.0344,11828.68,card,HDFC,503848,13,0,0,0,0,0,0,0,0,0,0,0,0,69
TXN0004922,2024-02-26T23:55:00,56,M0103,Services,low,C01325,235,12,1237,0.041,2719.16,netbanking,Yes,452669,23,0,0,0,0,0,0,0,0,0,0,0,0,42
TXN0004923,2024-02-26T08:55:00,56,M0120,Food,low,C00674,731,115,19078,0.0133,7209.02,netbanking,Canara,401745,8,0,0,0,0,2,0,0,0,0,0,0,0,50
TXN0004924,2024-02-26T13:44:00,56,M0018,SaaS,high,C01459,135,16,1193,0.0681,4316.95,card,ICICI,561155,13,0,0,0,0,2,0,0,0,1,1,1,0,44
TXN0004925,2024-02-26T21:27:00,56,M0052,Logistics,mid,C01258,299,13,6351,0.0156,9901.47,card,Canara,494037,21,0,0,0,0,1,0,0,0,0,0,0,0,17
TXN0004926,2024-02-26T18:23:00,56,M0027,Services,high,C01076,72,10,1334,0.0015,8303.62,netbanking,Kotak,403209,18,0,0,0,0,0,0,0,0,1,0,0,1,13
TXN0004927,2024-02-26T16:40:00,56,M0078,B2B,high,C00729,83,15,1450,0.1125,21995.64,wallet,Canara,419105,16,0,0,0,0,0,1,0,0,0,1,1,0,28
TXN0004928,2024-02-26T09:48:00,56,M0089,Food,low,C01288,155,18,1584,0.1572,2083.69,netbanking,Kotak,597200,9,0,0,0,1,1,0,0,0,0,0,0,0,13
TXN0004929,2024-02-26T13:09:00,56,M0176,SaaS,low,C00272,20,3,1722,0.0965,2631.21,wallet,ICICI,465378,13,0,0,0,0,0,0,0,0,0,0,0,0,26
TXN0004930,2024-02-26T14:42:00,56,M0048,SaaS,mid,C00714,7,3,1207,0.065,1711.06,card,HDFC,441724,14,0,0,0,0,1,0,0,0,0,0,0,1,33
TXN0004931,2024-02-26T20:53:00,56,M0144,Retail,low,C01115,113,12,1457,0.1206,1241.0,card,PNB,402752,20,0,0,8,0,0,0,0,0,0,0,0,0,43
TXN0004932,2024-02-26T08:36:00,56,M0048,SaaS,mid,C00098,89,7,4901,0.077,2211.39,card,Canara,589324,8,0,0,0,0,0,0,0,0,0,0,0,0,26
TXN0004933,2024-02-26T05:03:00,56,M0005,Logistics,high,C00184,241,14,4890,0.1259,25945.26,wallet,HDFC,445637,5,0,0,0,0,0,0,0,0,1,1,1,0,53
TXN0004934,2024-02-26T10:06:00,56,M0054,Retail,mid,C00982,23,2,983,0.0941,2832.49,wallet,Yes,412578,10,0,0,0,0,2,0,0,0,1,0,0,1,25
TXN0004935,2024-02-26T12:20:00,56,M0107,SaaS,mid,C00237,75,20,6400,0.086,4567.3,netbanking,ICICI,598064,12,0,0,0,0,0,0,0,0,0,0,0,0,26
TXN0004936,2024-02-26T13:56:00,56,M0177,Food,low,C01135,10,4,1028,0.1164,211.12,netbanking,SBI,577601,13,0,0,0,0,0,0,0,0,0,0,0,1,60
TXN0004937,2024-02-26T12:54:00,56,M0120,Food,low,C00496,858,106,15356,0.0145,8567.22,wallet,ICICI,578578,12,0,0,0,0,0,0,0,0,1,1,1,0,54
TXN0004938,2024-02-26T14:08:00,56,M0137,B2B,mid,C01280,146,17,1316,0.1056,22652.3,upi,Yes,565433,14,0,0,0,0,0,1,0,0,0,1,1,0,28
TXN0004939,2024-02-26T08:40:00,56,M0091,Logistics,high,C00739,126,20,6687,0.0675,7442.23,netbanking,Axis,486626,8,0,0,0,0,0,0,0,0,1,0,0,0,46
TXN0004940,2024-02-26T21:35:00,56,M0078,B2B,high,C01438,223,12,1229,0.2301,22125.9,netbanking,ICICI,573831,21,0,0,0,0,0,0,0,0,1,0,0,0,60
TXN0004941,2024-02-26T05:50:00,56,M0047,Logistics,low,C00977,20,3,913,0.0585,7833.88,upi,ICICI,544578,5,0,0,0,0,0,0,0,0,0,1,1,0,61
TXN0004942,2024-02-26T16:01:00,56,M0101,Food,low,C01471,226,11,7159,0.0178,1752.08,upi,Canara,596566,16,0,0,0,0,0,0,0,0,0,0,0,0,43
TXN0004943,2024-02-26T10:55:00,56,M0127,Food,low,C00631,241,19,4854,0.036,7453.66,netbanking,Kotak,571694,10,0,0,0,0,0,0,1,0,0,1,1,0,40
TXN0004944,2024-02-26T23:44:00,56,M0113,Services,high,C00831,205,13,3911,0.051,7106.96,netbanking,Yes,594414,23,0,0,0,0,1,0,0,0,0,0,0,0,54
TXN0004945,2024-02-26T19:42:00,56,M0037,Retail,mid,C01418,16,4,1350,0.0837,2582.14,wallet,Canara,463845,19,0,0,0,0,0,0,0,0,0,0,0,0,63
TXN0004946,2024-02-26T07:06:00,56,M0057,Food,high,C00394,69,11,6985,0.0758,4042.86,card,Axis,576175,7,0,0,0,1,1,0,0,0,1,0,0,0,32
TXN0004947,2024-02-26T10:04:00,56,M0037,Retail,mid,C00327,221,7,5770,0.1545,2659.98,card,SBI,413271,10,0,0,0,0,0,1,0,0,1,0,1,0,41
TXN0004948,2024-02-26T16:05:00,56,M0047,Logistics,low,C00098,89,7,4901,0.077,10830.46,netbanking,SBI,429671,16,0,0,0,1,1,0,0,0,0,0,0,0,67
TXN0004949,2024-02-26T13:26:00,56,M0090,Logistics,mid,C01242,801,109,18019,0.0054,8614.34,card,Axis,556267,13,0,0,0,0,0,0,0,0,1,0,0,0,61
TXN0004950,2024-02-26T20:54:00,56,M0130,Food,low,C00678,158,11,3448,0.1289,1607.95,wallet,Axis,467226,20,0,0,0,0,1,0,0,0,0,1,1,0,49
TXN0004951,2024-02-26T12:18:00,56,M0189,SaaS,mid,C01136,979,55,14910,0.0392,7012.68,wallet,Canara,417880,12,0,0,0,0,0,0,0,0,1,0,0,0,55
TXN0004952,2024-02-26T15:51:00,56,M0190,Services,low,C00202,287,9,7971,0.0742,4994.84,card,SBI,557094,15,0,0,0,0,0,0,0,0,0,0,0,0,28
TXN0004953,2024-02-26T10:01:00,56,M0157,SaaS,mid,C01069,740,66,8096,0.0128,7971.51,wallet,Kotak,450047,10,0,0,0,0,0,0,0,0,0,0,0,0,58
TXN0004954,2024-02-26T00:28:00,56,M0065,B2B,high,C01049,239,14,5518,0.0835,9950.85,card,Axis,586697,0,0,0,0,0,1,1,0,0,0,1,1,0,39
TXN0004955,2024-02-26T09:23:00,56,M0155,SaaS,mid,C01278,877,118,18188,0.0099,2355.24,upi,Yes,556316,9,0,0,1,1,1,0,0,0,1,0,0,0,14
TXN0004956,2024-02-26T17:41:00,56,M0193,B2B,low,C00186,244,6,5780,0.0759,17330.55,upi,HDFC,557947,17,0,0,0,0,0,0,0,0,0,0,0,0,66
TXN0004957,2024-02-26T19:26:00,56,M0152,Retail,high,C00969,779,71,8473,0.0009,7972.62,card,SBI,562849,19,0,0,0,0,0,0,0,0,0,0,0,0,39
TXN0004958,2024-02-26T23:27:00,56,M0168,Food,high,C00101,290,7,3638,0.1309,2323.27,upi,Yes,583859,23,0,0,0,0,0,0,0,0,0,0,0,0,23
TXN0004959,2024-02-26T21:14:00,56,M0097,Services,low,C01232,24,1,1095,0.0993,1436.1,wallet,Canara,518344,21,0,0,0,0,2,0,0,0,0,1,1,0,40
TXN0004960,2024-02-26T09:36:00,56,M0147,SaaS,mid,C01268,91,7,1625,0.0505,4758.77,card,SBI,550121,9,0,0,0,0,0,0,0,0,1,0,0,0,15
TXN0004961,2024-02-26T16:41:00,56,M0145,SaaS,low,C00166,192,16,2051,0.2218,4999.57,upi,SBI,529251,16,0,0,0,0,1,0,0,0,1,0,0,0,58
TXN0004962,2024-02-26T15:44:00,56,M0016,Services,high,C00380,17,3,1440,0.0452,2453.84,card,HDFC,448758,15,0,0,0,0,0,0,0,0,1,0,0,0,24
TXN0004963,2024-02-26T10:02:00,56,M0032,Food,low,C01176,13,4,908,0.0867,1163.98,wallet,ICICI,552573,10,0,0,0,0,0,0,0,0,0,0,0,0,46
TXN0004964,2024-02-26T20:49:00,56,M0137,B2B,mid,C00874,90,18,1903,0.0334,27891.59,wallet,Kotak,565922,20,0,0,13,0,1,0,0,0,0,0,0,0,49
TXN0004965,2024-02-26T23:24:00,56,M0148,SaaS,mid,C00919,9,1,623,0.0317,1160.62,upi,Canara,420802,23,0,0,0,0,0,0,0,0,0,0,0,0,12
TXN0004966,2024-02-26T19:52:00,56,M0085,SaaS,mid,C00887,8,3,791,0.0813,1875.76,card,Yes,560289,19,0,0,0,0,0,0,0,0,0,0,0,0,43
TXN0004967,2024-02-26T22:53:00,56,M0095,Food,low,C00830,18,3,1664,0.0177,1615.55,netbanking,Canara,449557,22,0,0,0,0,0,0,0,0,0,0,0,1,24
TXN0004968,2024-02-26T19:15:00,56,M0091,Logistics,high,C00474,739,86,5809,0.0047,6971.31,upi,Kotak,586193,19,0,0,1,1,1,0,0,0,0,0,0,0,55
TXN0004969,2024-02-26T18:05:00,56,M0072,SaaS,high,C00372,254,16,7725,0.0291,6287.41,netbanking,Kotak,583702,18,0,0,0,0,0,0,0,0,0,0,0,0,19
TXN0004970,2024-02-26T07:31:00,56,M0113,Services,high,C01255,21,3,706,0.0285,1322.83,netbanking,SBI,411480,7,0,0,14,0,0,0,0,0,0,0,0,0,16
TXN0004971,2024-02-26T19:23:00,56,M0033,Logistics,low,C00856,21,4,967,0.023,10951.4,card,Canara,591252,19,0,0,0,0,1,0,0,0,0,0,0,0,41
TXN0004972,2024-02-26T16:27:00,56,M0011,Food,low,C00760,16,2,1193,0.0457,1396.85,card,SBI,410300,16,0,0,0,0,0,1,0,0,0,0,1,1,67
TXN0004973,2024-02-27T06:06:00,57,M0062,B2B,low,C00009,248,12,3185,0.0397,14812.52,upi,Canara,427122,6,1,0,0,0,0,0,0,0,1,0,0,0,12
TXN0004974,2024-02-27T09:49:00,57,M0095,Food,low,C00097,5,3,987,0.1265,566.76,wallet,HDFC,518509,9,1,0,0,0,0,1,0,0,0,1,1,0,69
TXN0004975,2024-02-27T14:51:00,57,M0163,Logistics,high,C01288,155,18,1584,0.1572,7357.19,upi,Canara,511291,14,1,0,0,0,2,0,0,0,0,0,0,0,61
TXN0004976,2024-02-27T21:13:00,57,M0110,Food,high,C00196,24,2,996,0.022,2227.03,wallet,Axis,563452,21,1,0,0,0,0,0,0,0,1,0,0,0,28
TXN0004977,2024-02-27T08:03:00,57,M0167,SaaS,low,C01321,14,2,1098,0.1209,773.67,wallet,PNB,577331,8,1,0,0,0,0,0,0,0,0,0,0,0,36
TXN0004978,2024-02-27T11:59:00,57,M0071,Retail,low,C00980,292,12,7565,0.1281,4083.44,card,Yes,540257,11,1,0,8,0,2,0,0,0,0,0,0,0,51
TXN0004979,2024-02-27T10:51:00,57,M0003,SaaS,low,C01445,236,12,2870,0.2086,595.53,netbanking,SBI,401446,10,1,0,0,0,0,1,0,0,1,1,1,0,51
TXN0004980,2024-02-27T21:30:00,57,M0116,Services,low,C01067,128,8,4449,0.0795,5337.54,card,Yes,599035,21,1,0,0,0,0,0,0,0,0,0,0,0,15
TXN0004981,2024-02-27T06:16:00,57,M0188,Logistics,mid,C00745,236,8,4418,0.0669,7151.43,upi,PNB,563047,6,1,0,0,0,2,0,0,0,0,0,0,1,56
TXN0004982,2024-02-27T21:14:00,57,M0034,Retail,high,C00668,824,82,12652,0.0095,7890.97,upi,SBI,403345,21,1,0,0,0,0,0,0,0,0,0,0,0,70
TXN0004983,2024-02-27T07:27:00,57,M0136,Logistics,mid,C01302,271,15,5845,0.0997,8727.41,upi,ICICI,540329,7,1,0,0,0,1,0,0,0,0,0,0,0,58
TXN0004984,2024-02-27T10:51:00,57,M0135,Retail,low,C00982,23,2,983,0.0941,819.64,upi,Axis,498909,10,1,0,0,0,3,0,0,0,0,0,0,1,35
TXN0004985,2024-02-27T08:31:00,57,M0075,Retail,mid,C00404,98,7,7385,0.1272,3060.78,wallet,ICICI,550838,8,1,0,0,0,0,0,0,0,0,0,0,0,65
TXN0004986,2024-02-27T19:28:00,57,M0199,SaaS,mid,C00965,103,7,6500,0.2055,5736.27,upi,SBI,466062,19,1,0,0,0,0,0,0,0,0,0,0,0,43
TXN0004987,2024-02-27T08:44:00,57,M0118,Retail,mid,C01122,116,17,2504,0.1846,2974.28,upi,Kotak,504646,8,1,0,0,0,1,0,0,0,0,0,0,0,70
TXN0004988,2024-02-27T19:46:00,57,M0149,Services,low,C00098,89,7,4901,0.077,2101.37,card,Yes,518913,19,1,0,0,0,2,0,0,0,0,0,0,0,15
TXN0004989,2024-02-27T09:18:00,57,M0020,B2B,low,C01048,91,10,5312,0.1216,41470.15,wallet,Kotak,437761,9,1,0,0,0,1,0,0,0,0,1,1,0,26
TXN0004990,2024-02-27T10:12:00,57,M0153,Food,low,C00625,9,2,1060,0.0287,484.06,upi,Kotak,512735,10,1,0,0,0,0,0,0,0,0,0,0,0,47
TXN0004991,2024-02-27T17:15:00,57,M0100,Retail,low,C00674,731,115,19078,0.0133,28201.28,wallet,ICICI,426089,17,1,0,0,0,3,0,0,0,0,1,1,0,25
TXN0004992,2024-02-27T08:48:00,57,M0112,Logistics,mid,C01462,24,4,621,0.0321,23101.87,netbanking,Kotak,423611,8,1,0,0,0,1,0,0,0,1,1,1,0,32
TXN0004993,2024-02-27T08:43:00,57,M0032,Food,low,C01022,974,77,19220,0.0059,7406.86,wallet,ICICI,579971,8,1,0,0,0,0,0,0,0,0,0,0,0,36
TXN0004994,2024-02-27T07:21:00,57,M0059,Logistics,mid,C00451,19,4,1309,0.0308,9034.78,upi,Kotak,532278,7,1,0,0,0,0,0,0,0,0,0,0,1,64
TXN0004995,2024-02-27T09:55:00,57,M0112,Logistics,mid,C01394,256,12,4023,0.0716,8269.45,card,PNB,516911,9,1,0,0,0,0,0,0,0,0,0,0,0,50
TXN0004996,2024-02-27T21:29:00,57,M0180,Food,low,C01466,15,3,1413,0.1741,1038.41,wallet,Canara,570876,21,1,0,0,0,0,0,0,0,0,0,0,1,67
TXN0004997,2024-02-27T09:04:00,57,M0093,SaaS,mid,C00855,10,1,1044,0.075,1489.8,wallet,Kotak,549450,9,1,0,13,1,2,0,0,0,0,0,0,1,69
TXN0004998,2024-02-27T19:28:00,57,M0067,Food,mid,C00963,178,20,4779,0.0258,2617.84,upi,Canara,596078,19,1,0,0,0,1,1,0,0,0,1,1,0,53
TXN0004999,2024-02-27T17:19:00,57,M0173,Food,high,C01211,878,79,20212,0.0123,5416.8,upi,SBI,577427,17,1,0,0,0,0,0,0,0,1,0,0,0,16
TXN0005000,2024-02-27T10:16:00,57,M0147,SaaS,mid,C00409,6,2,712,0.0617,1174.25,netbanking,Kotak,530073,10,1,0,0,0,1,0,0,0,0,0,0,1,36
TXN0005001,2024-02-27T23:56:00,57,M0118,Retail,mid,C00786,74,7,3571,0.0818,3235.47,netbanking,Yes,595284,23,1,0,0,0,1,0,0,0,0,0,0,1,51
TXN0005002,2024-02-27T13:55:00,57,M0142,Retail,mid,C00350,117,10,4696,0.026,5799.39,upi,SBI,418691,13,1,0,0,0,2,0,0,0,1,1,1,0,64
TXN0005003,2024-02-27T15:39:00,57,M0033,Logistics,low,C01491,8,1,1214,0.0663,12423.5,netbanking,Canara,443775,15,1,0,0,0,1,0,0,1,1,0,0,0,30
TXN0005004,2024-02-27T22:24:00,57,M0169,Food,low,C00336,12,3,1592,0.2711,1165.34,netbanking,Yes,459011,22,1,0,0,0,0,0,0,0,0,0,0,0,26
TXN0005005,2024-02-27T05:53:00,57,M0078,B2B,high,C00371,246,18,5955,0.1486,16188.72,card,Kotak,551114,5,1,0,0,0,0,1,0,1,1,1,1,0,70
TXN0005006,2024-02-27T08:35:00,57,M0169,Food,low,C01186,985,55,11992,0.0131,17042.46,upi,ICICI,579713,8,1,0,0,0,0,0,0,0,0,0,0,0,61
TXN0005007,2024-02-27T17:36:00,57,M0024,B2B,mid,C00409,6,2,712,0.0617,21376.63,card,ICICI,451726,17,1,0,0,1,2,0,1,0,0,1,1,0,62
TXN0005008,2024-02-27T09:56:00,57,M0030,B2B,high,C00818,270,13,5614,0.1067,39211.59,netbanking,Canara,469603,9,1,0,1,0,0,0,0,0,0,1,1,0,39
TXN0005009,2024-02-27T18:42:00,57,M0174,SaaS,low,C00647,25,4,1433,0.0659,1708.61,netbanking,HDFC,488955,18,1,0,0,0,0,0,0,0,1,0,0,1,45
TXN0005010,2024-02-27T15:46:00,57,M0098,Retail,mid,C00535,199,20,2487,0.0332,3602.82,wallet,Kotak,468147,15,1,0,0,0,0,0,0,0,1,0,0,0,44
TXN0005011,2024-02-27T11:31:00,57,M0024,B2B,mid,C01180,289,7,4681,0.1057,45139.5,card,Axis,567946,11,1,0,0,0,0,0,0,0,0,1,1,0,20
TXN0005012,2024-02-27T11:44:00,57,M0198,Food,mid,C00556,22,2,1268,0.1906,2554.83,card,Yes,468897,11,1,0,0,0,0,0,0,0,0,0,0,0,49
TXN0005013,2024-02-27T14:33:00,57,M0130,Food,low,C01059,819,59,15027,0.0351,14309.15,upi,Kotak,426024,14,1,0,0,0,0,0,0,0,0,0,0,0,67
TXN0005014,2024-02-27T18:02:00,57,M0077,Services,high,C01185,768,103,17260,0.0082,12262.01,netbanking,Axis,583429,18,1,0,0,0,2,0,1,0,0,1,1,0,49
TXN0005015,2024-02-27T14:34:00,57,M0044,Logistics,low,C00323,257,11,4702,0.0794,10062.79,netbanking,ICICI,474257,14,1,0,0,0,0,0,0,0,0,0,0,0,68
TXN0005016,2024-02-27T19:24:00,57,M0027,Services,high,C00199,7,2,1595,0.2347,3090.4,netbanking,Axis,557782,19,1,0,0,0,1,0,0,0,0,0,0,0,20
TXN0005017,2024-02-27T12:17:00,57,M0157,SaaS,mid,C00440,21,2,1351,0.1088,2442.25,wallet,HDFC,531035,12,1,0,0,0,1,0,1,0,0,1,1,0,44
TXN0005018,2024-02-27T13:50:00,57,M0101,Food,low,C00294,20,1,771,0.1142,321.13,card,ICICI,528805,13,1,0,8,0,2,0,0,0,0,0,0,0,39
TXN0005019,2024-02-27T13:38:00,57,M0156,Services,mid,C00665,272,7,1097,0.067,3168.3,upi,Kotak,428752,13,1,0,0,0,0,0,0,0,1,0,0,0,34
TXN0005020,2024-02-27T10:58:00,57,M0162,Services,high,C01222,809,61,11869,0.0028,4299.87,card,PNB,420425,10,1,0,0,0,0,0,0,0,1,0,0,0,43
TXN0005021,2024-02-27T21:58:00,57,M0021,SaaS,mid,C00105,83,7,1763,0.0849,6751.64,wallet,HDFC,439537,21,1,0,10,0,0,0,0,1,0,0,0,0,52
TXN0005022,2024-02-27T11:43:00,57,M0173,Food,high,C00268,238,19,3612,0.0522,2044.55,wallet,Yes,467136,11,1,0,0,1,1,0,0,0,1,0,0,0,45
TXN0005023,2024-02-27T15:12:00,57,M0133,SaaS,mid,C00964,13,2,849,0.2487,804.74,netbanking,Kotak,402988,15,1,0,0,0,0,0,0,0,1,0,0,0,63
TXN0005024,2024-02-27T00:21:00,57,M0071,Retail,low,C01116,73,8,6429,0.1022,7109.87,wallet,Axis,450222,0,1,0,0,0,1,0,0,0,0,1,1,0,63
TXN0005025,2024-02-27T20:26:00,57,M0116,Services,low,C00555,100,19,3886,0.0597,6033.74,netbanking,Kotak,531554,20,1,0,0,0,1,0,0,0,0,0,0,0,69
TXN0005026,2024-02-27T09:09:00,57,M0049,Services,mid,C01420,162,18,3883,0.1507,4336.47,netbanking,ICICI,559036,9,1,0,0,0,0,0,0,0,0,0,0,0,66
TXN0005027,2024-02-27T11:28:00,57,M0150,Retail,mid,C01236,957,100,4823,0.0537,7707.89,upi,Yes,485280,11,1,0,0,0,0,0,0,0,1,0,0,0,64
TXN0005028,2024-02-27T20:12:00,57,M0190,Services,low,C01419,11,2,726,0.1334,2546.19,wallet,Kotak,405733,20,1,0,0,0,0,0,0,0,1,0,0,1,70
TXN0005029,2024-02-27T16:29:00,57,M0050,Logistics,high,C00422,8,4,941,0.0724,6772.39,upi,PNB,440516,16,1,0,0,0,0,0,0,0,1,0,0,0,68
TXN0005030,2024-02-27T06:41:00,57,M0070,Services,low,C00484,126,18,5625,0.0606,5519.99,upi,Kotak,563175,6,1,0,0,0,1,0,0,0,1,0,0,1,47
TXN0005031,2024-02-27T13:00:00,57,M0149,Services,low,C00035,14,1,1685,0.0108,2328.89,upi,SBI,538385,13,1,0,0,0,1,0,0,0,0,0,0,0,14
TXN0005032,2024-02-27T15:38:00,57,M0024,B2B,mid,C01193,262,17,3211,0.1334,18938.62,card,Yes,434829,15,1,0,0,0,0,0,0,0,0,0,0,0,68
TXN0005033,2024-02-27T10:27:00,57,M0126,B2B,low,C00321,931,91,13422,0.0134,14949.15,card,Axis,469442,10,1,0,0,0,0,0,0,0,0,1,1,0,26
TXN0005034,2024-02-27T14:27:00,57,M0055,Services,mid,C00755,8,2,1515,0.1589,1621.1,card,Yes,479827,14,1,0,0,0,0,0,0,0,0,0,0,1,40
TXN0005035,2024-02-27T15:29:00,57,M0112,Logistics,mid,C00168,12,3,1562,0.291,13954.36,card,HDFC,542535,15,1,0,0,0,1,0,0,0,0,0,0,0,72
TXN0005036,2024-02-27T03:49:00,57,M0166,SaaS,mid,C00780,270,19,3194,0.1202,1461.47,netbanking,Yes,521582,3,1,0,0,0,0,0,0,0,0,1,1,0,33
TXN0005037,2024-02-27T20:29:00,57,M0187,SaaS,high,C01092,282,8,6919,0.1439,4321.92,card,Kotak,563381,20,1,0,13,0,0,0,0,0,0,0,0,0,24
TXN0005038,2024-02-27T08:57:00,57,M0073,SaaS,high,C01175,16,1,944,0.0192,286.32,card,Yes,475792,8,1,0,0,0,0,0,0,0,1,0,0,0,43
TXN0005039,2024-02-27T09:09:00,57,M0004,Logistics,low,C01263,11,4,1896,0.0942,6721.92,wallet,Canara,550174,9,1,0,0,0,0,1,0,0,0,1,1,0,22
TXN0005040,2024-02-27T18:21:00,57,M0063,SaaS,high,C00010,111,19,3864,0.0703,3850.02,card,PNB,439457,18,1,0,0,0,1,0,0,0,1,0,0,0,70
TXN0005041,2024-02-27T09:08:00,57,M0191,Logistics,high,C00588,76,10,4598,0.0727,19563.69,card,HDFC,459209,9,1,0,0,0,2,0,1,0,0,1,1,0,29
TXN0005042,2024-02-27T10:39:00,57,M0063,SaaS,high,C01377,16,3,1214,0.1358,972.89,netbanking,HDFC,449174,10,1,0,0,0,1,0,0,0,1,0,0,0,23
TXN0005043,2024-02-27T13:53:00,57,M0124,Retail,low,C00151,25,2,1085,0.0502,2013.36,upi,SBI,486159,13,1,0,0,0,0,0,0,0,0,0,0,0,20
TXN0005044,2024-02-27T08:36:00,57,M0058,B2B,low,C01471,226,11,7159,0.0178,43508.55,netbanking,ICICI,505434,8,1,0,0,1,1,0,0,0,0,0,1,0,27
TXN0005045,2024-02-27T17:15:00,57,M0187,SaaS,high,C00627,24,3,1607,0.0821,605.62,wallet,PNB,458222,17,1,0,0,0,0,0,0,0,0,0,0,1,31
TXN0005046,2024-02-27T14:21:00,57,M0117,SaaS,low,C00862,226,19,6713,0.0589,3050.47,upi,HDFC,559150,14,1,0,0,0,0,0,0,0,1,0,0,0,12
TXN0005047,2024-02-27T08:57:00,57,M0088,Food,low,C00019,767,108,16580,0.0404,7713.14,card,HDFC,542946,8,1,0,0,0,1,0,0,0,0,0,0,0,20
TXN0005048,2024-02-27T12:08:00,57,M0191,Logistics,high,C00343,979,90,8708,0.0234,20083.23,netbanking,SBI,496221,12,1,0,0,0,0,0,0,0,0,0,0,0,20
TXN0005049,2024-02-27T17:44:00,57,M0170,Logistics,mid,C00775,14,3,1392,0.0331,5663.46,upi,Yes,439305,17,1,0,0,0,0,0,0,0,0,0,0,1,30
TXN0005050,2024-02-27T12:27:00,57,M0018,SaaS,high,C01409,11,3,1120,0.0956,1301.05,card,PNB,489829,12,1,0,0,0,0,0,0,0,0,0,0,0,48
TXN0005051,2024-02-27T20:05:00,57,M0168,Food,high,C00776,14,4,962,0.1036,365.01,card,Kotak,549172,20,1,0,0,0,0,0,0,0,0,0,0,0,54
TXN0005052,2024-02-27T15:55:00,57,M0033,Logistics,low,C01105,6,2,864,0.0973,3731.63,wallet,SBI,487179,15,1,0,0,0,0,0,0,0,0,0,0,1,13
TXN0005053,2024-02-27T04:17:00,57,M0067,Food,mid,C00517,15,2,1142,0.0701,1350.63,netbanking,Yes,474011,4,1,0,0,0,0,0,0,0,1,0,0,1,28
TXN0005054,2024-02-27T19:08:00,57,M0187,SaaS,high,C01414,212,15,5435,0.0786,4120.7,netbanking,Canara,597896,19,1,0,0,0,1,0,0,0,1,0,0,0,32
TXN0005055,2024-02-27T10:09:00,57,M0091,Logistics,high,C00000,855,97,12338,0.0029,29033.68,upi,PNB,442723,10,1,0,0,0,0,0,0,0,0,1,1,0,43
TXN0005056,2024-02-27T09:05:00,57,M0161,Services,mid,C00507,22,3,985,0.0587,638.78,upi,PNB,504306,9,1,0,0,0,0,0,0,0,0,0,0,1,26
TXN0005057,2024-02-27T08:32:00,57,M0034,Retail,high,C01046,18,4,553,0.0474,1574.44,upi,Canara,432830,8,1,0,0,0,0,0,0,0,1,0,0,0,16
TXN0005058,2024-02-27T20:11:00,57,M0068,B2B,low,C01485,738,85,24212,0.0582,34491.57,netbanking,HDFC,594595,20,1,0,0,0,1,0,0,0,0,0,1,0,42
TXN0005059,2024-02-27T21:04:00,57,M0168,Food,high,C01090,81,13,6915,0.0376,2183.48,netbanking,SBI,407246,21,1,0,0,0,0,0,0,0,1,0,0,0,35
TXN0005060,2024-02-27T03:02:00,57,M0150,Retail,mid,C01179,251,13,7683,0.0651,12994.38,card,Canara,525416,3,1,0,0,0,0,0,0,0,0,1,1,0,30
TXN0005061,2024-02-27T19:59:00,57,M0090,Logistics,mid,C00194,804,87,4378,0.0061,3868.39,card,Yes,508768,19,1,0,0,0,1,0,0,0,0,0,0,0,68
TXN0005062,2024-02-27T09:21:00,57,M0124,Retail,low,C00674,731,115,19078,0.0133,27833.09,netbanking,Axis,486538,9,1,0,1,1,4,0,0,0,1,1,1,0,38
TXN0005063,2024-02-27T17:12:00,57,M0112,Logistics,mid,C01030,903,105,7868,0.0201,18613.56,wallet,Yes,513274,17,1,0,0,0,0,1,0,0,0,1,1,0,68
TXN0005064,2024-02-28T00:57:00,58,M0013,Logistics,high,C00196,24,2,996,0.022,7906.07,wallet,HDFC,540853,0,2,0,0,1,1,0,0,0,1,0,0,1,15
TXN0005065,2024-02-28T15:24:00,58,M0120,Food,low,C00616,911,58,7892,0.0092,10916.76,upi,SBI,588578,15,2,0,0,0,0,0,0,0,1,0,0,0,23
TXN0005066,2024-02-28T12:25:00,58,M0108,Food,high,C00144,25,4,628,0.0275,423.89,upi,Kotak,403991,12,2,0,0,0,0,0,1,0,1,1,1,0,21
TXN0005067,2024-02-28T19:43:00,58,M0062,B2B,low,C01435,239,13,5654,0.071,24580.46,card,ICICI,587179,19,2,0,0,0,0,0,0,0,0,0,0,0,23
TXN0005068,2024-02-28T20:07:00,58,M0174,SaaS,low,C00879,15,1,1779,0.1522,1245.06,upi,Kotak,427150,20,2,0,0,0,1,0,0,0,0,0,0,0,32
TXN0005069,2024-02-28T11:09:00,58,M0111,Logistics,low,C01243,240,17,5202,0.0226,7132.01,netbanking,ICICI,589182,11,2,0,0,0,0,0,0,0,0,1,1,0,40
TXN0005070,2024-02-28T11:02:00,58,M0033,Logistics,low,C00070,765,85,16596,0.0072,14418.75,upi,Canara,426363,11,2,0,0,0,1,0,0,0,0,0,0,0,23
TXN0005071,2024-02-28T15:19:00,58,M0085,SaaS,mid,C01063,16,2,1323,0.0664,3847.95,netbanking,Axis,535686,15,2,0,0,0,1,0,0,0,1,0,0,1,36
TXN0005072,2024-02-28T19:17:00,58,M0023,Services,low,C00642,294,16,1731,0.1075,1982.46,netbanking,Kotak,536328,19,2,0,0,0,0,0,0,0,0,1,1,0,46
TXN0005073,2024-02-28T18:21:00,58,M0193,B2B,low,C01305,226,19,4107,0.0527,51556.66,wallet,Yes,583865,18,2,0,1,0,0,0,0,0,0,1,1,0,29
TXN0005074,2024-02-28T07:25:00,58,M0195,Food,high,C01465,199,13,5560,0.1649,11218.64,netbanking,HDFC,588572,7,2,0,0,0,0,0,0,0,0,0,0,0,37
TXN0005075,2024-02-28T21:55:00,58,M0008,Retail,low,C00148,86,15,2092,0.0132,1388.96,wallet,ICICI,472466,21,2,0,0,0,0,0,0,0,1,1,1,0,67
TXN0005076,2024-02-28T00:45:00,58,M0063,SaaS,high,C00797,781,70,11551,0.0148,4593.49,upi,SBI,521086,0,2,0,0,0,0,0,0,0,0,0,0,0,63
TXN0005077,2024-02-28T15:13:00,58,M0168,Food,high,C01038,6,1,755,0.0897,597.43,wallet,HDFC,419888,15,2,0,0,0,0,1,0,0,1,1,1,0,24
TXN0005078,2024-02-28T06:02:00,58,M0054,Retail,mid,C00654,260,13,1503,0.1147,2735.63,netbanking,SBI,578829,6,2,0,0,0,0,0,0,0,0,0,0,0,38
TXN0005079,2024-02-28T02:25:00,58,M0064,Food,high,C00273,104,14,6033,0.1228,1459.4,upi,Kotak,533841,2,2,0,0,0,0,0,0,0,0,1,1,0,28
TXN0005080,2024-02-28T16:23:00,58,M0188,Logistics,mid,C00748,7,4,1914,0.0105,4823.89,wallet,PNB,553655,16,2,0,10,0,0,0,0,0,0,0,0,1,59
TXN0005081,2024-02-28T00:37:00,58,M0161,Services,mid,C01174,13,1,894,0.1125,3103.57,netbanking,Yes,435483,0,2,0,0,0,0,0,0,0,1,0,0,1,22
TXN0005082,2024-02-28T15:40:00,58,M0016,Services,high,C01109,246,13,2185,0.0325,2101.42,upi,Kotak,494329,15,2,0,0,0,1,0,0,0,0,0,0,0,50
TXN0005083,2024-02-28T07:53:00,58,M0178,Logistics,low,C00346,23,1,1516,0.0407,17725.2,upi,HDFC,525452,7,2,0,0,0,0,0,0,0,0,0,0,1,65
TXN0005084,2024-02-28T13:52:00,58,M0011,Food,low,C01070,15,4,1722,0.1733,2987.99,wallet,HDFC,498744,13,2,0,0,0,1,0,0,0,1,0,0,0,65
TXN0005085,2024-02-28T09:23:00,58,M0085,SaaS,mid,C00460,233,15,4931,0.0947,3077.3,card,PNB,586319,9,2,0,0,0,0,0,0,0,0,0,0,0,13
TXN0005086,2024-02-28T11:45:00,58,M0023,Services,low,C00959,25,3,1865,0.1485,1375.89,upi,Kotak,466893,11,2,0,0,0,1,0,0,0,0,0,0,1,68
TXN0005087,2024-02-28T06:47:00,58,M0072,SaaS,high,C01451,139,19,1913,0.1121,825.65,wallet,ICICI,527285,6,2,0,0,0,1,0,0,0,0,0,0,0,67
TXN0005088,2024-02-28T11:41:00,58,M0066,Food,mid,C00266,5,4,714,0.0812,815.57,upi,HDFC,565675,11,2,0,0,0,0,0,0,0,1,0,0,1,14
TXN0005089,2024-02-28T09:15:00,58,M0012,Food,low,C01282,19,1,1400,0.0645,622.13,netbanking,HDFC,562744,9,2,0,12,0,0,0,0,0,0,0,0,0,50
TXN0005090,2024-02-28T20:25:00,58,M0087,Logistics,mid,C00636,76,15,2705,0.1601,8758.12,card,Yes,420771,20,2,0,9,0,0,0,0,0,1,0,0,0,32
TXN0005091,2024-02-28T15:56:00,58,M0102,Retail,high,C00538,22,1,1018,0.095,883.35,wallet,Axis,560849,15,2,0,0,0,0,0,0,0,0,0,0,0,31
TXN0005092,2024-02-28T15:14:00,58,M0146,Food,mid,C00439,200,16,1597,0.205,1681.71,netbanking,HDFC,521488,15,2,0,0,0,0,0,0,0,0,0,0,1,61
TXN0005093,2024-02-28T19:07:00,58,M0131,Logistics,high,C01338,7,2,1332,0.074,12006.0,netbanking,PNB,425881,19,2,0,0,0,0,0,0,0,1,0,0,1,64
TXN0005094,2024-02-28T21:57:00,58,M0096,Food,mid,C01267,15,3,1733,0.143,2658.63,netbanking,Kotak,464102,21,2,0,0,0,1,0,0,0,0,0,0,1,38
TXN0005095,2024-02-28T11:41:00,58,M0146,Food,mid,C01376,15,4,962,0.0503,907.01,upi,Axis,522343,11,2,0,0,0,1,1,0,0,0,0,1,1,64
TXN0005096,2024-02-28T06:33:00,58,M0132,Food,mid,C00612,15,3,1311,0.1636,1299.77,card,Yes,476042,6,2,0,0,0,0,0,0,0,0,0,0,0,71
TXN0005097,2024-02-28T18:28:00,58,M0038,B2B,mid,C00799,224,9,1025,0.0824,27730.07,netbanking,Axis,457890,18,2,0,0,0,0,0,0,0,0,1,1,0,57
TXN0005098,2024-02-28T03:46:00,58,M0036,Retail,low,C00757,18,3,1376,0.032,810.26,netbanking,Canara,428835,3,2,0,0,0,1,1,0,0,0,1,1,0,30
TXN0005099,2024-02-28T03:50:00,58,M0155,SaaS,mid,C00156,171,13,6238,0.025,5450.54,wallet,PNB,432384,3,2,0,0,0,0,0,1,0,0,1,1,0,57
TXN0005100,2024-02-28T17:01:00,58,M0163,Logistics,high,C00529,159,17,2807,0.0622,3261.55,upi,Canara,564314,17,2,0,0,0,1,0,0,0,0,0,0,0,70
TXN0005101,2024-02-28T18:22:00,58,M0029,Retail,high,C01212,15,4,1504,0.1759,2165.43,card,Kotak,551560,18,2,0,0,0,0,0,0,0,0,0,0,0,60
TXN0005102,2024-02-28T14:44:00,58,M0012,Food,low,C00038,277,18,7736,0.0967,2830.35,upi,Canara,512886,14,2,0,0,0,0,1,0,0,0,1,1,0,54
TXN0005103,2024-02-28T07:19:00,58,M0155,SaaS,mid,C00924,19,1,1515,0.0429,1192.64,card,HDFC,559129,7,2,0,0,0,1,0,0,0,0,0,0,0,69
TXN0005104,2024-02-28T13:31:00,58,M0139,Logistics,low,C01321,14,2,1098,0.1209,9525.54,wallet,Axis,408913,13,2,0,0,0,1,0,0,0,0,0,0,0,52
TXN0005105,2024-02-28T11:10:00,58,M0143,Logistics,mid,C00525,196,14,3844,0.122,7579.66,netbanking,ICICI,521591,11,2,0,0,0,1,0,0,0,1,0,0,0,62
TXN0005106,2024-02-28T06:06:00,58,M0051,Food,low,C00663,8,3,1840,0.0977,582.45,card,HDFC,435674,6,2,0,0,0,2,0,0,0,1,0,0,1,13
TXN0005107,2024-02-28T17:37:00,58,M0029,Retail,high,C00694,235,20,5075,0.0632,2454.27,card,Canara,508981,17,2,0,0,0,0,0,0,0,1,0,0,0,38
TXN0005108,2024-02-28T05:22:00,58,M0059,Logistics,mid,C00661,171,5,3365,0.1198,11080.76,netbanking,Yes,496795,5,2,0,0,0,0,0,0,0,0,0,1,0,34
TXN0005109,2024-02-28T20:29:00,58,M0050,Logistics,high,C01190,14,4,1510,0.2709,4148.45,netbanking,Canara,580381,20,2,0,0,0,0,0,0,0,0,0,0,0,20
TXN0005110,2024-02-28T12:43:00,58,M0083,B2B,low,C00399,22,1,1716,0.1464,38682.56,netbanking,Axis,539496,12,2,0,0,0,0,0,0,0,0,0,1,0,20
TXN0005111,2024-02-28T02:03:00,58,M0079,Retail,high,C00357,887,100,18431,0.0124,24124.72,netbanking,Canara,525548,2,2,0,0,0,0,0,0,0,0,0,1,0,54
TXN0005112,2024-02-28T12:35:00,58,M0000,Logistics,low,C00583,15,2,1989,0.0074,14377.89,netbanking,Yes,418433,12,2,0,0,0,0,0,0,0,0,0,0,1,12
TXN0005113,2024-02-28T19:54:00,58,M0169,Food,low,C01197,114,5,6492,0.0567,5786.81,upi,Yes,568535,19,2,0,0,0,0,0,0,0,0,0,0,0,55
TXN0005114,2024-02-28T15:02:00,58,M0014,Logistics,high,C00564,116,9,1413,0.1264,2929.92,netbanking,Canara,596482,15,2,0,0,0,1,0,0,0,1,0,0,0,55
TXN0005115,2024-02-28T01:07:00,58,M0049,Services,mid,C00287,7,4,1555,0.1209,2404.79,card,PNB,487587,1,2,0,0,0,0,0,0,0,0,1,1,0,24
TXN0005116,2024-02-28T10:41:00,58,M0165,Services,low,C01380,83,11,3115,0.0312,2832.78,upi,Yes,485889,10,2,0,0,0,1,0,0,0,1,0,0,0,14
TXN0005117,2024-02-28T21:49:00,58,M0051,Food,low,C00040,183,19,4568,0.2166,4404.27,wallet,Axis,493960,21,2,0,0,0,0,1,0,0,0,1,1,0,67
TXN0005118,2024-02-28T07:56:00,58,M0077,Services,high,C00488,73,10,4187,0.0391,2260.43,netbanking,Axis,598922,7,2,0,0,0,0,0,0,0,0,0,0,0,58
TXN0005119,2024-02-28T12:45:00,58,M0093,SaaS,mid,C01341,25,1,695,0.0686,876.84,upi,SBI,563160,12,2,0,0,0,0,0,0,0,0,0,0,1,54
TXN0005120,2024-02-28T09:13:00,58,M0142,Retail,mid,C00897,64,9,6295,0.0343,7445.87,wallet,Yes,567509,9,2,0,0,0,0,0,0,0,1,0,0,0,48
TXN0005121,2024-02-28T19:00:00,58,M0074,Services,high,C01442,13,1,1831,0.0407,2315.87,upi,Axis,475078,19,2,0,0,0,0,0,0,0,0,0,0,0,71
TXN0005122,2024-02-28T18:33:00,58,M0141,Logistics,low,C00777,129,7,5640,0.2166,16456.84,netbanking,Yes,476789,18,2,0,0,0,0,0,0,0,1,0,0,0,66
TXN0005123,2024-02-28T18:09:00,58,M0108,Food,high,C00895,131,18,2727,0.1277,1545.31,upi,Yes,530324,18,2,0,14,0,0,0,0,0,0,0,0,0,21
TXN0005124,2024-02-28T02:51:00,58,M0043,Logistics,high,C00264,25,4,1179,0.0072,6200.08,netbanking,SBI,410478,2,2,0,0,0,1,0,0,0,0,0,0,1,27
TXN0005125,2024-02-28T19:37:00,58,M0194,Retail,mid,C01317,274,6,6197,0.1133,9649.6,netbanking,Canara,515313,19,2,0,0,0,1,1,0,0,0,0,1,1,57
TXN0005126,2024-02-28T22:39:00,58,M0014,Logistics,high,C00293,25,3,1986,0.1281,10753.75,upi,Kotak,489535,22,2,0,0,0,0,0,0,0,1,1,1,0,62
TXN0005127,2024-02-28T13:08:00,58,M0114,Logistics,mid,C00539,88,12,6184,0.0646,11984.8,wallet,PNB,531764,13,2,0,0,0,0,0,0,0,1,0,0,0,69
TXN0005128,2024-02-28T12:57:00,58,M0006,Food,low,C01350,278,9,2345,0.1225,1888.42,wallet,SBI,456260,12,2,0,0,0,0,0,0,0,1,0,0,0,51
TXN0005129,2024-02-28T12:10:00,58,M0070,Services,low,C00467,240,13,7839,0.1495,3477.26,upi,HDFC,482930,12,2,0,0,0,0,0,0,0,0,0,0,0,30
TXN0005130,2024-02-28T09:19:00,58,M0170,Logistics,mid,C01205,6,1,1678,0.0732,13415.55,wallet,PNB,404403,9,2,0,9,0,0,0,0,0,0,0,0,1,35
TXN0005131,2024-02-28T11:59:00,58,M0102,Retail,high,C00796,981,110,16531,0.053,12605.11,netbanking,SBI,591383,11,2,0,0,0,0,1,0,0,0,1,1,0,72
TXN0005132,2024-02-28T08:48:00,58,M0173,Food,high,C01356,217,20,2714,0.0307,5578.75,upi,ICICI,417001,8,2,0,0,0,0,1,0,0,0,0,1,0,56
TXN0005133,2024-02-28T22:44:00,58,M0101,Food,low,C00726,937,113,7763,0.0556,2615.92,card,Kotak,445186,22,2,0,0,0,0,0,0,0,0,0,0,0,23
TXN0005134,2024-02-28T09:17:00,58,M0184,Logistics,high,C00365,130,19,1101,0.1731,7343.29,card,Kotak,454273,9,2,0,9,0,0,0,0,0,1,0,0,0,56
TXN0005135,2024-02-28T14:11:00,58,M0181,Food,high,C00471,90,12,4396,0.1901,4901.83,netbanking,HDFC,508928,14,2,0,0,0,0,0,0,0,1,0,0,0,36
TXN0005136,2024-02-28T10:13:00,58,M0134,Services,low,C00488,73,10,4187,0.0391,5437.09,wallet,Kotak,539370,10,2,0,0,1,1,0,0,0,0,0,0,0,24
TXN0005137,2024-02-28T17:59:00,58,M0050,Logistics,high,C00619,137,11,5301,0.0478,13174.97,netbanking,Yes,528689,17,2,0,0,0,0,0,0,0,0,0,0,0,42
TXN0005138,2024-02-28T05:40:00,58,M0074,Services,high,C01436,16,3,1961,0.0725,869.2,netbanking,Kotak,538424,5,2,0,0,0,0,0,1,0,0,1,1,0,56
TXN0005139,2024-02-28T09:18:00,58,M0007,Food,mid,C00788,272,13,5066,0.0347,5009.59,wallet,ICICI,590410,9,2,0,0,0,1,0,1,0,0,0,1,1,40
TXN0005140,2024-02-28T11:51:00,58,M0195,Food,high,C01090,81,13,6915,0.0376,4563.68,wallet,Kotak,564384,11,2,0,0,1,1,0,0,0,0,0,0,0,62
TXN0005141,2024-02-28T07:45:00,58,M0122,Retail,low,C00600,115,20,4717,0.0706,5005.07,netbanking,Canara,573809,7,2,0,0,0,0,0,1,0,1,0,1,1,14
TXN0005142,2024-02-28T12:10:00,58,M0052,Logistics,mid,C00123,211,6,3883,0.0949,2868.69,upi,ICICI,576525,12,2,0,0,0,0,0,0,0,1,0,0,0,15
TXN0005143,2024-02-28T15:33:00,58,M0143,Logistics,mid,C00082,239,14,1179,0.0479,7739.54,card,ICICI,510347,15,2,0,0,0,0,0,0,0,1,0,0,0,48
TXN0005144,2024-02-28T10:55:00,58,M0191,Logistics,high,C00238,130,14,1140,0.0951,10243.91,netbanking,Kotak,421086,10,2,0,0,0,2,0,0,0,0,0,0,0,29
TXN0005145,2024-02-28T15:56:00,58,M0046,SaaS,high,C00917,300,5,4719,0.0825,9773.0,netbanking,Axis,510410,15,2,0,0,0,1,0,0,0,0,0,0,0,23
TXN0005146,2024-02-28T18:54:00,58,M0046,SaaS,high,C00153,187,16,7531,0.082,2388.27,card,HDFC,559017,18,2,0,0,0,0,0,0,0,0,0,0,0,54
TXN0005147,2024-02-28T10:21:00,58,M0094,SaaS,high,C00154,270,10,5468,0.0633,6020.66,upi,Yes,552246,10,2,0,0,0,0,0,0,0,1,0,0,0,45
TXN0005148,2024-02-28T18:26:00,58,M0128,B2B,high,C00815,98,19,1435,0.0519,5375.24,card,ICICI,545067,18,2,0,0,0,1,0,0,0,0,0,0,0,42
TXN0005149,2024-02-28T13:40:00,58,M0108,Food,high,C00435,845,97,22280,0.0149,5797.71,upi,Yes,540817,13,2,0,0,0,0,0,0,0,1,0,0,0,46
TXN0005150,2024-02-28T13:11:00,58,M0053,Retail,low,C00358,107,16,4124,0.0797,10552.41,netbanking,HDFC,580025,13,2,0,0,0,0,0,0,0,0,0,0,0,69
TXN0005151,2024-02-28T14:46:00,58,M0147,SaaS,mid,C00504,870,112,8992,0.0862,10677.34,wallet,Axis,420039,14,2,0,0,0,0,0,0,0,1,0,0,1,14
TXN0005152,2024-02-28T06:18:00,58,M0119,Retail,high,C00300,215,14,7381,0.2502,4661.49,upi,Canara,403999,6,2,0,0,0,0,0,0,0,0,1,1,0,52
TXN0005153,2024-02-28T00:49:00,58,M0172,Food,mid,C01497,264,17,6176,0.0222,3119.98,card,Yes,501343,0,2,0,12,0,0,0,0,0,0,0,0,0,12
TXN0005154,2024-02-28T11:35:00,58,M0145,SaaS,low,C01476,108,9,2688,0.0579,2641.16,wallet,Canara,544338,11,2,0,0,0,0,0,0,0,0,0,0,0,47
TXN0005155,2024-02-29T12:51:00,59,M0090,Logistics,mid,C00111,21,2,1270,0.0829,9260.6,netbanking,Axis,456803,12,3,0,0,0,0,0,0,0,1,0,0,1,22
TXN0005156,2024-02-29T20:38:00,59,M0157,SaaS,mid,C01496,193,13,7225,0.0594,1580.87,upi,Canara,587133,20,3,0,0,0,0,0,0,0,0,0,0,0,40
TXN0005157,2024-02-29T22:23:00,59,M0048,SaaS,mid,C00481,9,3,1477,0.2252,803.19,card,ICICI,415239,22,3,0,6,0,0,0,0,0,1,0,0,0,36
TXN0005158,2024-02-29T17:03:00,59,M0176,SaaS,low,C01114,880,108,7723,0.0341,10818.46,netbanking,HDFC,554703,17,3,0,0,0,1,0,0,0,0,0,0,0,40
TXN0005159,2024-02-29T13:18:00,59,M0031,Food,mid,C00936,11,4,980,0.0532,681.93,wallet,Yes,425891,13,3,0,0,0,1,0,0,0,1,0,0,1,44
TXN0005160,2024-02-29T23:26:00,59,M0117,SaaS,low,C00076,287,20,5432,0.1246,2162.08,upi,ICICI,573864,23,3,0,0,0,0,0,0,0,1,0,0,0,30
TXN0005161,2024-02-29T14:23:00,59,M0190,Services,low,C00378,11,3,1834,0.062,1002.6,wallet,Axis,565609,14,3,0,0,0,1,0,0,0,0,1,1,0,46
TXN0005162,2024-02-29T11:24:00,59,M0060,Services,high,C01438,223,12,1229,0.2301,1472.53,upi,Axis,472995,11,3,0,0,0,1,0,0,0,0,0,0,0,46
TXN0005163,2024-02-29T06:59:00,59,M0100,Retail,low,C00173,100,19,4404,0.0825,2568.55,netbanking,HDFC,447468,6,3,0,0,0,0,0,0,0,0,0,0,0,12
TXN0005164,2024-02-29T12:26:00,59,M0049,Services,mid,C00415,768,112,13506,0.0062,17454.74,card,ICICI,468246,12,3,0,0,0,1,0,0,0,0,0,0,1,72
TXN0005165,2024-02-29T03:24:00,59,M0190,Services,low,C01283,80,13,5999,0.1048,8025.89,card,HDFC,590145,3,3,0,0,0,1,0,0,0,0,1,1,0,62
TXN0005166,2024-02-29T13:31:00,59,M0161,Services,mid,C00305,112,9,5394,0.0518,2448.31,netbanking,Kotak,448943,13,3,0,0,0,0,0,0,0,0,0,0,0,52
TXN0005167,2024-02-29T09:58:00,59,M0178,Logistics,low,C00284,22,2,1162,0.105,10537.21,card,Axis,591528,9,3,0,0,0,1,0,0,0,1,0,0,0,49
TXN0005168,2024-02-29T12:57:00,59,M0177,Food,low,C00353,227,10,5975,0.0345,1739.81,card,HDFC,558662,12,3,0,0,0,1,1,1,0,0,1,1,0,45
TXN0005169,2024-02-29T08:51:00,59,M0185,Food,high,C00091,198,18,5811,0.0763,3289.53,card,Canara,500031,8,3,0,0,0,0,0,0,1,1,0,0,0,51
TXN0005170,2024-02-29T13:50:00,59,M0128,B2B,high,C00023,973,107,11493,0.023,14394.61,card,SBI,439646,13,3,0,1,0,0,0,0,0,1,1,1,0,57
TXN0005171,2024-02-29T18:34:00,59,M0159,Services,low,C00589,17,3,1307,0.109,2033.32,wallet,ICICI,546234,18,3,0,0,0,0,0,0,0,0,0,0,0,31
TXN0005172,2024-02-29T11:46:00,59,M0190,Services,low,C01210,5,3,1470,0.1267,4765.57,wallet,Kotak,560675,11,3,0,0,0,0,0,0,0,0,0,0,0,63
TXN0005173,2024-02-29T19:03:00,59,M0178,Logistics,low,C00317,15,1,1846,0.0784,11937.08,netbanking,Yes,591239,19,3,0,0,0,0,0,0,0,1,0,0,1,51
TXN0005174,2024-02-29T13:58:00,59,M0027,Services,high,C00208,9,4,813,0.0891,1681.53,card,SBI,518787,13,3,0,0,0,1,0,0,0,1,0,0,0,21
TXN0005175,2024-02-29T10:15:00,59,M0153,Food,low,C00568,142,7,1921,0.1432,951.16,card,ICICI,495438,10,3,0,0,0,0,0,1,0,0,1,1,0,50
TXN0005176,2024-02-29T06:06:00,59,M0156,Services,mid,C00038,277,18,7736,0.0967,28930.33,card,Kotak,434613,6,3,0,0,1,1,0,0,0,1,0,0,0,61
TXN0005177,2024-02-29T09:41:00,59,M0121,Food,low,C00644,211,17,6121,0.065,4852.57,card,PNB,453048,9,3,0,0,0,0,0,0,0,0,0,0,0,26
TXN0005178,2024-02-29T21:16:00,59,M0070,Services,low,C00491,109,6,7422,0.1327,9661.99,netbanking,Kotak,492059,21,3,0,0,0,0,0,0,0,0,0,0,1,50
TXN0005179,2024-02-29T18:19:00,59,M0111,Logistics,low,C01499,269,17,4703,0.0444,5359.88,netbanking,PNB,510733,18,3,0,0,0,0,0,0,0,0,0,0,0,67
TXN0005180,2024-02-29T10:26:00,59,M0049,Services,mid,C00303,64,7,1112,0.0787,2547.89,netbanking,Axis,477599,10,3,0,0,0,1,0,0,0,0,0,0,0,65
TXN0005181,2024-02-29T12:15:00,59,M0101,Food,low,C00642,294,16,1731,0.1075,558.07,card,Yes,563279,12,3,0,0,1,1,0,0,0,0,0,0,0,29
TXN0005182,2024-02-29T13:16:00,59,M0188,Logistics,mid,C00530,869,86,24248,0.023,7916.31,netbanking,HDFC,514258,13,3,0,0,0,0,0,0,0,1,1,1,0,67
TXN0005183,2024-02-29T07:11:00,59,M0029,Retail,high,C00818,270,13,5614,0.1067,2029.56,card,ICICI,439709,7,3,0,0,0,1,0,0,0,0,0,0,0,70
TXN0005184,2024-02-29T12:43:00,59,M0105,SaaS,high,C00210,79,8,1505,0.2364,552.83,netbanking,HDFC,460171,12,3,0,0,0,0,0,0,0,0,0,0,0,30
TXN0005185,2024-02-29T16:23:00,59,M0190,Services,low,C01170,777,59,19195,0.0443,9452.21,netbanking,Canara,428875,16,3,0,0,0,0,0,0,0,0,0,0,0,19
TXN0005186,2024-02-29T09:14:00,59,M0078,B2B,high,C00952,62,10,3676,0.0357,27214.41,netbanking,ICICI,519814,9,3,0,0,0,0,0,0,0,0,1,1,0,19
TXN0005187,2024-02-29T10:51:00,59,M0061,Services,low,C00756,89,17,3323,0.0739,4364.83,wallet,Kotak,446429,10,3,0,0,0,0,0,0,0,0,0,0,0,59
TXN0005188,2024-02-29T20:20:00,59,M0167,SaaS,low,C00512,25,1,1421,0.169,1321.71,upi,ICICI,494668,20,3,0,0,0,0,0,0,0,0,0,0,0,36
TXN0005189,2024-02-29T01:11:00,59,M0054,Retail,mid,C00017,816,60,12299,0.0135,4066.89,wallet,PNB,552485,1,3,0,0,0,0,0,0,0,1,0,0,0,50
TXN0005190,2024-02-29T20:44:00,59,M0177,Food,low,C00265,207,12,4651,0.0618,3813.67,card,PNB,413365,20,3,0,0,0,0,0,0,0,0,0,0,0,44
TXN0005191,2024-02-29T09:23:00,59,M0085,SaaS,mid,C00704,116,9,5699,0.0142,6893.33,card,Canara,451666,9,3,0,0,0,0,0,0,0,1,0,0,0,18
TXN0005192,2024-02-29T16:16:00,59,M0172,Food,mid,C00944,180,9,4256,0.0575,3109.67,netbanking,PNB,583280,16,3,0,0,0,1,0,0,0,1,1,1,0,42
TXN0005193,2024-02-29T20:19:00,59,M0126,B2B,low,C00386,913,114,12836,0.0306,42285.07,card,HDFC,508165,20,3,0,0,0,0,0,0,0,1,0,1,0,26
TXN0005194,2024-02-29T02:06:00,59,M0161,Services,mid,C01183,243,15,2751,0.0611,6408.94,card,Yes,579603,2,3,0,0,0,0,0,0,0,1,0,0,0,71
TXN0005195,2024-02-29T08:40:00,59,M0102,Retail,high,C01455,10,2,1166,0.1054,2029.56,card,Axis,516387,8,3,0,0,0,1,0,0,0,0,0,0,0,44
TXN0005196,2024-02-29T17:41:00,59,M0125,Retail,low,C00946,172,19,7987,0.0982,6733.94,wallet,Canara,505573,17,3,0,0,0,0,0,0,0,0,0,0,0,15
TXN0005197,2024-02-29T21:20:00,59,M0042,Logistics,mid,C00134,24,2,1976,0.0714,11701.82,card,Canara,434698,21,3,0,0,0,0,0,0,0,0,0,0,1,54
TXN0005198,2024-02-29T06:23:00,59,M0148,SaaS,mid,C00341,65,9,5805,0.1874,4279.52,card,Axis,406833,6,3,0,0,0,0,0,0,0,1,0,0,0,61
TXN0005199,2024-02-29T15:02:00,59,M0066,Food,mid,C00950,23,4,1808,0.0475,2215.26,card,SBI,564837,15,3,0,0,0,0,0,0,0,1,0,0,0,47
TXN0005200,2024-02-29T22:22:00,59,M0048,SaaS,mid,C01434,25,1,1438,0.0566,1956.62,upi,Axis,596080,22,3,0,0,0,0,0,0,0,1,1,1,0,64
TXN0005201,2024-02-29T19:36:00,59,M0110,Food,high,C00926,78,16,1245,0.1055,635.29,wallet,Kotak,595162,19,3,0,0,0,0,0,0,0,0,0,0,0,71
TXN0005202,2024-02-29T06:51:00,59,M0029,Retail,high,C00290,20,3,1897,0.2062,3705.53,wallet,Axis,502420,6,3,0,0,0,0,0,0,0,0,0,0,1,47
TXN0005203,2024-02-29T18:13:00,59,M0013,Logistics,high,C00292,13,1,1840,0.0605,3297.46,netbanking,Yes,436628,18,3,0,0,0,0,0,0,0,0,0,0,1,35
TXN0005204,2024-02-29T13:43:00,59,M0199,SaaS,mid,C00350,117,10,4696,0.026,2356.5,card,ICICI,443608,13,3,0,0,0,3,0,0,0,0,0,0,1,49
TXN0005205,2024-02-29T13:51:00,59,M0037,Retail,mid,C00356,182,11,1794,0.0139,2979.75,netbanking,HDFC,545469,13,3,0,0,0,0,0,0,0,0,0,0,0,37
TXN0005206,2024-02-29T10:05:00,59,M0113,Services,high,C01269,294,12,4633,0.1214,2606.95,card,HDFC,520465,10,3,0,0,0,0,0,0,0,1,0,0,0,48
TXN0005207,2024-02-29T06:38:00,59,M0051,Food,low,C00307,10,1,525,0.1779,413.92,upi,Canara,550635,6,3,0,0,0,1,0,0,0,0,0,0,0,71
TXN0005208,2024-02-29T11:53:00,59,M0129,Services,low,C00424,209,20,5164,0.1548,2742.46,wallet,Kotak,414410,11,3,0,0,0,0,0,0,0,0,0,0,0,29
TXN0005209,2024-02-29T14:13:00,59,M0181,Food,high,C00846,300,16,7520,0.1088,3465.25,netbanking,Axis,543639,14,3,0,0,0,2,0,0,0,0,0,0,0,15
TXN0005210,2024-02-29T12:45:00,59,M0003,SaaS,low,C00280,751,106,20902,0.0051,9278.48,card,Axis,595137,12,3,0,0,0,0,1,0,0,1,0,1,0,66
TXN0005211,2024-02-29T23:18:00,59,M0026,Retail,high,C01218,166,13,3533,0.0365,1584.4,wallet,ICICI,565009,23,3,0,0,0,0,0,0,0,1,0,0,0,59
TXN0005212,2024-02-29T10:45:00,59,M0093,SaaS,mid,C00139,21,2,1395,0.0205,458.11,wallet,PNB,569051,10,3,0,0,0,0,0,0,0,0,0,0,0,59
TXN0005213,2024-02-29T20:55:00,59,M0180,Food,low,C01111,200,20,5413,0.0781,5182.29,card,PNB,412269,20,3,0,0,0,0,0,0,0,0,0,0,0,28
TXN0005214,2024-02-29T13:03:00,59,M0177,Food,low,C01470,7,1,1589,0.028,1774.38,card,Canara,426318,13,3,0,8,0,0,0,0,0,1,0,0,0,62
TXN0005215,2024-02-29T03:15:00,59,M0060,Services,high,C01243,240,17,5202,0.0226,15423.55,wallet,Axis,515616,3,3,0,0,1,1,1,0,0,0,1,1,0,19
TXN0005216,2024-02-29T05:34:00,59,M0083,B2B,low,C01350,278,9,2345,0.1225,14401.51,netbanking,Kotak,578053,5,3,0,0,1,1,0,0,0,0,1,1,0,21
TXN0005217,2024-02-29T03:06:00,59,M0182,Retail,high,C01451,139,19,1913,0.1121,5906.0,wallet,HDFC,477050,3,3,0,0,1,2,0,0,0,0,1,1,0,32
TXN0005218,2024-02-29T12:54:00,59,M0055,Services,mid,C00365,130,19,1101,0.1731,2317.81,wallet,Canara,439444,12,3,0,0,0,1,0,1,0,0,0,1,0,44
TXN0005219,2024-02-29T07:09:00,59,M0149,Services,low,C01061,20,3,1042,0.0431,10537.51,netbanking,ICICI,479177,7,3,0,0,0,0,0,0,0,1,0,0,1,18
TXN0005220,2024-02-29T09:24:00,59,M0063,SaaS,high,C00557,161,5,6949,0.0163,4084.85,upi,PNB,481611,9,3,0,0,0,0,0,0,0,0,0,0,0,45
TXN0005221,2024-02-29T09:09:00,59,M0019,Services,mid,C00382,183,7,3754,0.1617,1811.21,card,ICICI,480336,9,3,0,0,0,0,1,1,0,1,1,1,0,65
TXN0005222,2024-02-29T16:07:00,59,M0013,Logistics,high,C00157,67,9,7952,0.0952,15907.23,card,Yes,596129,16,3,0,0,0,1,0,0,0,0,0,0,0,69
TXN0005223,2024-02-29T21:49:00,59,M0025,Food,mid,C00869,17,2,715,0.0491,378.02,netbanking,Canara,543275,21,3,0,0,0,1,1,0,0,0,1,1,0,66
TXN0005224,2024-02-29T11:45:00,59,M0041,B2B,low,C01075,73,14,1901,0.0584,36169.37,card,ICICI,552056,11,3,0,0,0,0,0,0,0,1,0,1,0,59
TXN0005225,2024-02-29T20:07:00,59,M0013,Logistics,high,C00886,7,2,1128,0.0251,7579.79,netbanking,Axis,410331,20,3,0,0,0,0,1,0,0,1,0,1,0,45
TXN0005226,2024-02-29T11:35:00,59,M0019,Services,mid,C00620,957,114,3817,0.0332,3230.13,card,PNB,465453,11,3,0,0,0,1,1,0,0,1,1,1,0,29
TXN0005227,2024-02-29T20:12:00,59,M0054,Retail,mid,C01146,949,93,12728,0.0038,6077.93,netbanking,PNB,442399,20,3,0,0,0,0,0,0,0,0,0,0,0,25
TXN0005228,2024-02-29T16:56:00,59,M0070,Services,low,C00067,25,2,1953,0.0356,2731.78,wallet,Yes,590737,16,3,0,6,0,1,0,0,0,0,0,0,0,29
TXN0005229,2024-02-29T14:56:00,59,M0064,Food,high,C00063,86,10,3701,0.0681,4030.71,wallet,SBI,570840,14,3,0,7,0,1,0,0,0,0,0,0,0,37
TXN0005230,2024-02-29T09:22:00,59,M0036,Retail,low,C01022,974,77,19220,0.0059,16298.28,upi,HDFC,543987,9,3,0,0,0,1,0,1,0,0,1,1,0,45
TXN0005231,2024-02-29T09:11:00,59,M0007,Food,mid,C01366,185,10,4878,0.1548,6458.34,wallet,HDFC,457475,9,3,0,0,0,0,1,0,0,0,1,1,0,64
TXN0005232,2024-02-29T16:25:00,59,M0163,Logistics,high,C00846,300,16,7520,0.1088,17647.91,wallet,Kotak,512308,16,3,0,0,1,2,0,0,0,0,0,0,0,48
TXN0005233,2024-02-29T08:39:00,59,M0175,Food,low,C00864,22,3,937,0.0258,528.0,upi,HDFC,432088,8,3,0,0,0,0,0,0,0,0,0,0,1,33
TXN0005234,2024-02-29T10:02:00,59,M0031,Food,mid,C01144,168,13,3064,0.1729,1307.78,wallet,Yes,455575,10,3,0,0,0,0,0,1,0,1,1,1,0,33
TXN0005235,2024-02-29T17:00:00,59,M0137,B2B,mid,C00317,15,1,1846,0.0784,53105.48,card,SBI,430929,17,3,0,1,1,1,0,0,0,0,1,1,0,31
TXN0005236,2024-02-29T11:39:00,59,M0168,Food,high,C01341,25,1,695,0.0686,575.95,card,Axis,495128,11,3,0,0,1,1,0,0,0,0,0,0,0,24
TXN0005237,2024-02-29T18:54:00,59,M0162,Services,high,C00519,12,3,1935,0.1677,3202.53,upi,HDFC,489629,18,3,0,0,0,1,0,0,0,0,1,1,0,17
TXN0005238,2024-02-29T18:35:00,59,M0153,Food,low,C00066,73,11,3187,0.1045,2681.59,netbanking,Yes,409498,18,3,0,6,0,0,0,0,0,0,0,0,0,63
TXN0005239,2024-02-29T03:19:00,59,M0059,Logistics,mid,C00028,842,112,10190,0.0064,17238.02,netbanking,SBI,488074,3,3,0,0,0,2,0,0,0,0,0,1,1,71
TXN0005240,2024-02-29T09:22:00,59,M0020,B2B,low,C00735,294,9,2632,0.0396,9858.72,card,ICICI,540832,9,3,0,6,0,0,0,0,0,0,0,0,0,29
TXN0005241,2024-02-29T18:39:00,59,M0108,Food,high,C00573,11,3,608,0.1234,484.74,card,HDFC,476351,18,3,0,0,0,0,0,0,0,0,0,0,1,21
TXN0005242,2024-02-29T06:48:00,59,M0071,Retail,low,C01224,168,17,1803,0.2423,1991.35,upi,ICICI,480412,6,3,0,14,0,2,0,0,0,0,0,0,0,54
TXN0005243,2024-02-29T23:47:00,59,M0134,Services,low,C01188,22,1,1190,0.1683,2770.91,card,SBI,514245,23,3,0,0,0,0,0,0,0,0,0,0,1,59
TXN0005244,2024-02-29T14:09:00,59,M0138,Services,mid,C00236,165,9,7902,0.1522,2976.54,netbanking,Yes,436452,14,3,0,0,0,0,0,0,0,1,0,0,0,62
TXN0005245,2024-02-29T22:20:00,59,M0166,SaaS,mid,C01231,995,108,4780,0.002,1973.25,card,PNB,562901,22,3,0,14,0,0,0,0,0,0,0,0,0,15
TXN0005246,2024-02-29T19:45:00,59,M0089,Food,low,C00461,24,1,1074,0.0982,921.49,card,ICICI,559167,19,3,0,0,0,0,0,0,1,1,0,0,1,40
TXN0005247,2024-02-29T17:54:00,59,M0159,Services,low,C00727,14,2,1657,0.1645,1516.5,wallet,SBI,551095,17,3,0,0,0,0,0,0,0,0,0,0,0,42
TXN0005248,2024-03-01T21:11:00,60,M0044,Logistics,low,C01179,251,13,7683,0.0651,12581.99,netbanking,Yes,523093,21,4,0,8,0,1,0,0,0,0,0,0,0,63
TXN0005249,2024-03-01T12:56:00,60,M0120,Food,low,C01362,246,18,2751,0.1251,5046.28,upi,SBI,568212,12,4,0,0,0,0,0,1,0,1,0,1,0,22
TXN0005250,2024-03-01T13:29:00,60,M0000,Logistics,low,C00304,220,18,4469,0.1126,11680.05,card,Kotak,563464,13,4,0,0,0,2,0,0,0,0,0,0,0,29
TXN0005251,2024-03-01T15:13:00,60,M0100,Retail,low,C00456,966,120,5396,0.0062,4037.64,wallet,PNB,504447,15,4,0,10,0,0,0,0,0,1,0,0,0,38
TXN0005252,2024-03-01T14:40:00,60,M0091,Logistics,high,C00203,225,13,6886,0.0333,24331.74,card,Yes,484352,14,4,0,0,0,0,0,0,0,0,1,1,0,37
TXN0005253,2024-03-01T08:32:00,60,M0179,Services,low,C00692,61,12,2572,0.0428,6653.39,card,Kotak,525807,8,4,0,0,0,1,0,0,0,0,0,0,0,31
TXN0005254,2024-03-01T14:23:00,60,M0037,Retail,mid,C01112,167,12,6759,0.0311,7335.23,netbanking,Axis,508508,14,4,0,0,0,0,0,0,0,0,0,0,0,26
TXN0005255,2024-03-01T20:13:00,60,M0125,Retail,low,C00955,271,17,5954,0.1364,9127.49,wallet,Yes,435414,20,4,0,0,0,0,0,0,0,0,1,1,0,57
TXN0005256,2024-03-01T14:41:00,60,M0137,B2B,mid,C01229,18,1,787,0.1359,22334.17,card,PNB,578694,14,4,0,0,0,0,0,1,0,0,1,1,0,69
TXN0005257,2024-03-01T02:46:00,60,M0020,B2B,low,C01426,201,11,7965,0.1505,57964.28,wallet,Kotak,446165,2,4,0,0,0,0,0,1,0,0,1,1,0,51
TXN0005258,2024-03-01T14:18:00,60,M0090,Logistics,mid,C00345,5,4,1662,0.0094,26620.36,card,Kotak,581340,14,4,0,0,0,0,0,0,0,0,0,0,1,65
TXN0005259,2024-03-01T19:31:00,60,M0074,Services,high,C00524,820,108,23678,0.0222,15257.4,card,SBI,549929,19,4,0,7,0,0,0,0,0,0,0,0,0,69
TXN0005260,2024-03-01T09:13:00,60,M0017,B2B,low,C00332,9,4,908,0.1434,30586.7,netbanking,Axis,460747,9,4,0,0,0,0,1,0,0,1,1,1,0,58
TXN0005261,2024-03-01T19:47:00,60,M0034,Retail,high,C00324,271,6,2761,0.0283,3103.27,netbanking,PNB,584769,19,4,0,0,0,0,0,0,0,1,0,0,0,64
TXN0005262,2024-03-01T17:21:00,60,M0119,Retail,high,C01478,168,13,2908,0.0476,6713.33,wallet,SBI,564693,17,4,0,0,0,0,0,0,0,0,0,0,0,25
TXN0005263,2024-03-01T09:36:00,60,M0049,Services,mid,C01425,25,4,1901,0.0218,2316.1,upi,Kotak,448610,9,4,0,6,0,1,0,0,0,0,0,0,0,29
TXN0005264,2024-03-01T20:18:00,60,M0130,Food,low,C00931,17,3,1151,0.1314,558.1,netbanking,HDFC,464383,20,4,0,0,0,0,1,0,0,0,1,1,0,59
TXN0005265,2024-03-01T17:53:00,60,M0140,Logistics,high,C01310,784,79,24837,0.0081,27033.43,wallet,ICICI,419053,17,4,0,0,0,0,0,0,0,0,0,0,0,60
TXN0005266,2024-03-01T12:02:00,60,M0111,Logistics,low,C00105,83,7,1763,0.0849,22756.31,card,Axis,504658,12,4,0,0,0,1,0,0,0,0,1,1,0,48
TXN0005267,2024-03-01T11:00:00,60,M0000,Logistics,low,C01020,177,15,2185,0.0597,3648.39,card,Kotak,526065,11,4,0,0,0,0,0,0,0,0,0,0,0,18
TXN0005268,2024-03-01T10:44:00,60,M0152,Retail,high,C00990,18,3,1979,0.06,3442.1,upi,HDFC,465237,10,4,0,0,0,0,1,0,0,0,1,1,0,35
TXN0005269,2024-03-01T13:04:00,60,M0023,Services,low,C01037,264,15,2007,0.014,1564.81,netbanking,Canara,471201,13,4,0,0,0,0,0,0,0,0,0,0,0,63
TXN0005270,2024-03-01T20:18:00,60,M0023,Services,low,C01497,264,17,6176,0.0222,3659.6,netbanking,Kotak,432311,20,4,0,0,0,1,0,0,0,0,0,0,0,28
TXN0005271,2024-03-01T16:25:00,60,M0100,Retail,low,C01254,203,9,7566,0.0232,1518.69,card,HDFC,458805,16,4,0,0,0,2,0,0,0,0,0,0,0,57
TXN0005272,2024-03-01T10:21:00,60,M0137,B2B,mid,C00272,20,3,1722,0.0965,42389.56,wallet,SBI,465224,10,4,0,0,0,1,0,0,0,0,1,1,0,61
TXN0005273,2024-03-01T11:29:00,60,M0034,Retail,high,C00524,820,108,23678,0.0222,17862.42,netbanking,HDFC,574160,11,4,0,1,1,1,0,1,0,0,1,1,0,56
TXN0005274,2024-03-01T07:28:00,60,M0035,SaaS,mid,C00186,244,6,5780,0.0759,6491.54,card,PNB,466817,7,4,0,9,0,1,0,0,0,1,0,0,0,41
TXN0005275,2024-03-01T10:26:00,60,M0050,Logistics,high,C00882,253,6,5671,0.095,21131.56,wallet,HDFC,482641,10,4,0,6,0,0,0,0,0,0,0,0,0,50
TXN0005276,2024-03-01T06:28:00,60,M0100,Retail,low,C01157,222,19,5123,0.1224,718.87,netbanking,HDFC,569906,6,4,0,0,0,0,0,0,0,1,0,0,0,25
TXN0005277,2024-03-01T09:45:00,60,M0011,Food,low,C01098,21,2,1988,0.0213,484.34,upi,HDFC,571491,9,4,0,0,0,0,0,0,0,0,0,0,0,19
TXN0005278,2024-03-01T20:16:00,60,M0013,Logistics,high,C00995,165,7,1895,0.1327,8129.48,upi,HDFC,567467,20,4,0,7,0,0,0,0,0,1,0,0,0,43
TXN0005279,2024-03-01T19:44:00,60,M0125,Retail,low,C00644,211,17,6121,0.065,8346.12,netbanking,Kotak,509284,19,4,0,0,0,1,0,0,0,0,0,0,0,40
TXN0005280,2024-03-01T07:52:00,60,M0125,Retail,low,C01149,892,51,7931,0.0336,9070.98,upi,SBI,431283,7,4,0,0,0,1,0,0,0,0,0,0,0,57
TXN0005281,2024-03-01T21:37:00,60,M0106,Services,high,C01489,138,17,6122,0.0641,6546.01,netbanking,Axis,585295,21,4,0,0,0,0,0,0,0,1,0,0,0,36
TXN0005282,2024-03-01T17:33:00,60,M0182,Retail,high,C01481,91,10,7198,0.0378,2329.96,netbanking,HDFC,472470,17,4,0,0,0,0,0,0,0,0,0,0,0,51
TXN0005283,2024-03-01T09:02:00,60,M0108,Food,high,C00425,783,99,24545,0.0148,31529.87,card,Canara,506541,9,4,0,0,0,0,0,0,0,0,1,1,0,30
TXN0005284,2024-03-01T02:08:00,60,M0142,Retail,mid,C00832,105,10,7905,0.0538,4635.75,card,HDFC,453217,2,4,0,0,0,0,0,0,0,0,1,1,0,52
TXN0005285,2024-03-01T07:32:00,60,M0083,B2B,low,C01473,249,18,1175,0.0682,13763.7,upi,Axis,478919,7,4,0,0,0,2,0,0,0,0,1,1,0,14
TXN0005286,2024-03-01T08:11:00,60,M0055,Services,mid,C00150,11,1,908,0.0473,1373.74,netbanking,Yes,573792,8,4,0,0,0,0,0,0,0,0,0,0,1,46
TXN0005287,2024-03-01T15:22:00,60,M0051,Food,low,C00156,171,13,6238,0.025,11916.96,netbanking,PNB,599441,15,4,0,0,0,1,0,0,0,1,0,0,0,39
TXN0005288,2024-03-01T11:55:00,60,M0079,Retail,high,C00337,17,3,855,0.0316,806.48,card,Kotak,486962,11,4,0,0,0,0,0,0,0,0,0,0,1,56
TXN0005289,2024-03-01T13:42:00,60,M0118,Retail,mid,C00756,89,17,3323,0.0739,3447.09,wallet,Kotak,531534,13,4,0,0,0,1,0,0,1,0,1,1,0,52
TXN0005290,2024-03-01T11:07:00,60,M0163,Logistics,high,C01145,19,4,1574,0.0565,13273.44,card,SBI,592086,11,4,0,0,0,0,0,1,0,0,1,1,0,29
TXN0005291,2024-03-01T10:58:00,60,M0107,SaaS,mid,C00445,21,1,696,0.0372,1537.58,wallet,HDFC,505037,10,4,0,0,0,0,0,0,0,0,0,0,0,12
TXN0005292,2024-03-01T10:38:00,60,M0134,Services,low,C01143,141,6,5924,0.2209,6040.3,upi,PNB,481252,10,4,0,0,0,0,0,0,0,0,0,0,0,36
TXN0005293,2024-03-01T06:35:00,60,M0026,Retail,high,C00258,122,15,4080,0.0596,2683.34,wallet,Canara,573027,6,4,0,0,0,0,1,0,0,1,1,1,0,63
TXN0005294,2024-03-01T00:20:00,60,M0075,Retail,mid,C00324,271,6,2761,0.0283,2760.59,netbanking,PNB,590643,0,4,0,1,1,1,0,0,0,0,0,0,0,39
TXN0005295,2024-03-01T05:25:00,60,M0008,Retail,low,C00656,24,3,1063,0.0277,1160.35,card,Canara,407964,5,4,0,0,0,0,0,0,0,0,0,0,0,46
TXN0005296,2024-03-01T09:54:00,60,M0026,Retail,high,C00994,11,4,839,0.0526,1116.27,wallet,Kotak,424146,9,4,0,0,0,1,1,0,0,0,0,1,1,36
TXN0005297,2024-03-01T18:36:00,60,M0050,Logistics,high,C01465,199,13,5560,0.1649,14487.03,wallet,Axis,582749,18,4,0,0,0,1,0,0,0,0,0,0,0,57
TXN0005298,2024-03-01T17:50:00,60,M0008,Retail,low,C00723,133,10,2436,0.1886,1349.51,wallet,SBI,414365,17,4,0,0,0,0,0,0,0,0,0,0,0,59
TXN0005299,2024-03-01T17:33:00,60,M0082,B2B,high,C00821,7,4,1949,0.2503,14621.83,upi,Axis,459579,17,4,0,0,0,0,0,0,0,0,0,0,0,16
TXN0005300,2024-03-01T11:21:00,60,M0183,Retail,mid,C01171,184,7,2722,0.1516,1345.62,wallet,PNB,592982,11,4,0,1,0,0,0,0,0,0,1,1,0,34
TXN0005301,2024-03-01T15:06:00,60,M0047,Logistics,low,C00724,6,3,1676,0.0399,7597.52,wallet,PNB,448174,15,4,0,0,0,0,0,0,0,0,0,0,0,20
TXN0005302,2024-03-01T08:54:00,60,M0151,Food,low,C00304,220,18,4469,0.1126,2899.28,upi,SBI,471418,8,4,0,1,1,3,0,0,0,1,0,0,0,25
TXN0005303,2024-03-01T13:57:00,60,M0058,B2B,low,C00447,952,59,8038,0.0004,19544.16,netbanking,Yes,496600,13,4,0,0,0,1,0,0,0,1,1,1,0,41
TXN0005304,2024-03-01T17:39:00,60,M0172,Food,mid,C00559,119,13,7644,0.0554,4373.69,upi,HDFC,464483,17,4,0,0,0,1,0,0,0,0,0,0,0,28
TXN0005305,2024-03-01T10:04:00,60,M0132,Food,mid,C01294,194,19,3596,0.0608,1631.22,netbanking,Yes,529862,10,4,0,0,0,0,0,0,0,0,0,0,0,66
TXN0005306,2024-03-01T21:09:00,60,M0008,Retail,low,C01009,228,8,7015,0.0619,1412.1,wallet,PNB,402542,21,4,0,0,0,0,1,0,0,0,1,1,0,15
TXN0005307,2024-03-01T11:43:00,60,M0145,SaaS,low,C00368,218,17,1317,0.0644,3037.48,card,Yes,480641,11,4,0,0,0,0,0,0,0,0,0,0,0,24
TXN0005308,2024-03-01T18:37:00,60,M0090,Logistics,mid,C00801,126,10,6631,0.1262,7426.36,card,SBI,577857,18,4,0,0,0,0,0,0,0,0,0,0,0,43
TXN0005309,2024-03-01T09:36:00,60,M0122,Retail,low,C00793,792,118,10745,0.0392,6938.17,netbanking,Canara,459250,9,4,0,0,0,0,0,0,0,0,0,0,0,53
TXN0005310,2024-03-01T20:47:00,60,M0121,Food,low,C00568,142,7,1921,0.1432,7231.96,wallet,Yes,487490,20,4,0,0,0,1,0,0,0,1,0,0,0,67
TXN0005311,2024-03-01T21:06:00,60,M0142,Retail,mid,C01461,180,6,7399,0.092,3862.72,card,HDFC,590733,21,4,0,0,0,0,0,0,0,0,0,0,0,19
TXN0005312,2024-03-01T20:51:00,60,M0179,Services,low,C00559,119,13,7644,0.0554,4930.35,upi,HDFC,439503,20,4,0,0,1,2,0,0,0,1,0,0,0,49
TXN0005313,2024-03-01T16:22:00,60,M0114,Logistics,mid,C00431,101,14,6598,0.0446,9082.64,netbanking,HDFC,476500,16,4,0,0,0,0,0,0,0,0,0,0,0,19
TXN0005314,2024-03-01T10:14:00,60,M0098,Retail,mid,C00396,14,4,1990,0.0986,3617.29,upi,Axis,568114,10,4,0,0,0,1,0,0,0,0,0,0,0,60
TXN0005315,2024-03-01T11:02:00,60,M0082,B2B,high,C00518,19,3,1702,0.1195,42707.42,upi,Axis,548282,11,4,0,0,0,0,0,0,0,1,1,1,0,32
TXN0005316,2024-03-01T19:31:00,60,M0067,Food,mid,C00040,183,19,4568,0.2166,4981.65,wallet,Yes,581451,19,4,0,0,0,1,0,0,0,0,0,0,0,66
TXN0005317,2024-03-01T08:12:00,60,M0005,Logistics,high,C01197,114,5,6492,0.0567,10369.56,card,Canara,593373,8,4,0,0,0,1,0,0,0,1,0,0,0,65
TXN0005318,2024-03-01T06:19:00,60,M0144,Retail,low,C00885,157,13,1745,0.0382,5776.1,card,Kotak,539506,6,4,0,0,0,1,1,0,0,0,1,1,0,67
TXN0005319,2024-03-01T15:03:00,60,M0008,Retail,low,C00845,903,109,7297,0.0375,6776.19,upi,Kotak,575691,15,4,0,0,0,0,0,0,0,1,0,0,0,16
TXN0005320,2024-03-01T08:05:00,60,M0021,SaaS,mid,C00479,950,116,16784,0.0125,6387.14,upi,Axis,425903,8,4,0,0,0,1,0,0,0,1,1,1,0,18
TXN0005321,2024-03-01T08:20:00,60,M0182,Retail,high,C01391,114,20,6475,0.0823,3258.6,upi,SBI,419505,8,4,0,0,0,0,0,0,0,1,0,0,0,36
TXN0005322,2024-03-01T23:37:00,60,M0004,Logistics,low,C01039,730,81,12850,0.0007,4359.58,card,ICICI,496081,23,4,0,0,0,0,0,0,0,0,0,0,0,26
TXN0005323,2024-03-01T19:23:00,60,M0113,Services,high,C00947,734,113,24589,0.037,7022.34,wallet,ICICI,550667,19,4,0,0,0,0,0,0,0,0,0,0,0,27
TXN0005324,2024-03-01T13:33:00,60,M0167,SaaS,low,C00831,205,13,3911,0.051,5293.29,card,HDFC,554485,13,4,0,0,0,1,0,0,0,1,0,0,0,61
TXN0005325,2024-03-01T21:08:00,60,M0145,SaaS,low,C00533,246,5,2907,0.0373,2359.32,card,Axis,555671,21,4,0,0,0,0,0,0,0,1,0,0,0,57
TXN0005326,2024-03-01T14:36:00,60,M0067,Food,mid,C01197,114,5,6492,0.0567,2975.28,netbanking,ICICI,558826,14,4,0,14,1,2,0,0,0,1,0,0,0,64
TXN0005327,2024-03-01T10:28:00,60,M0122,Retail,low,C01280,146,17,1316,0.1056,1170.61,card,SBI,546897,10,4,0,0,0,1,0,0,0,0,0,0,0,42
TXN0005328,2024-03-01T14:01:00,60,M0039,Logistics,mid,C01229,18,1,787,0.1359,4101.4,card,PNB,544006,14,4,0,1,1,1,0,0,0,0,0,0,0,72
TXN0005329,2024-03-01T18:25:00,60,M0027,Services,high,C00592,168,14,6022,0.124,2892.81,netbanking,Yes,493753,18,4,0,0,0,0,0,0,1,1,0,0,0,64
TXN0005330,2024-03-01T07:31:00,60,M0172,Food,mid,C00393,255,7,2060,0.1223,597.61,wallet,Kotak,457831,7,4,0,0,0,1,0,0,0,0,0,0,0,19
TXN0005331,2024-03-01T09:19:00,60,M0179,Services,low,C00760,16,2,1193,0.0457,2964.28,netbanking,Yes,438813,9,4,0,0,0,1,0,0,0,1,0,0,1,64
TXN0005332,2024-03-01T08:30:00,60,M0162,Services,high,C01362,246,18,2751,0.1251,1574.54,netbanking,Canara,513024,8,4,0,1,1,1,0,0,0,0,0,0,0,61
TXN0005333,2024-03-01T07:26:00,60,M0073,SaaS,high,C00906,217,13,6576,0.0693,6584.94,netbanking,Canara,453430,7,4,0,0,0,0,0,0,0,1,0,0,0,15
TXN0005334,2024-03-01T06:36:00,60,M0050,Logistics,high,C01439,994,101,18629,0.0221,18004.35,upi,Axis,515429,6,4,0,0,0,0,0,0,0,0,0,0,0,37
TXN0005335,2024-03-01T11:26:00,60,M0077,Services,high,C00874,90,18,1903,0.0334,3391.81,netbanking,Kotak,559451,11,4,0,0,0,1,0,1,0,0,1,1,0,15
TXN0005336,2024-03-01T11:08:00,60,M0055,Services,mid,C01399,25,1,1736,0.1858,5149.57,card,PNB,421379,11,4,0,0,0,0,0,0,0,0,0,0,0,27
TXN0005337,2024-03-01T19:22:00,60,M0076,Services,high,C00500,105,20,3571,0.0765,8137.67,upi,Canara,596488,19,4,0,0,0,0,0,0,0,0,0,0,0,65
TXN0005338,2024-03-01T21:05:00,60,M0137,B2B,mid,C00414,216,6,1095,0.0964,43052.6,wallet,PNB,569533,21,4,0,0,0,0,0,0,0,0,0,1,0,62
TXN0005339,2024-03-01T13:32:00,60,M0080,Logistics,low,C00056,14,4,645,0.1133,6287.03,card,Kotak,470334,13,4,0,6,0,2,0,0,0,0,0,0,1,25
TXN0005340,2024-03-01T18:28:00,60,M0135,Retail,low,C00633,76,20,1924,0.0829,3711.99,wallet,ICICI,467308,18,4,0,0,0,0,1,1,1,0,1,1,0,48
TXN0005341,2024-03-01T08:48:00,60,M0158,Retail,low,C00740,151,10,1433,0.0615,1050.57,card,Yes,498291,8,4,0,0,0,0,0,0,0,1,0,0,0,23
TXN0005342,2024-03-01T19:30:00,60,M0102,Retail,high,C01475,230,11,7307,0.1466,9748.27,card,PNB,582900,19,4,0,13,0,0,0,0,0,0,0,0,1,47
TXN0005343,2024-03-02T20:50:00,61,M0055,Services,mid,C01102,18,2,502,0.0708,1053.1,card,Yes,546623,20,5,1,0,0,0,0,0,0,0,0,0,1,24
TXN0005344,2024-03-02T00:29:00,61,M0002,B2B,low,C00962,162,11,4249,0.0132,14698.42,card,PNB,514040,0,5,1,0,0,0,1,0,0,0,0,1,1,55
TXN0005345,2024-03-02T15:21:00,61,M0146,Food,mid,C00049,879,66,23901,0.0391,6436.46,upi,SBI,480945,15,5,1,0,0,0,0,0,0,1,0,0,0,46
TXN0005346,2024-03-02T16:52:00,61,M0178,Logistics,low,C01045,242,16,5617,0.1198,11185.52,upi,ICICI,507488,16,5,1,0,0,0,0,0,0,0,0,0,0,17
TXN0005347,2024-03-02T18:47:00,61,M0023,Services,low,C00229,11,1,1480,0.1655,1854.67,netbanking,ICICI,421081,18,5,1,7,0,0,0,0,0,1,0,0,1,37
TXN0005348,2024-03-02T12:03:00,61,M0099,B2B,low,C00963,178,20,4779,0.0258,38888.35,wallet,ICICI,400353,12,5,1,0,0,1,0,0,0,0,1,1,0,28
TXN0005349,2024-03-02T13:22:00,61,M0147,SaaS,mid,C00519,12,3,1935,0.1677,2502.75,card,ICICI,476179,13,5,1,0,0,2,0,0,0,1,0,0,0,43
TXN0005350,2024-03-02T22:35:00,61,M0182,Retail,high,C01123,182,15,6346,0.1537,9831.57,card,Axis,439565,22,5,1,0,0,0,0,0,0,1,0,0,0,34
TXN0005351,2024-03-02T09:45:00,61,M0107,SaaS,mid,C00403,20,3,980,0.0023,666.74,card,HDFC,540794,9,5,1,0,0,0,0,0,0,0,0,0,0,45
TXN0005352,2024-03-02T16:46:00,61,M0038,B2B,mid,C01274,81,6,3286,0.0105,24620.49,wallet,Canara,518931,16,5,1,0,0,0,0,0,0,1,0,0,0,19
TXN0005353,2024-03-02T10:30:00,61,M0127,Food,low,C00309,5,3,1379,0.0467,1199.76,card,Kotak,474975,10,5,1,0,0,0,0,0,0,1,0,0,0,17
TXN0005354,2024-03-02T12:49:00,61,M0150,Retail,mid,C00709,766,99,13908,0.0162,8517.17,card,Kotak,490756,12,5,1,0,0,0,0,0,0,1,0,0,0,68
TXN0005355,2024-03-02T10:24:00,61,M0146,Food,mid,C01241,62,14,1279,0.1155,936.6,upi,Yes,554081,10,5,1,0,0,0,0,0,0,0,0,0,0,61
TXN0005356,2024-03-02T13:24:00,61,M0065,B2B,high,C00603,212,10,4730,0.2417,25268.23,upi,PNB,462953,13,5,1,0,0,0,0,0,0,0,0,0,0,52
TXN0005357,2024-03-02T15:34:00,61,M0191,Logistics,high,C00387,8,4,762,0.1501,9856.33,wallet,Axis,419106,15,5,1,0,0,0,0,0,0,1,0,0,1,25
TXN0005358,2024-03-02T11:54:00,61,M0102,Retail,high,C00669,871,104,24875,0.0307,17890.74,wallet,PNB,489711,11,5,1,0,0,0,0,0,0,0,1,1,0,70
TXN0005359,2024-03-02T12:41:00,61,M0116,Services,low,C00438,15,4,1953,0.1344,2659.42,wallet,Yes,450801,12,5,1,0,0,0,0,0,0,1,1,1,0,49
TXN0005360,2024-03-02T18:41:00,61,M0020,B2B,low,C00306,139,18,6979,0.0673,31851.32,upi,Kotak,497157,18,5,1,0,0,0,0,0,0,1,0,0,0,12
TXN0005361,2024-03-02T22:01:00,61,M0031,Food,mid,C01432,91,8,2195,0.2033,987.04,card,Canara,563761,22,5,1,0,0,0,0,0,0,1,0,0,0,16
TXN0005362,2024-03-02T18:15:00,61,M0012,Food,low,C01297,214,12,4677,0.1462,7602.6,wallet,Yes,575877,18,5,1,0,0,0,0,0,0,1,0,0,0,39
TXN0005363,2024-03-02T17:31:00,61,M0058,B2B,low,C01307,948,86,13577,0.0086,47386.71,card,Axis,473602,17,5,1,0,0,0,0,0,0,0,1,1,0,25
TXN0005364,2024-03-02T19:50:00,61,M0045,Food,high,C00427,24,3,1936,0.0865,1418.93,wallet,SBI,482496,19,5,1,11,0,0,0,0,0,0,0,0,0,27
TXN0005365,2024-03-02T22:21:00,61,M0060,Services,high,C01139,12,1,816,0.0541,1926.55,card,Axis,473190,22,5,1,9,0,0,0,0,0,1,0,0,1,33
TXN0005366,2024-03-02T15:27:00,61,M0127,Food,low,C01136,979,55,14910,0.0392,7599.26,card,Axis,493933,15,5,1,0,0,1,0,0,0,0,0,0,0,36
TXN0005367,2024-03-02T15:01:00,61,M0116,Services,low,C00594,111,19,1738,0.0355,2287.44,upi,Axis,501977,15,5,1,0,0,1,0,0,0,0,1,1,0,17
TXN0005368,2024-03-02T06:41:00,61,M0182,Retail,high,C00241,746,61,16280,0.0092,31601.8,netbanking,Kotak,567862,6,5,1,0,0,0,0,0,0,0,0,0,0,13
TXN0005369,2024-03-02T09:20:00,61,M0081,Logistics,high,C00197,15,4,705,0.0837,5178.06,upi,Axis,451419,9,5,1,0,0,0,0,0,0,0,0,0,0,45
TXN0005370,2024-03-02T10:00:00,61,M0040,SaaS,mid,C00613,294,20,7531,0.0191,3113.63,upi,ICICI,457035,10,5,1,0,0,0,0,0,0,0,0,0,0,27
TXN0005371,2024-03-02T12:28:00,61,M0013,Logistics,high,C01101,22,3,1785,0.1531,20376.2,card,Kotak,509929,12,5,1,0,0,0,0,0,0,0,0,0,1,65
TXN0005372,2024-03-02T09:19:00,61,M0156,Services,mid,C00652,73,15,5382,0.1701,4265.85,upi,ICICI,401364,9,5,1,0,0,0,0,0,0,1,0,0,0,19
TXN0005373,2024-03-02T21:06:00,61,M0096,Food,mid,C00078,122,18,5636,0.166,5287.02,wallet,Canara,441586,21,5,1,0,0,0,0,0,0,0,0,0,0,15
TXN0005374,2024-03-02T11:12:00,61,M0010,SaaS,high,C00348,244,5,1394,0.0422,489.19,wallet,Kotak,590895,11,5,1,0,0,0,0,0,0,0,0,0,0,34
TXN0005375,2024-03-02T07:26:00,61,M0099,B2B,low,C00889,6,3,1451,0.1657,31932.44,netbanking,ICICI,423214,7,5,1,0,0,0,1,0,0,0,1,1,0,45
TXN0005376,2024-03-02T20:58:00,61,M0122,Retail,low,C01233,239,11,5229,0.0346,3273.72,wallet,PNB,529422,20,5,1,0,0,0,0,0,0,0,0,0,0,38
TXN0005377,2024-03-02T13:05:00,61,M0051,Food,low,C01376,15,4,962,0.0503,2395.91,card,ICICI,427432,13,5,1,0,0,1,0,0,0,0,0,0,1,13
TXN0005378,2024-03-02T08:30:00,61,M0057,Food,high,C00531,823,67,12489,0.0024,5079.35,card,Canara,501869,8,5,1,0,0,0,0,0,0,0,0,0,0,32
TXN0005379,2024-03-02T00:16:00,61,M0164,Logistics,high,C01377,16,3,1214,0.1358,7503.31,card,Yes,520888,0,5,1,0,0,1,0,0,0,0,0,0,1,46
TXN0005380,2024-03-02T17:02:00,61,M0143,Logistics,mid,C01293,247,18,5415,0.1497,7375.59,wallet,Axis,527274,17,5,1,0,0,0,0,0,0,1,0,0,0,49
TXN0005381,2024-03-02T14:01:00,61,M0090,Logistics,mid,C00025,771,67,7942,0.0048,8000.51,netbanking,Yes,456281,14,5,1,0,0,1,0,0,0,0,0,0,0,12
TXN0005382,2024-03-02T11:54:00,61,M0009,Retail,low,C01295,16,2,1433,0.053,1669.15,upi,Canara,508455,11,5,1,0,0,0,0,0,0,1,0,0,1,17
TXN0005383,2024-03-02T07:05:00,61,M0133,SaaS,mid,C01289,145,18,6341,0.0789,1417.28,netbanking,Kotak,535673,7,5,1,0,0,0,0,0,0,0,0,0,0,62
TXN0005384,2024-03-02T05:28:00,61,M0135,Retail,low,C00868,196,12,3869,0.046,3392.34,wallet,ICICI,479097,5,5,1,0,0,0,0,0,0,0,1,1,0,61
TXN0005385,2024-03-02T07:29:00,61,M0114,Logistics,mid,C00594,111,19,1738,0.0355,4074.95,upi,PNB,572037,7,5,1,1,1,2,0,0,0,0,0,0,0,53
TXN0005386,2024-03-02T21:30:00,61,M0127,Food,low,C01492,24,1,1137,0.1009,659.78,netbanking,Canara,570233,21,5,1,0,0,0,0,0,0,0,0,0,0,64
TXN0005387,2024-03-02T08:32:00,61,M0085,SaaS,mid,C00545,130,10,1564,0.0778,2572.89,card,PNB,532381,8,5,1,0,0,0,0,0,0,0,0,0,0,12
TXN0005388,2024-03-02T17:05:00,61,M0083,B2B,low,C00575,241,8,3584,0.1231,31443.13,card,Yes,421410,17,5,1,0,0,0,0,0,0,1,0,0,0,23
TXN0005389,2024-03-02T18:11:00,61,M0135,Retail,low,C00409,6,2,712,0.0617,1159.6,wallet,ICICI,478662,18,5,1,0,0,2,0,0,0,1,0,0,0,42
TXN0005390,2024-03-02T01:25:00,61,M0010,SaaS,high,C00641,110,11,6582,0.129,1889.0,upi,Axis,514467,1,5,1,0,0,0,0,0,0,0,1,1,0,15
TXN0005391,2024-03-02T13:30:00,61,M0074,Services,high,C01293,247,18,5415,0.1497,4632.12,wallet,Canara,435814,13,5,1,1,1,1,0,0,0,0,0,0,1,48
TXN0005392,2024-03-02T13:28:00,61,M0134,Services,low,C00632,930,73,24796,0.0066,20736.54,upi,Axis,515784,13,5,1,0,0,0,0,0,0,0,0,0,0,50
TXN0005393,2024-03-02T10:07:00,61,M0122,Retail,low,C00923,237,15,7979,0.1001,6925.57,upi,Axis,582511,10,5,1,0,0,1,0,0,0,0,0,0,0,49
TXN0005394,2024-03-02T09:21:00,61,M0027,Services,high,C01171,184,7,2722,0.1516,5407.2,netbanking,PNB,424067,9,5,1,0,1,1,0,0,0,0,0,0,1,49
TXN0005395,2024-03-02T13:48:00,61,M0027,Services,high,C01002,254,13,4980,0.0896,2668.45,netbanking,HDFC,486973,13,5,1,0,0,0,0,0,0,0,0,0,0,70
TXN0005396,2024-03-02T16:31:00,61,M0138,Services,mid,C00634,92,8,4323,0.2108,6709.85,card,PNB,578050,16,5,1,0,0,0,0,0,0,1,0,0,0,39
TXN0005397,2024-03-02T19:12:00,61,M0137,B2B,mid,C01414,212,15,5435,0.0786,37516.16,card,PNB,515381,19,5,1,0,0,2,1,0,0,0,1,1,0,41
TXN0005398,2024-03-02T19:37:00,61,M0152,Retail,high,C00991,17,4,1005,0.172,1348.68,netbanking,SBI,517959,19,5,1,0,0,0,0,1,0,0,1,1,0,36
TXN0005399,2024-03-02T09:16:00,61,M0058,B2B,low,C00651,21,1,1571,0.0791,15586.02,netbanking,SBI,401813,9,5,1,0,0,1,0,0,0,0,0,0,1,56
TXN0005400,2024-03-02T13:23:00,61,M0102,Retail,high,C00221,849,90,21922,0.0167,6352.04,upi,Canara,472236,13,5,1,0,0,1,0,0,0,1,0,0,0,54
TXN0005401,2024-03-02T21:17:00,61,M0071,Retail,low,C01282,19,1,1400,0.0645,1758.43,upi,SBI,521687,21,5,1,0,0,1,0,0,0,0,0,0,0,45
TXN0005402,2024-03-02T16:38:00,61,M0063,SaaS,high,C00461,24,1,1074,0.0982,714.26,card,Yes,503922,16,5,1,0,0,1,0,0,0,0,0,0,1,50
TXN0005403,2024-03-02T17:25:00,61,M0091,Logistics,high,C00669,871,104,24875,0.0307,16744.22,netbanking,Kotak,497441,17,5,1,0,1,1,0,0,0,0,0,0,0,40
TXN0005404,2024-03-02T07:15:00,61,M0169,Food,low,C01009,228,8,7015,0.0619,1535.05,card,PNB,401839,7,5,1,0,1,1,0,0,0,0,0,0,0,65
TXN0005405,2024-03-02T08:50:00,61,M0087,Logistics,mid,C00768,814,112,17112,0.0026,37453.05,upi,PNB,583093,8,5,1,0,0,1,0,0,0,1,1,1,0,62
TXN0005406,2024-03-02T20:19:00,61,M0078,B2B,high,C00203,225,13,6886,0.0333,23221.91,netbanking,Canara,506064,20,5,1,0,0,1,0,0,0,1,1,1,0,23
TXN0005407,2024-03-02T08:31:00,61,M0043,Logistics,high,C00062,23,4,1800,0.1931,4950.56,netbanking,Canara,590945,8,5,1,0,0,0,1,0,0,1,1,1,0,13
TXN0005408,2024-03-02T12:37:00,61,M0094,SaaS,high,C01306,119,14,5041,0.0461,20564.54,card,Canara,403300,12,5,1,0,0,0,0,0,0,0,0,0,0,53
TXN0005409,2024-03-02T09:19:00,61,M0057,Food,high,C01054,25,1,1125,0.0641,915.98,netbanking,Canara,561938,9,5,1,0,0,0,0,0,0,1,0,0,1,15
TXN0005410,2024-03-02T19:38:00,61,M0161,Services,mid,C00060,7,2,1880,0.1375,2155.19,wallet,PNB,423447,19,5,1,0,0,0,0,0,0,0,0,0,1,66
TXN0005411,2024-03-02T13:11:00,61,M0109,Services,low,C00487,101,8,2756,0.0754,2464.7,upi,Axis,443633,13,5,1,0,0,0,0,0,0,0,1,1,0,43
TXN0005412,2024-03-02T18:52:00,61,M0181,Food,high,C00748,7,4,1914,0.0105,1196.15,wallet,PNB,490506,18,5,1,12,0,1,0,0,0,0,0,0,0,68
TXN0005413,2024-03-02T22:41:00,61,M0178,Logistics,low,C00441,144,16,3404,0.0449,9292.53,netbanking,Kotak,453261,22,5,1,0,0,0,0,1,0,0,1,1,0,21
TXN0005414,2024-03-02T12:11:00,61,M0099,B2B,low,C01242,801,109,18019,0.0054,78842.37,wallet,PNB,438184,12,5,1,0,0,1,0,0,0,1,1,1,0,16
TXN0005415,2024-03-02T10:16:00,61,M0049,Services,mid,C00625,9,2,1060,0.0287,1109.0,netbanking,Axis,517932,10,5,1,0,0,1,1,0,0,0,0,1,0,19
TXN0005416,2024-03-02T10:53:00,61,M0019,Services,mid,C00825,20,4,1135,0.0724,6124.17,card,PNB,575136,10,5,1,0,0,0,0,0,0,0,0,0,1,46
TXN0005417,2024-03-02T07:00:00,61,M0009,Retail,low,C00716,763,74,18003,0.0019,5533.87,upi,HDFC,413321,7,5,1,0,0,0,0,0,0,1,0,0,0,25
TXN0005418,2024-03-02T23:39:00,61,M0041,B2B,low,C01120,962,120,11455,0.0479,15622.84,card,Yes,508387,23,5,1,11,0,0,0,0,0,0,0,0,0,56
TXN0005419,2024-03-02T07:13:00,61,M0173,Food,high,C01049,239,14,5518,0.0835,2361.58,netbanking,PNB,557147,7,5,1,0,0,1,0,0,0,0,0,0,0,39
TXN0005420,2024-03-02T00:19:00,61,M0159,Services,low,C01358,90,12,5588,0.0634,4771.9,card,HDFC,474274,0,5,1,0,0,0,0,1,0,0,1,1,0,21
TXN0005421,2024-03-02T14:08:00,61,M0179,Services,low,C00170,24,3,1654,0.0234,5441.77,wallet,ICICI,592259,14,5,1,0,0,0,0,0,0,0,0,0,0,60
TXN0005422,2024-03-02T06:27:00,61,M0020,B2B,low,C00940,81,14,7902,0.1297,27861.91,wallet,Kotak,409340,6,5,1,0,0,0,0,0,0,1,1,1,0,54
TXN0005423,2024-03-02T08:57:00,61,M0022,Retail,low,C00174,247,16,4266,0.0312,4269.34,wallet,Yes,489509,8,5,1,0,0,1,0,0,0,0,0,0,0,20
TXN0005424,2024-03-02T17:27:00,61,M0006,Food,low,C01322,135,8,2793,0.0247,1504.11,netbanking,PNB,425021,17,5,1,0,0,0,0,0,0,0,1,1,0,39
TXN0005425,2024-03-02T14:28:00,61,M0023,Services,low,C00245,79,14,2330,0.0808,10259.8,netbanking,HDFC,447534,14,5,1,0,0,0,0,0,0,0,0,0,0,63
TXN0005426,2024-03-02T15:25:00,61,M0070,Services,low,C00769,20,4,1474,0.1538,2348.49,netbanking,Kotak,583738,15,5,1,0,0,0,0,0,0,1,0,0,0,16
TXN0005427,2024-03-02T09:01:00,61,M0163,Logistics,high,C00196,24,2,996,0.022,10135.11,upi,Canara,578471,9,5,1,0,0,2,0,0,0,0,1,1,0,46
TXN0005428,2024-03-03T21:52:00,62,M0014,Logistics,high,C00045,17,2,1127,0.1252,5873.4,netbanking,ICICI,450063,21,6,1,0,0,0,0,0,0,0,0,0,1,34
TXN0005429,2024-03-03T23:08:00,62,M0108,Food,high,C00128,262,15,1539,0.0667,2356.29,netbanking,Kotak,430054,23,6,1,7,0,0,0,0,0,0,0,0,0,48
TXN0005430,2024-03-03T00:28:00,62,M0017,B2B,low,C00186,244,6,5780,0.0759,14727.86,card,SBI,578312,0,6,1,0,0,2,0,0,0,1,1,1,0,35
TXN0005431,2024-03-03T08:52:00,62,M0195,Food,high,C00236,165,9,7902,0.1522,7503.36,upi,HDFC,511753,8,6,1,0,0,1,0,0,0,0,0,0,0,19
TXN0005432,2024-03-03T18:48:00,62,M0041,B2B,low,C00308,260,13,2367,0.0514,52791.38,netbanking,Canara,514713,18,6,1,0,0,0,0,0,0,0,1,1,0,48
TXN0005433,2024-03-03T11:52:00,62,M0124,Retail,low,C00265,207,12,4651,0.0618,2177.15,netbanking,Canara,579612,11,6,1,0,0,1,0,0,0,1,0,0,1,70
TXN0005434,2024-03-03T17:20:00,62,M0050,Logistics,high,C00605,13,3,1579,0.0919,19593.01,upi,Axis,519771,17,6,1,9,0,0,0,0,0,0,0,0,0,40
TXN0005435,2024-03-03T19:25:00,62,M0136,Logistics,mid,C00243,1000,55,10528,0.0039,17697.71,upi,ICICI,477625,19,6,1,0,0,0,0,0,0,0,0,0,0,19
TXN0005436,2024-03-03T01:14:00,62,M0064,Food,high,C00253,122,10,6614,0.0795,4462.3,upi,Canara,561653,1,6,1,0,0,0,0,0,0,0,1,1,0,66
TXN0005437,2024-03-03T15:39:00,62,M0102,Retail,high,C00264,25,4,1179,0.0072,1902.97,upi,Kotak,526736,15,6,1,0,0,1,0,0,0,0,0,0,0,12
TXN0005438,2024-03-03T13:15:00,62,M0111,Logistics,low,C00893,19,3,1837,0.1197,7603.17,netbanking,Yes,516146,13,6,1,0,0,0,0,0,0,0,0,0,0,50
TXN0005439,2024-03-03T17:43:00,62,M0063,SaaS,high,C00816,19,4,737,0.0138,1115.39,upi,Kotak,585790,17,6,1,0,0,0,1,0,0,0,1,1,0,27
TXN0005440,2024-03-03T10:31:00,62,M0018,SaaS,high,C00130,930,66,22498,0.0304,4289.35,card,Yes,409658,10,6,1,14,0,0,0,0,0,0,0,0,0,32
TXN0005441,2024-03-03T14:37:00,62,M0167,SaaS,low,C01459,135,16,1193,0.0681,428.42,netbanking,HDFC,552615,14,6,1,1,0,1,0,0,0,0,1,1,0,36
TXN0005442,2024-03-03T21:27:00,62,M0035,SaaS,mid,C00354,246,13,6411,0.0854,1882.8,netbanking,Kotak,407611,21,6,1,0,0,0,0,0,0,0,0,0,0,20
TXN0005443,2024-03-03T18:54:00,62,M0051,Food,low,C00977,20,3,913,0.0585,627.65,card,Axis,420747,18,6,1,0,0,1,0,0,0,0,0,0,0,69
TXN0005444,2024-03-03T10:50:00,62,M0018,SaaS,high,C00484,126,18,5625,0.0606,2928.43,wallet,HDFC,546986,10,6,1,0,0,1,0,0,0,0,0,0,0,40
TXN0005445,2024-03-03T19:49:00,62,M0018,SaaS,high,C00838,827,61,12860,0.0338,4773.56,card,Yes,487711,19,6,1,0,0,0,0,0,0,0,0,0,0,47
TXN0005446,2024-03-03T22:34:00,62,M0020,B2B,low,C00620,957,114,3817,0.0332,14854.15,netbanking,Yes,498745,22,6,1,0,0,1,0,0,0,0,1,1,0,58
TXN0005447,2024-03-03T12:09:00,62,M0134,Services,low,C01498,12,2,1312,0.0618,679.06,upi,ICICI,441234,12,6,1,0,0,0,0,0,0,0,0,0,0,44
TXN0005448,2024-03-03T09:52:00,62,M0145,SaaS,low,C00676,205,16,3731,0.1246,2084.28,wallet,HDFC,406435,9,6,1,0,0,1,0,0,0,0,0,0,0,70
TXN0005449,2024-03-03T20:41:00,62,M0066,Food,mid,C00837,837,111,24254,0.0035,7024.82,netbanking,HDFC,450657,20,6,1,0,0,0,1,0,0,1,1,1,0,38
TXN0005450,2024-03-03T20:44:00,62,M0035,SaaS,mid,C00231,970,90,9656,0.0095,3213.59,card,Canara,471674,20,6,1,0,0,0,0,0,0,0,0,0,0,57
TXN0005451,2024-03-03T22:03:00,62,M0026,Retail,high,C00026,18,3,1611,0.0667,2063.04,upi,ICICI,439694,22,6,1,0,0,0,0,0,0,0,0,0,0,63
TXN0005452,2024-03-03T09:13:00,62,M0032,Food,low,C00014,91,14,5154,0.0628,4837.99,netbanking,Canara,471089,9,6,1,0,0,0,0,0,0,1,0,0,0,59
TXN0005453,2024-03-03T07:15:00,62,M0008,Retail,low,C00872,172,20,6994,0.0301,5290.01,wallet,HDFC,494962,7,6,1,0,0,0,1,0,0,0,1,1,0,71
TXN0005454,2024-03-03T19:49:00,62,M0057,Food,high,C01485,738,85,24212,0.0582,19063.29,netbanking,Axis,518529,19,6,1,0,0,1,0,0,0,0,0,0,0,68
TXN0005455,2024-03-03T17:42:00,62,M0127,Food,low,C00583,15,2,1989,0.0074,1159.07,netbanking,Axis,588937,17,6,1,0,0,1,0,0,0,0,0,0,1,16
TXN0005456,2024-03-03T09:42:00,62,M0124,Retail,low,C01366,185,10,4878,0.1548,952.44,card,HDFC,423222,9,6,1,0,0,1,0,0,0,0,0,0,0,67
TXN0005457,2024-03-03T17:40:00,62,M0135,Retail,low,C00101,290,7,3638,0.1309,4083.22,card,HDFC,477361,17,6,1,0,0,1,0,0,0,0,0,0,0,19
TXN0005458,2024-03-03T18:06:00,62,M0119,Retail,high,C01068,259,17,5111,0.1204,3544.04,wallet,Axis,430747,18,6,1,0,0,0,0,0,0,0,0,0,0,24
TXN0005459,2024-03-03T13:16:00,62,M0179,Services,low,C00402,21,2,1233,0.2154,1930.94,upi,SBI,589212,13,6,1,0,0,0,0,0,0,1,0,0,0,72
TXN0005460,2024-03-03T19:25:00,62,M0104,Food,low,C01103,926,64,19115,0.0046,16357.45,upi,PNB,479333,19,6,1,0,0,0,0,0,0,1,1,1,0,64
TXN0005461,2024-03-03T18:31:00,62,M0107,SaaS,mid,C01266,71,5,6896,0.0768,1453.15,wallet,Yes,404562,18,6,1,0,0,0,0,0,0,1,0,0,0,65
TXN0005462,2024-03-03T09:56:00,62,M0121,Food,low,C00236,165,9,7902,0.1522,3467.76,card,SBI,466911,9,6,1,0,1,2,1,0,0,0,1,1,0,18
TXN0005463,2024-03-03T07:11:00,62,M0100,Retail,low,C01296,939,96,5611,0.0086,2784.63,netbanking,Axis,441347,7,6,1,0,0,0,0,0,0,0,0,0,0,24
TXN0005464,2024-03-03T21:28:00,62,M0070,Services,low,C00713,837,78,13500,0.0095,18316.46,wallet,Canara,434692,21,6,1,11,0,0,0,0,0,0,0,0,0,31
TXN0005465,2024-03-03T22:39:00,62,M0152,Retail,high,C01141,8,4,1387,0.0482,4193.66,card,Canara,404059,22,6,1,0,0,0,0,0,0,0,0,0,1,68
TXN0005466,2024-03-03T20:30:00,62,M0131,Logistics,high,C00938,118,6,4811,0.096,17153.65,card,Canara,590057,20,6,1,0,0,1,0,0,0,0,0,0,0,27
TXN0005467,2024-03-03T17:30:00,62,M0103,Services,low,C00153,187,16,7531,0.082,13876.24,upi,ICICI,404368,17,6,1,0,0,1,0,0,0,1,0,0,0,55
TXN0005468,2024-03-03T11:30:00,62,M0004,Logistics,low,C00223,948,113,4536,0.0514,6640.32,wallet,PNB,531693,11,6,1,0,0,0,0,0,0,0,0,0,0,67
TXN0005469,2024-03-03T12:27:00,62,M0080,Logistics,low,C01238,107,9,7705,0.1555,6548.57,netbanking,SBI,572372,12,6,1,0,0,0,1,0,0,1,1,1,0,31
TXN0005470,2024-03-03T02:22:00,62,M0103,Services,low,C01418,16,4,1350,0.0837,6876.67,card,PNB,449216,2,6,1,0,0,1,0,0,0,0,0,0,1,17
TXN0005471,2024-03-03T21:15:00,62,M0098,Retail,mid,C00267,149,14,3810,0.0835,3805.38,netbanking,Canara,457930,21,6,1,0,0,0,0,0,0,0,0,0,0,28
TXN0005472,2024-03-03T12:11:00,62,M0091,Logistics,high,C01423,8,4,1688,0.1325,17428.6,card,Yes,595818,12,6,1,12,0,0,0,0,0,0,0,0,0,14
TXN0005473,2024-03-03T14:40:00,62,M0055,Services,mid,C00743,196,16,7744,0.0398,2888.85,card,PNB,482972,14,6,1,0,0,0,0,0,0,0,0,0,0,62
TXN0005474,2024-03-03T08:07:00,62,M0138,Services,mid,C00894,209,14,1372,0.0327,1262.04,card,ICICI,453038,8,6,1,0,0,1,0,0,0,1,0,0,0,71
TXN0005475,2024-03-03T12:49:00,62,M0010,SaaS,high,C01042,11,2,1733,0.1162,849.91,upi,Yes,517623,12,6,1,13,0,0,0,0,0,1,0,0,0,43
TXN0005476,2024-03-03T19:25:00,62,M0000,Logistics,low,C01039,730,81,12850,0.0007,14132.99,upi,ICICI,497152,19,6,1,0,0,1,0,0,0,1,1,1,0,23
TXN0005477,2024-03-03T00:05:00,62,M0131,Logistics,high,C00492,12,1,822,0.0267,5931.41,wallet,Axis,491883,0,6,1,0,0,0,0,0,0,0,0,0,0,51
TXN0005478,2024-03-03T14:19:00,62,M0120,Food,low,C00962,162,11,4249,0.0132,1875.32,card,Axis,554802,14,6,1,0,0,1,0,0,0,0,0,0,0,53
TXN0005479,2024-03-03T14:12:00,62,M0062,B2B,low,C01489,138,17,6122,0.0641,64948.52,upi,PNB,481419,14,6,1,0,0,1,0,0,0,0,1,1,0,13
TXN0005480,2024-03-03T08:17:00,62,M0069,SaaS,high,C00736,885,113,21326,0.0296,8194.27,card,Axis,556805,8,6,1,0,0,1,0,0,1,0,0,0,0,45
TXN0005481,2024-03-03T07:07:00,62,M0127,Food,low,C01288,155,18,1584,0.1572,951.66,upi,Canara,524564,7,6,1,0,0,3,0,0,0,0,0,0,0,56
TXN0005482,2024-03-03T18:19:00,62,M0113,Services,high,C00255,186,11,4750,0.0264,3355.53,upi,ICICI,586852,18,6,1,0,0,0,0,0,0,0,0,0,0,32
TXN0005483,2024-03-03T22:00:00,62,M0033,Logistics,low,C00057,299,11,4482,0.0391,9888.21,card,ICICI,431011,22,6,1,0,0,0,0,0,0,0,0,0,0,48
TXN0005484,2024-03-03T18:25:00,62,M0144,Retail,low,C00495,18,1,1644,0.0142,2365.47,wallet,Axis,583132,18,6,1,0,0,0,1,0,0,0,1,1,0,57
TXN0005485,2024-03-03T14:12:00,62,M0035,SaaS,mid,C00651,21,1,1571,0.0791,3315.75,wallet,Canara,564258,14,6,1,0,0,1,0,0,0,0,0,0,0,39
TXN0005486,2024-03-03T09:35:00,62,M0131,Logistics,high,C00537,11,4,1296,0.1487,18464.54,card,ICICI,460063,9,6,1,0,0,0,0,0,0,1,0,0,1,45
TXN0005487,2024-03-03T01:57:00,62,M0141,Logistics,low,C01024,136,10,1176,0.0902,14054.31,wallet,Kotak,583764,1,6,1,0,0,0,0,0,0,0,1,1,0,69
TXN0005488,2024-03-03T16:52:00,62,M0044,Logistics,low,C00952,62,10,3676,0.0357,6826.41,netbanking,Kotak,532872,16,6,1,0,0,1,0,0,0,0,0,0,0,16
TXN0005489,2024-03-03T19:53:00,62,M0180,Food,low,C00632,930,73,24796,0.0066,18562.59,card,SBI,466252,19,6,1,0,0,1,0,0,0,0,0,0,0,47
TXN0005490,2024-03-03T11:12:00,62,M0111,Logistics,low,C01190,14,4,1510,0.2709,17632.7,card,ICICI,562411,11,6,1,0,0,1,0,0,0,1,0,0,1,18
TXN0005491,2024-03-03T14:41:00,62,M0105,SaaS,high,C00721,195,19,4751,0.0478,2201.65,upi,HDFC,416852,14,6,1,0,0,0,0,0,0,1,0,0,0,28
TXN0005492,2024-03-03T19:32:00,62,M0109,Services,low,C00693,198,12,4802,0.19,1447.44,upi,Kotak,473499,19,6,1,0,0,0,0,0,0,0,0,0,0,71
TXN0005493,2024-03-03T01:04:00,62,M0014,Logistics,high,C00304,220,18,4469,0.1126,1201.23,upi,Canara,474772,1,6,1,0,0,4,0,0,1,1,1,1,0,26
TXN0005494,2024-03-03T11:31:00,62,M0108,Food,high,C01301,159,18,3902,0.0381,3817.73,upi,PNB,473986,11,6,1,0,0,0,0,0,0,0,0,0,0,70
TXN0005495,2024-03-03T08:08:00,62,M0135,Retail,low,C00129,806,92,5670,0.0205,4730.88,wallet,Kotak,555868,8,6,1,0,0,1,0,0,0,0,0,0,0,72
TXN0005496,2024-03-03T08:36:00,62,M0187,SaaS,high,C00859,229,9,5706,0.017,4747.85,upi,ICICI,428679,8,6,1,0,0,0,0,0,0,0,0,0,0,63
TXN0005497,2024-03-03T15:27:00,62,M0129,Services,low,C00604,289,17,7719,0.0208,7312.47,upi,PNB,422268,15,6,1,0,0,0,0,0,0,1,0,0,0,66
TXN0005498,2024-03-03T12:28:00,62,M0005,Logistics,high,C00653,167,16,7539,0.0503,27055.79,upi,HDFC,511124,12,6,1,8,0,0,0,0,0,0,0,0,0,28
TXN0005499,2024-03-03T09:45:00,62,M0177,Food,low,C01118,9,3,1462,0.0622,555.85,wallet,SBI,448614,9,6,1,0,0,0,0,0,0,1,0,0,0,20
TXN0005500,2024-03-03T18:47:00,62,M0102,Retail,high,C00197,15,4,705,0.0837,1814.61,upi,HDFC,530851,18,6,1,0,0,1,0,0,0,0,0,0,1,58
TXN0005501,2024-03-03T15:04:00,62,M0157,SaaS,mid,C00986,197,9,5528,0.1525,4390.62,netbanking,Canara,547079,15,6,1,0,0,0,0,0,0,1,0,0,0,14
TXN0005502,2024-03-03T18:33:00,62,M0115,Services,high,C00605,13,3,1579,0.0919,1930.7,upi,Kotak,535838,18,6,1,0,1,1,0,0,0,0,0,0,1,26
TXN0005503,2024-03-03T21:51:00,62,M0182,Retail,high,C01122,116,17,2504,0.1846,1654.14,wallet,Canara,523562,21,6,1,0,0,1,0,0,0,0,0,0,0,22
TXN0005504,2024-03-03T08:35:00,62,M0006,Food,low,C00291,19,1,1376,0.0577,1135.04,wallet,Canara,410712,8,6,1,0,0,1,0,0,0,1,0,0,1,16
TXN0005505,2024-03-03T21:21:00,62,M0179,Services,low,C01060,157,10,4057,0.1045,6274.93,upi,SBI,403599,21,6,1,0,0,0,0,0,0,1,0,0,0,58
TXN0005506,2024-03-03T17:00:00,62,M0160,Services,mid,C01460,11,4,1061,0.0319,2842.01,wallet,PNB,514337,17,6,1,0,0,0,0,0,0,0,0,0,0,51
TXN0005507,2024-03-03T11:16:00,62,M0195,Food,high,C00444,14,1,1558,0.2692,2573.31,upi,Yes,420641,11,6,1,1,0,0,0,0,0,0,1,1,0,28
TXN0005508,2024-03-03T14:05:00,62,M0081,Logistics,high,C01094,932,69,17616,0.0048,42865.42,upi,Yes,491789,14,6,1,0,0,0,0,0,0,0,1,1,0,68
TXN0005509,2024-03-03T11:27:00,62,M0164,Logistics,high,C01337,137,13,4759,0.0393,3533.48,upi,Canara,582293,11,6,1,0,0,0,0,0,0,0,1,1,0,13
TXN0005510,2024-03-03T08:11:00,62,M0100,Retail,low,C00833,176,19,6110,0.0399,4365.1,wallet,HDFC,511108,8,6,1,0,0,0,0,0,0,0,0,0,1,55
TXN0005511,2024-03-03T11:36:00,62,M0137,B2B,mid,C00835,979,88,23266,0.031,32369.56,netbanking,Canara,462098,11,6,1,0,0,0,0,0,0,1,1,1,0,59
TXN0005512,2024-03-04T02:44:00,63,M0063,SaaS,high,C01309,14,3,1496,0.0911,1106.69,wallet,Canara,535307,2,0,0,0,0,0,0,0,0,0,0,0,1,13
TXN0005513,2024-03-04T09:34:00,63,M0147,SaaS,mid,C00726,937,113,7763,0.0556,12302.33,card,Kotak,476374,9,0,0,0,0,1,0,0,0,1,0,0,0,19
TXN0005514,2024-03-04T18:19:00,63,M0194,Retail,mid,C00335,74,20,5337,0.0794,3732.46,netbanking,Axis,557392,18,0,0,0,0,0,1,0,0,0,0,1,0,44
TXN0005515,2024-03-04T01:09:00,63,M0036,Retail,low,C01386,785,103,16955,0.0407,4486.52,upi,Axis,496478,1,0,0,0,0,0,0,0,0,0,0,0,0,19
TXN0005516,2024-03-04T13:05:00,63,M0032,Food,low,C00385,206,11,3811,0.1467,825.7,card,SBI,452429,13,0,0,0,0,0,0,1,0,0,1,1,0,52
TXN0005517,2024-03-04T16:04:00,63,M0051,Food,low,C00444,14,1,1558,0.2692,937.59,card,Canara,592290,16,0,0,0,0,1,0,0,0,1,0,0,0,16
TXN0005518,2024-03-04T21:24:00,63,M0109,Services,low,C00512,25,1,1421,0.169,2114.09,netbanking,Kotak,489931,21,0,0,0,0,1,0,0,0,0,0,0,1,56
TXN0005519,2024-03-04T02:54:00,63,M0137,B2B,mid,C00240,155,17,4760,0.1241,7505.69,upi,PNB,403257,2,0,0,0,0,0,0,0,0,1,1,1,0,48
TXN0005520,2024-03-04T20:48:00,63,M0134,Services,low,C00136,918,106,18128,0.0252,4484.19,netbanking,Yes,499809,20,0,0,0,0,0,0,0,0,0,0,0,0,22
TXN0005521,2024-03-04T23:47:00,63,M0072,SaaS,high,C00632,930,73,24796,0.0066,6253.26,card,ICICI,432271,23,0,0,8,0,2,0,0,0,0,0,0,0,15
TXN0005522,2024-03-04T02:17:00,63,M0185,Food,high,C01429,6,4,1564,0.0259,473.2,upi,Yes,402322,2,0,0,0,0,0,0,0,0,0,1,1,0,36
TXN0005523,2024-03-04T17:49:00,63,M0142,Retail,mid,C01455,10,2,1166,0.1054,3170.41,upi,HDFC,485228,17,0,0,0,0,1,0,0,0,1,0,0,0,72
TXN0005524,2024-03-04T13:48:00,63,M0159,Services,low,C00952,62,10,3676,0.0357,1767.94,card,PNB,478363,13,0,0,0,1,2,1,0,0,0,1,1,0,29
TXN0005525,2024-03-04T21:23:00,63,M0185,Food,high,C00853,16,2,1991,0.0564,1294.98,upi,ICICI,499418,21,0,0,0,0,0,0,0,0,1,0,0,1,55
TXN0005526,2024-03-04T01:36:00,63,M0177,Food,low,C01327,867,112,10174,0.0071,1364.64,card,PNB,497581,1,0,0,0,0,0,0,0,0,0,0,0,0,34
TXN0005527,2024-03-04T16:15:00,63,M0181,Food,high,C00644,211,17,6121,0.065,2013.66,card,Yes,474090,16,0,0,0,0,2,0,0,0,1,0,0,0,22
TXN0005528,2024-03-04T06:10:00,63,M0146,Food,mid,C01257,986,89,16081,0.0186,17491.47,upi,SBI,581109,6,0,0,0,0,0,0,0,0,1,0,0,0,26
TXN0005529,2024-03-04T13:34:00,63,M0172,Food,mid,C00985,254,9,7714,0.2233,4958.94,card,Canara,564004,13,0,0,0,0,0,0,0,0,1,0,0,0,58
TXN0005530,2024-03-04T20:44:00,63,M0099,B2B,low,C00880,231,19,7028,0.0694,12176.92,wallet,HDFC,523220,20,0,0,0,0,0,0,0,0,1,1,1,0,27
TXN0005531,2024-03-04T11:34:00,63,M0153,Food,low,C00983,18,2,1740,0.0518,278.04,netbanking,SBI,595313,11,0,0,0,0,0,0,0,0,1,0,0,0,22
TXN0005532,2024-03-04T20:39:00,63,M0144,Retail,low,C00657,266,10,3140,0.067,2516.35,netbanking,ICICI,421963,20,0,0,0,0,0,0,0,0,1,0,0,0,14
TXN0005533,2024-03-04T19:14:00,63,M0000,Logistics,low,C00090,885,113,6805,0.0021,5617.81,netbanking,Kotak,533980,19,0,0,0,0,0,0,0,0,0,0,0,0,35
TXN0005534,2024-03-04T08:57:00,63,M0036,Retail,low,C01111,200,20,5413,0.0781,3026.45,upi,Kotak,552206,8,0,0,0,0,1,1,0,0,1,1,1,0,53
TXN0005535,2024-03-04T07:38:00,63,M0115,Services,high,C00187,270,12,1258,0.1298,2171.39,wallet,Axis,518235,7,0,0,0,0,0,0,0,0,0,0,0,0,49
TXN0005536,2024-03-04T23:01:00,63,M0123,Logistics,high,C00761,187,13,7265,0.1654,16983.75,card,Yes,456705,23,0,0,0,0,0,0,0,0,0,0,0,1,27
TXN0005537,2024-03-04T16:09:00,63,M0113,Services,high,C01068,259,17,5111,0.1204,5075.47,card,HDFC,594259,16,0,0,0,1,1,0,0,0,1,0,0,0,16
TXN0005538,2024-03-04T06:36:00,63,M0139,Logistics,low,C00630,19,2,690,0.1924,8357.85,upi,Yes,448848,6,0,0,0,0,0,0,0,0,0,0,0,1,71
TXN0005539,2024-03-04T12:21:00,63,M0016,Services,high,C00082,239,14,1179,0.0479,1092.7,wallet,SBI,519128,12,0,0,11,0,1,0,0,0,0,0,0,0,58
TXN0005540,2024-03-04T10:13:00,63,M0030,B2B,high,C00538,22,1,1018,0.095,24988.84,card,PNB,571848,10,0,0,0,0,1,0,0,0,1,0,0,1,67
TXN0005541,2024-03-04T17:45:00,63,M0145,SaaS,low,C00720,21,3,1343,0.0888,1735.59,netbanking,HDFC,565882,17,0,0,0,0,0,0,0,0,0,0,0,1,59
TXN0005542,2024-03-04T18:00:00,63,M0144,Retail,low,C00536,12,4,1407,0.0616,2017.39,card,Axis,413116,18,0,0,0,0,0,1,0,0,0,1,1,0,50
TXN0005543,2024-03-04T11:34:00,63,M0058,B2B,low,C01017,211,11,7099,0.0344,20513.75,wallet,HDFC,511484,11,0,0,0,0,1,0,0,0,0,0,0,0,62
TXN0005544,2024-03-04T12:53:00,63,M0002,B2B,low,C00890,739,84,21155,0.0579,49349.33,card,ICICI,533694,12,0,0,0,0,0,0,0,0,0,0,1,0,72
TXN0005545,2024-03-04T16:42:00,63,M0008,Retail,low,C00481,9,3,1477,0.2252,2905.33,card,PNB,481002,16,0,0,0,0,1,0,0,0,0,0,0,0,53
TXN0005546,2024-03-04T07:51:00,63,M0040,SaaS,mid,C00619,137,11,5301,0.0478,4465.34,wallet,Canara,564948,7,0,0,10,0,1,0,0,0,0,0,0,0,12
TXN0005547,2024-03-04T10:15:00,63,M0160,Services,mid,C00602,23,3,1178,0.0684,5109.71,upi,Yes,554609,10,0,0,0,0,0,0,0,0,0,0,0,0,33
TXN0005548,2024-03-04T17:03:00,63,M0035,SaaS,mid,C00894,209,14,1372,0.0327,1377.35,card,Kotak,431717,17,0,0,0,0,1,1,0,0,0,1,1,0,26
TXN0005549,2024-03-04T10:26:00,63,M0151,Food,low,C00667,24,2,1269,0.1222,528.79,card,Kotak,432338,10,0,0,0,0,0,0,0,0,0,0,0,0,39
TXN0005550,2024-03-04T03:48:00,63,M0071,Retail,low,C00467,240,13,7839,0.1495,6380.39,upi,Kotak,591283,3,0,0,0,0,1,0,0,0,1,1,1,0,56
TXN0005551,2024-03-04T22:35:00,63,M0067,Food,mid,C00407,219,13,7005,0.033,2448.44,upi,Canara,576875,22,0,0,0,0,0,0,0,0,0,0,0,0,69
TXN0005552,2024-03-04T14:34:00,63,M0083,B2B,low,C00418,218,14,5164,0.1062,65257.74,wallet,SBI,535174,14,0,0,0,0,0,0,0,0,0,1,1,0,42
TXN0005553,2024-03-04T16:45:00,63,M0145,SaaS,low,C01195,131,15,7329,0.1734,2908.24,netbanking,PNB,414708,16,0,0,0,0,0,0,0,0,0,0,0,0,38
TXN0005554,2024-03-04T17:01:00,63,M0033,Logistics,low,C00934,17,3,1521,0.0828,12706.65,card,Yes,493680,17,0,0,0,0,0,0,0,1,0,0,0,1,51
TXN0005555,2024-03-04T13:25:00,63,M0063,SaaS,high,C00664,257,11,5259,0.0795,3005.95,card,HDFC,481699,13,0,0,0,0,0,0,0,0,0,0,0,0,42
TXN0005556,2024-03-04T17:16:00,63,M0192,B2B,mid,C00398,5,2,752,0.1093,19013.65,card,Canara,467731,17,0,0,0,0,0,0,0,0,1,0,0,1,61
TXN0005557,2024-03-04T04:06:00,63,M0004,Logistics,low,C00806,157,9,4533,0.1993,15387.18,upi,Yes,588523,4,0,0,0,0,0,1,0,0,0,1,1,0,52
TXN0005558,2024-03-04T18:45:00,63,M0181,Food,high,C00265,207,12,4651,0.0618,2121.31,wallet,PNB,516667,18,0,0,0,0,2,0,0,0,0,0,0,0,16
TXN0005559,2024-03-04T17:04:00,63,M0134,Services,low,C00718,996,52,12606,0.0099,16486.12,wallet,Canara,516474,17,0,0,11,0,0,0,0,0,0,0,0,0,35
TXN0005560,2024-03-04T10:52:00,63,M0103,Services,low,C00004,9,3,830,0.1613,3160.51,wallet,ICICI,410338,10,0,0,0,0,0,0,1,0,1,1,1,0,28
TXN0005561,2024-03-04T13:56:00,63,M0118,Retail,mid,C00219,7,1,1716,0.0124,1783.22,card,ICICI,417751,13,0,0,0,0,0,0,0,0,0,0,0,0,70
TXN0005562,2024-03-04T07:06:00,63,M0001,Retail,high,C00759,9,4,1320,0.1197,1210.13,wallet,Canara,574996,7,0,0,0,0,0,0,1,0,0,1,1,0,45
TXN0005563,2024-03-04T01:36:00,63,M0135,Retail,low,C00726,937,113,7763,0.0556,8680.54,netbanking,SBI,411507,1,0,0,1,1,2,0,0,0,1,1,1,0,12
TXN0005564,2024-03-04T12:57:00,63,M0070,Services,low,C01425,25,4,1901,0.0218,2907.54,card,Yes,541912,12,0,0,0,0,1,0,0,0,0,0,0,1,61
TXN0005565,2024-03-04T20:15:00,63,M0057,Food,high,C00180,200,13,7760,0.0326,6252.33,netbanking,Kotak,440350,20,0,0,0,0,0,0,0,0,0,0,0,0,59
TXN0005566,2024-03-04T14:10:00,63,M0130,Food,low,C01254,203,9,7566,0.0232,7834.46,wallet,SBI,556697,14,0,0,0,0,2,0,0,0,1,0,0,0,51
TXN0005567,2024-03-04T20:33:00,63,M0062,B2B,low,C00167,951,114,4815,0.0341,14659.09,wallet,Axis,516933,20,0,0,0,0,0,0,0,0,1,0,0,0,31
TXN0005568,2024-03-04T11:39:00,63,M0130,Food,low,C00917,300,5,4719,0.0825,2426.01,wallet,SBI,527168,11,0,0,0,0,1,0,0,0,0,0,0,0,43
TXN0005569,2024-03-04T22:41:00,63,M0039,Logistics,mid,C00196,24,2,996,0.022,13909.08,wallet,PNB,529178,22,0,0,0,0,3,0,0,0,1,1,1,0,23
TXN0005570,2024-03-04T06:52:00,63,M0104,Food,low,C00673,806,50,4239,0.0236,1562.09,wallet,Yes,450475,6,0,0,0,0,0,0,0,0,0,0,0,0,50
TXN0005571,2024-03-04T06:19:00,63,M0118,Retail,mid,C00948,163,14,3671,0.0629,11743.75,card,Axis,585787,6,0,0,0,0,0,0,0,0,0,0,0,0,38
TXN0005572,2024-03-04T14:18:00,63,M0159,Services,low,C01203,13,3,700,0.0223,436.92,upi,SBI,588549,14,0,0,11,0,0,0,0,0,0,0,0,1,54
TXN0005573,2024-03-04T12:14:00,63,M0034,Retail,high,C00121,79,10,7331,0.1149,4529.4,netbanking,Axis,579164,12,0,0,0,0,0,1,0,0,0,1,1,0,59
TXN0005574,2024-03-04T10:15:00,63,M0121,Food,low,C00113,166,13,2765,0.0701,1119.81,wallet,Kotak,521991,10,0,0,0,0,0,0,0,0,0,0,0,0,23
TXN0005575,2024-03-04T07:18:00,63,M0073,SaaS,high,C00008,105,18,1203,0.0328,259.74,card,Yes,567251,7,0,0,0,0,0,0,0,0,0,0,0,0,26
TXN0005576,2024-03-04T17:33:00,63,M0097,Services,low,C00689,20,1,513,0.005,1510.03,wallet,Yes,538643,17,0,0,0,0,0,0,0,0,0,0,0,1,29
TXN0005577,2024-03-04T20:12:00,63,M0161,Services,mid,C00480,20,4,1217,0.0927,1106.64,upi,Yes,570875,20,0,0,0,0,0,0,0,0,0,0,0,0,26
TXN0005578,2024-03-04T11:50:00,63,M0178,Logistics,low,C00872,172,20,6994,0.0301,44291.79,wallet,ICICI,419233,11,0,0,0,0,1,0,0,0,0,0,1,0,51
TXN0005579,2024-03-04T10:00:00,63,M0198,Food,mid,C00606,221,7,4962,0.1239,2129.01,upi,Canara,511167,10,0,0,0,0,1,0,0,0,0,0,0,0,54
TXN0005580,2024-03-04T12:05:00,63,M0145,SaaS,low,C01421,87,15,5114,0.0752,1920.36,netbanking,PNB,460603,12,0,0,11,0,0,0,0,0,1,0,0,0,67
TXN0005581,2024-03-04T23:00:00,63,M0097,Services,low,C00438,15,4,1953,0.1344,3250.08,wallet,ICICI,561660,23,0,0,0,0,1,0,0,0,1,0,0,0,33
TXN0005582,2024-03-04T10:39:00,63,M0104,Food,low,C00373,259,5,2423,0.0326,1462.37,netbanking,PNB,529497,10,0,0,0,0,0,0,0,0,0,0,0,0,47
TXN0005583,2024-03-04T09:37:00,63,M0095,Food,low,C00379,9,2,1731,0.1003,907.22,netbanking,HDFC,568213,9,0,0,0,0,0,0,0,0,1,0,0,0,25
TXN0005584,2024-03-04T11:32:00,63,M0106,Services,high,C00059,137,17,3230,0.0947,7183.68,card,HDFC,512411,11,0,0,0,0,0,0,0,1,1,0,0,0,17
TXN0005585,2024-03-04T09:47:00,63,M0152,Retail,high,C00838,827,61,12860,0.0338,5653.21,upi,HDFC,564620,9,0,0,0,1,1,0,0,0,0,0,0,0,19
TXN0005586,2024-03-04T18:50:00,63,M0192,B2B,mid,C00612,15,3,1311,0.1636,48299.4,card,Axis,524183,18,0,0,0,0,1,0,0,0,1,1,1,0,38
TXN0005587,2024-03-04T21:18:00,63,M0120,Food,low,C01245,822,114,24591,0.0177,9082.36,wallet,Kotak,546810,21,0,0,0,0,0,1,0,0,0,1,1,0,45
TXN0005588,2024-03-04T15:32:00,63,M0084,B2B,mid,C01054,25,1,1125,0.0641,13658.1,wallet,ICICI,442785,15,0,0,6,0,1,0,0,0,1,0,0,0,71
TXN0005589,2024-03-04T07:55:00,63,M0106,Services,high,C01492,24,1,1137,0.1009,1775.61,netbanking,SBI,475644,7,0,0,0,0,1,0,0,0,0,0,0,1,18
TXN0005590,2024-03-04T15:06:00,63,M0062,B2B,low,C00579,15,4,1845,0.033,18595.74,netbanking,HDFC,518222,15,0,0,14,0,0,0,0,0,0,0,0,1,69
TXN0005591,2024-03-04T12:41:00,63,M0033,Logistics,low,C00254,18,3,1362,0.0629,6326.97,netbanking,SBI,589844,12,0,0,0,0,0,0,0,0,1,0,0,0,33
TXN0005592,2024-03-04T06:25:00,63,M0018,SaaS,high,C00385,206,11,3811,0.1467,2015.87,card,PNB,561791,6,0,0,1,1,1,0,0,0,0,0,0,0,22
TXN0005593,2024-03-04T22:40:00,63,M0149,Services,low,C00058,6,2,1129,0.0777,1979.87,upi,Canara,474022,22,0,0,0,0,0,1,0,0,0,0,1,1,37
TXN0005594,2024-03-04T08:27:00,63,M0134,Services,low,C01298,215,13,7519,0.0801,3081.33,upi,Axis,417890,8,0,0,0,0,0,1,0,0,0,1,1,0,69
TXN0005595,2024-03-04T12:35:00,63,M0018,SaaS,high,C01425,25,4,1901,0.0218,1506.22,netbanking,HDFC,460572,12,0,0,1,1,2,0,0,0,0,0,0,1,25
TXN0005596,2024-03-04T13:40:00,63,M0121,Food,low,C00644,211,17,6121,0.065,6759.5,upi,ICICI,402825,13,0,0,1,1,3,0,0,0,1,0,0,0,31
TXN0005597,2024-03-04T10:16:00,63,M0018,SaaS,high,C01095,777,113,8947,0.0105,4245.42,netbanking,ICICI,590852,10,0,0,0,0,0,0,0,0,1,0,0,0,62
TXN0005598,2024-03-04T11:26:00,63,M0123,Logistics,high,C00257,237,11,4924,0.0529,6294.66,wallet,SBI,444690,11,0,0,0,0,0,0,0,0,1,0,0,0,48
TXN0005599,2024-03-04T12:56:00,63,M0083,B2B,low,C00644,211,17,6121,0.065,41624.61,upi,ICICI,485435,12,0,0,2,2,4,0,0,0,0,1,1,0,20
TXN0005600,2024-03-04T19:54:00,63,M0075,Retail,mid,C00279,256,20,5503,0.1075,4542.03,wallet,Canara,468186,19,0,0,0,0,0,0,0,0,1,0,0,0,35
TXN0005601,2024-03-04T19:55:00,63,M0105,SaaS,high,C00240,155,17,4760,0.1241,1761.41,card,HDFC,426830,19,0,0,0,1,1,0,0,0,1,0,0,1,40
TXN0005602,2024-03-04T10:52:00,63,M0102,Retail,high,C00722,20,3,1090,0.0836,3696.64,wallet,Yes,402748,10,0,0,0,0,0,0,0,0,0,0,0,0,26
TXN0005603,2024-03-04T13:15:00,63,M0190,Services,low,C00907,756,91,17173,0.0372,8552.15,upi,Yes,563170,13,0,0,0,0,0,0,0,0,0,0,0,0,18
TXN0005604,2024-03-04T13:28:00,63,M0045,Food,high,C01152,17,2,1212,0.0396,981.81,netbanking,HDFC,588785,13,0,0,11,0,0,0,0,0,1,0,0,0,66
TXN0005605,2024-03-04T06:46:00,63,M0189,SaaS,mid,C00749,21,1,1460,0.0459,834.66,netbanking,HDFC,568268,6,0,0,0,0,0,0,0,0,1,0,0,0,40
TXN0005606,2024-03-05T13:59:00,64,M0168,Food,high,C00878,273,9,7241,0.0281,3017.93,netbanking,Canara,493686,13,1,0,0,0,0,0,0,1,0,1,1,0,17
TXN0005607,2024-03-05T07:13:00,64,M0182,Retail,high,C00833,176,19,6110,0.0399,4475.09,upi,PNB,443576,7,1,0,0,0,1,0,0,0,0,0,0,0,25
TXN0005608,2024-03-05T21:23:00,64,M0106,Services,high,C00379,9,2,1731,0.1003,3858.15,wallet,SBI,531506,21,1,0,0,0,1,0,0,0,1,0,0,0,38
TXN0005609,2024-03-05T16:36:00,64,M0112,Logistics,mid,C00077,283,8,4634,0.0584,16071.07,card,PNB,495825,16,1,0,0,0,0,0,0,0,1,0,0,0,55
TXN0005610,2024-03-05T05:14:00,64,M0106,Services,high,C00723,133,10,2436,0.1886,4412.2,card,ICICI,541238,5,1,0,0,0,1,0,0,0,0,1,1,0,36
TXN0005611,2024-03-05T17:19:00,64,M0005,Logistics,high,C00349,156,16,5473,0.0569,35628.83,netbanking,HDFC,530488,17,1,0,0,0,0,0,0,0,0,0,1,0,41
TXN0005612,2024-03-05T00:26:00,64,M0194,Retail,mid,C01280,146,17,1316,0.1056,702.47,card,ICICI,529824,0,1,0,0,0,1,0,0,0,0,0,0,0,28
TXN0005613,2024-03-05T13:44:00,64,M0002,B2B,low,C00136,918,106,18128,0.0252,37635.4,wallet,Canara,434114,13,1,0,0,1,1,0,0,0,1,1,1,0,62
TXN0005614,2024-03-05T12:38:00,64,M0166,SaaS,mid,C00527,62,20,7188,0.0902,2143.82,netbanking,ICICI,454139,12,1,0,0,0,0,0,0,0,0,0,0,0,51
TXN0005615,2024-03-05T04:20:00,64,M0029,Retail,high,C00123,211,6,3883,0.0949,2684.12,wallet,Kotak,523021,4,1,0,0,0,1,1,1,0,0,1,1,0,50
TXN0005616,2024-03-05T13:16:00,64,M0059,Logistics,mid,C00427,24,3,1936,0.0865,10987.58,wallet,Kotak,485008,13,1,0,0,0,1,0,0,0,0,1,1,0,15
TXN0005617,2024-03-05T15:20:00,64,M0146,Food,mid,C00331,24,2,1825,0.0553,1499.99,card,Axis,442052,15,1,0,0,0,0,0,0,0,0,0,0,0,61
TXN0005618,2024-03-05T17:46:00,64,M0009,Retail,low,C01074,6,4,1334,0.1,1392.61,upi,Axis,540507,17,1,0,0,0,0,0,0,0,0,0,0,0,64
TXN0005619,2024-03-05T13:48:00,64,M0138,Services,mid,C01054,25,1,1125,0.0641,3428.71,wallet,Axis,573135,13,1,0,0,1,2,0,0,0,0,0,0,0,66
TXN0005620,2024-03-05T08:45:00,64,M0110,Food,high,C00112,205,7,1430,0.0376,3388.85,card,PNB,572761,8,1,0,0,0,0,0,0,0,0,0,0,0,24
TXN0005621,2024-03-05T16:53:00,64,M0033,Logistics,low,C00992,126,19,6579,0.0334,5917.64,upi,Canara,562083,16,1,0,0,0,0,0,1,0,0,0,1,0,57
TXN0005622,2024-03-05T15:10:00,64,M0145,SaaS,low,C01435,239,13,5654,0.071,5955.26,upi,Yes,583530,15,1,0,10,0,1,0,0,0,0,0,0,1,48
TXN0005623,2024-03-05T17:14:00,64,M0116,Services,low,C01171,184,7,2722,0.1516,874.7,netbanking,Canara,514181,17,1,0,0,0,2,0,0,0,0,0,0,1,29
TXN0005624,2024-03-05T00:29:00,64,M0118,Retail,mid,C00510,5,2,1363,0.0704,957.23,wallet,Yes,430600,0,1,0,0,0,0,0,0,0,0,1,1,0,51
TXN0005625,2024-03-05T14:01:00,64,M0196,Retail,low,C00565,261,17,2212,0.0312,968.88,netbanking,SBI,558412,14,1,0,0,0,0,0,0,0,0,0,0,0,48
TXN0005626,2024-03-05T08:08:00,64,M0056,Retail,low,C00112,205,7,1430,0.0376,1587.5,upi,Kotak,559075,8,1,0,1,1,1,0,0,0,0,1,1,0,49
TXN0005627,2024-03-05T19:15:00,64,M0196,Retail,low,C00535,199,20,2487,0.0332,5103.92,netbanking,Yes,516811,19,1,0,0,0,0,0,0,0,0,0,0,0,32
TXN0005628,2024-03-05T19:04:00,64,M0036,Retail,low,C01037,264,15,2007,0.014,2302.55,upi,ICICI,428358,19,1,0,0,0,1,0,1,0,0,1,1,0,20
TXN0005629,2024-03-05T19:25:00,64,M0046,SaaS,high,C00751,13,3,1221,0.0318,1711.64,upi,Canara,486432,19,1,0,0,0,0,0,0,0,0,0,0,1,38
TXN0005630,2024-03-05T11:34:00,64,M0053,Retail,low,C01176,13,4,908,0.0867,1609.67,netbanking,Kotak,480826,11,1,0,0,0,0,0,0,0,1,0,0,1,22
TXN0005631,2024-03-05T10:35:00,64,M0117,SaaS,low,C00178,20,4,1085,0.1022,1597.74,wallet,HDFC,573578,10,1,0,0,0,0,0,0,0,0,0,0,0,19
TXN0005632,2024-03-05T21:09:00,64,M0004,Logistics,low,C01193,262,17,3211,0.1334,7598.45,upi,HDFC,502064,21,1,0,0,0,0,0,0,0,0,0,0,0,50
TXN0005633,2024-03-05T20:10:00,64,M0022,Retail,low,C00933,21,4,928,0.1246,771.34,card,Kotak,595826,20,1,0,0,0,0,0,0,0,0,0,0,0,56
TXN0005634,2024-03-05T14:38:00,64,M0156,Services,mid,C00427,24,3,1936,0.0865,2241.0,netbanking,Canara,449626,14,1,0,0,1,2,0,0,0,0,0,0,0,20
TXN0005635,2024-03-05T06:06:00,64,M0177,Food,low,C01437,172,14,2265,0.197,3001.36,upi,Kotak,456813,6,1,0,0,0,0,0,0,0,0,0,0,0,68
TXN0005636,2024-03-05T06:44:00,64,M0062,B2B,low,C00260,765,102,19361,0.0032,32378.66,wallet,Yes,581192,6,1,0,0,0,0,0,0,0,0,1,1,0,61
TXN0005637,2024-03-05T09:16:00,64,M0163,Logistics,high,C00044,254,12,6657,0.0891,7116.57,upi,HDFC,584021,9,1,0,10,0,0,0,0,0,1,0,0,0,22
TXN0005638,2024-03-05T07:31:00,64,M0135,Retail,low,C01233,239,11,5229,0.0346,4269.7,wallet,Kotak,475779,7,1,0,0,0,1,0,1,0,0,1,1,0,16
TXN0005639,2024-03-05T15:53:00,64,M0070,Services,low,C00674,731,115,19078,0.0133,7273.06,upi,PNB,567129,15,1,0,0,0,1,0,0,0,0,0,0,0,34
TXN0005640,2024-03-05T13:01:00,64,M0057,Food,high,C00528,5,3,886,0.0802,553.3,card,PNB,487346,13,1,0,9,0,0,0,0,0,1,0,0,0,64
TXN0005641,2024-03-05T11:19:00,64,M0073,SaaS,high,C00447,952,59,8038,0.0004,5359.65,wallet,PNB,413083,11,1,0,0,0,1,0,0,0,1,0,0,0,28
TXN0005642,2024-03-05T18:21:00,64,M0044,Logistics,low,C00909,174,15,1042,0.0534,6542.07,card,HDFC,500582,18,1,0,0,0,0,0,0,0,0,0,0,0,60
TXN0005643,2024-03-05T10:16:00,64,M0015,Services,low,C00975,145,5,5985,0.0929,4787.61,netbanking,HDFC,416593,10,1,0,0,0,0,0,0,0,0,0,0,0,30
TXN0005644,2024-03-05T09:54:00,64,M0105,SaaS,high,C00910,845,104,5439,0.0542,5620.63,upi,Axis,463130,9,1,0,0,0,0,0,0,0,0,0,0,0,62
TXN0005645,2024-03-05T02:32:00,64,M0123,Logistics,high,C00495,18,1,1644,0.0142,12611.63,card,Yes,457847,2,1,0,0,0,1,0,0,0,0,1,1,0,44
TXN0005646,2024-03-05T08:20:00,64,M0142,Retail,mid,C01119,9,1,1815,0.0138,2076.28,netbanking,PNB,479349,8,1,0,0,0,0,0,0,0,0,0,0,1,39
TXN0005647,2024-03-05T11:10:00,64,M0113,Services,high,C00201,734,88,21610,0.0185,6839.37,netbanking,PNB,415161,11,1,0,0,0,0,0,0,0,0,0,0,0,30
TXN0005648,2024-03-05T14:01:00,64,M0112,Logistics,mid,C00870,18,4,667,0.0349,7280.52,card,Yes,454896,14,1,0,0,0,0,0,0,0,0,0,0,1,53
TXN0005649,2024-03-05T19:50:00,64,M0181,Food,high,C00876,132,11,2499,0.2469,1448.82,upi,Canara,426988,19,1,0,0,0,0,0,0,0,1,0,0,0,48
TXN0005650,2024-03-05T08:11:00,64,M0068,B2B,low,C00140,942,56,15991,0.0155,14745.2,netbanking,Canara,572127,8,1,0,0,0,0,0,0,0,0,0,0,1,67
TXN0005651,2024-03-05T05:21:00,64,M0184,Logistics,high,C01260,748,94,5318,0.0544,9201.5,netbanking,SBI,575091,5,1,0,0,0,0,0,0,0,0,1,1,0,46
TXN0005652,2024-03-05T17:13:00,64,M0148,SaaS,mid,C00389,144,16,3134,0.1005,3232.12,card,ICICI,545395,17,1,0,0,0,0,0,0,0,0,0,0,1,31
TXN0005653,2024-03-05T15:05:00,64,M0134,Services,low,C00738,122,5,1977,0.1778,1863.73,card,Canara,481603,15,1,0,0,0,0,0,0,0,0,0,0,0,72
TXN0005654,2024-03-05T09:49:00,64,M0119,Retail,high,C00914,6,1,1272,0.0413,1012.59,card,PNB,456371,9,1,0,0,0,0,0,0,0,0,0,0,1,38
TXN0005655,2024-03-05T12:30:00,64,M0182,Retail,high,C00356,182,11,1794,0.0139,4540.85,card,Canara,509335,12,1,0,0,0,1,0,0,0,0,0,0,0,62
TXN0005656,2024-03-05T11:44:00,64,M0155,SaaS,mid,C00365,130,19,1101,0.1731,2130.81,upi,Yes,527971,11,1,0,0,0,2,0,0,0,0,0,0,0,40
TXN0005657,2024-03-05T08:22:00,64,M0141,Logistics,low,C01366,185,10,4878,0.1548,25943.66,netbanking,Axis,571660,8,1,0,0,0,2,0,0,0,0,0,0,1,64
TXN0005658,2024-03-05T20:57:00,64,M0064,Food,high,C00259,22,2,1896,0.1789,725.47,netbanking,SBI,542858,20,1,0,0,0,0,0,0,0,0,0,0,1,16
TXN0005659,2024-03-05T20:50:00,64,M0148,SaaS,mid,C01364,5,3,568,0.1317,238.27,card,Kotak,401224,20,1,0,0,0,0,0,0,0,0,0,0,1,54
TXN0005660,2024-03-05T11:22:00,64,M0077,Services,high,C00269,192,10,5521,0.0392,1448.97,wallet,SBI,533816,11,1,0,0,0,0,0,0,0,0,0,0,0,34
TXN0005661,2024-03-05T21:23:00,64,M0022,Retail,low,C01442,13,1,1831,0.0407,1474.15,netbanking,PNB,419548,21,1,0,0,0,1,0,0,0,0,0,0,1,34
TXN0005662,2024-03-05T17:10:00,64,M0007,Food,mid,C00254,18,3,1362,0.0629,1221.32,wallet,Kotak,460378,17,1,0,0,0,1,0,0,0,1,0,0,0,58
TXN0005663,2024-03-05T00:56:00,64,M0049,Services,mid,C01383,16,3,833,0.1456,4707.5,upi,SBI,533829,0,1,0,0,0,0,0,0,0,0,0,0,0,65
TXN0005664,2024-03-05T10:06:00,64,M0175,Food,low,C01072,856,104,9501,0.0112,3320.18,card,ICICI,454520,10,1,0,0,0,0,0,0,0,0,0,0,0,58
TXN0005665,2024-03-05T12:52:00,64,M0098,Retail,mid,C01284,126,20,2042,0.0351,3511.62,netbanking,ICICI,488978,12,1,0,0,0,0,0,0,0,0,0,0,0,27
TXN0005666,2024-03-05T07:46:00,64,M0149,Services,low,C00017,816,60,12299,0.0135,4466.97,wallet,ICICI,560216,7,1,0,0,0,1,0,0,0,0,0,0,0,54
TXN0005667,2024-03-05T09:42:00,64,M0014,Logistics,high,C01024,136,10,1176,0.0902,3406.97,wallet,Yes,587177,9,1,0,0,0,1,1,0,0,0,1,1,0,29
TXN0005668,2024-03-05T10:48:00,64,M0076,Services,high,C00597,806,70,7738,0.0036,10398.77,upi,SBI,461150,10,1,0,0,0,0,0,0,0,0,0,0,0,61
TXN0005669,2024-03-05T12:52:00,64,M0197,Food,low,C01139,12,1,816,0.0541,200,upi,PNB,484092,12,1,0,0,0,1,0,1,0,0,0,1,1,63
TXN0005670,2024-03-05T11:53:00,64,M0187,SaaS,high,C00082,239,14,1179,0.0479,1435.82,wallet,ICICI,555308,11,1,0,0,1,2,0,0,0,1,0,0,0,43
TXN0005671,2024-03-05T11:35:00,64,M0155,SaaS,mid,C01107,127,7,7462,0.0038,6536.1,upi,Yes,567202,11,1,0,0,0,0,0,0,0,0,0,0,0,53
TXN0005672,2024-03-05T19:04:00,64,M0150,Retail,mid,C01004,144,8,1025,0.0719,6079.73,wallet,Canara,563531,19,1,0,0,0,0,0,0,0,0,0,0,0,69
TXN0005673,2024-03-05T08:56:00,64,M0002,B2B,low,C00906,217,13,6576,0.0693,27191.03,wallet,HDFC,564336,8,1,0,0,0,1,0,0,0,1,0,0,0,28
TXN0005674,2024-03-05T08:13:00,64,M0125,Retail,low,C00846,300,16,7520,0.1088,5534.46,upi,PNB,511688,8,1,0,0,0,2,1,0,0,0,1,1,0,56
TXN0005675,2024-03-05T09:52:00,64,M0011,Food,low,C01246,908,101,5214,0.0008,2010.14,card,Yes,528019,9,1,0,0,0,0,0,1,0,0,1,1,0,26
TXN0005676,2024-03-05T21:51:00,64,M0199,SaaS,mid,C00399,22,1,1716,0.1464,643.8,card,Yes,490591,21,1,0,0,0,1,0,0,0,0,0,0,0,23
TXN0005677,2024-03-05T16:15:00,64,M0084,B2B,mid,C00252,212,15,4155,0.0065,22791.26,card,PNB,473820,16,1,0,0,0,0,0,0,0,0,1,1,0,50
TXN0005678,2024-03-05T20:01:00,64,M0198,Food,mid,C00194,804,87,4378,0.0061,1408.09,card,Canara,584017,20,1,0,0,0,0,0,0,0,1,0,0,0,37
TXN0005679,2024-03-05T15:22:00,64,M0097,Services,low,C01242,801,109,18019,0.0054,23918.83,netbanking,SBI,512386,15,1,0,0,0,1,0,0,0,1,0,0,0,33
TXN0005680,2024-03-05T06:24:00,64,M0171,Retail,low,C00651,21,1,1571,0.0791,1275.49,netbanking,Axis,569984,6,1,0,0,0,2,0,1,0,0,0,1,0,50
TXN0005681,2024-03-05T11:58:00,64,M0071,Retail,low,C01282,19,1,1400,0.0645,2457.35,netbanking,ICICI,543196,11,1,0,0,0,2,0,0,0,0,0,0,0,68
TXN0005682,2024-03-05T04:40:00,64,M0124,Retail,low,C00905,997,85,9286,0.052,1418.76,card,PNB,495314,4,1,0,0,0,0,0,0,0,0,0,0,0,38
TXN0005683,2024-03-05T23:26:00,64,M0069,SaaS,high,C01172,822,88,3332,0.0419,1913.05,wallet,Canara,562968,23,1,0,0,0,0,0,0,0,0,0,0,0,31
TXN0005684,2024-03-05T13:29:00,64,M0019,Services,mid,C00066,73,11,3187,0.1045,12806.52,wallet,ICICI,480185,13,1,0,0,0,1,0,0,0,1,0,0,0,58
TXN0005685,2024-03-05T08:38:00,64,M0129,Services,low,C00138,299,8,6827,0.2364,3944.63,card,Yes,529590,8,1,0,0,0,0,0,0,0,0,0,0,0,44
TXN0005686,2024-03-05T16:43:00,64,M0039,Logistics,mid,C00291,19,1,1376,0.0577,8205.37,upi,ICICI,567504,16,1,0,0,0,1,0,0,0,0,0,0,0,65
TXN0005687,2024-03-05T08:50:00,64,M0136,Logistics,mid,C00208,9,4,813,0.0891,13886.61,netbanking,ICICI,454017,8,1,0,0,0,1,0,0,0,1,0,0,0,72
TXN0005688,2024-03-05T22:59:00,64,M0196,Retail,low,C01185,768,103,17260,0.0082,23014.94,upi,HDFC,509751,22,1,0,13,0,0,1,0,0,1,0,1,1,20
TXN0005689,2024-03-05T03:22:00,64,M0005,Logistics,high,C00161,185,11,2004,0.0423,2349.94,wallet,HDFC,496082,3,1,0,0,0,0,1,1,0,0,1,1,0,30
TXN0005690,2024-03-05T10:40:00,64,M0026,Retail,high,C00670,6,4,1295,0.065,5659.48,netbanking,HDFC,482667,10,1,0,0,0,0,0,0,0,0,0,0,0,71
TXN0005691,2024-03-05T16:13:00,64,M0074,Services,high,C00619,137,11,5301,0.0478,5919.19,card,SBI,455991,16,1,0,0,0,2,0,0,1,0,0,0,0,13
TXN0005692,2024-03-05T19:50:00,64,M0076,Services,high,C00895,131,18,2727,0.1277,1019.24,upi,ICICI,484448,19,1,0,0,0,1,0,0,0,0,0,0,0,16
TXN0005693,2024-03-06T07:18:00,65,M0080,Logistics,low,C00027,238,5,7271,0.1136,11106.18,wallet,Yes,534358,7,2,0,0,0,0,0,0,0,1,0,0,0,13
TXN0005694,2024-03-06T11:34:00,65,M0053,Retail,low,C00442,734,64,24919,0.0094,19808.48,upi,Axis,486065,11,2,0,0,0,0,0,0,0,1,1,1,0,32
TXN0005695,2024-03-06T09:47:00,65,M0139,Logistics,low,C01221,170,16,6408,0.0274,29095.58,upi,SBI,545105,9,2,0,0,0,0,1,0,0,0,1,1,0,56
TXN0005696,2024-03-06T15:37:00,65,M0146,Food,mid,C00651,21,1,1571,0.0791,1290.91,wallet,PNB,534254,15,2,0,0,0,3,0,0,0,0,0,0,0,38
TXN0005697,2024-03-06T09:01:00,65,M0158,Retail,low,C00248,151,17,4537,0.044,1479.88,upi,Axis,525487,9,2,0,11,0,0,0,0,0,0,0,0,0,30
TXN0005698,2024-03-06T12:26:00,65,M0047,Logistics,low,C00803,10,1,1321,0.1485,8367.07,upi,Canara,488435,12,2,0,0,0,0,0,0,0,1,0,0,1,56
TXN0005699,2024-03-06T16:13:00,65,M0072,SaaS,high,C00327,221,7,5770,0.1545,2994.48,netbanking,Yes,443393,16,2,0,0,0,0,0,0,0,0,0,0,0,49
TXN0005700,2024-03-06T15:31:00,65,M0036,Retail,low,C01441,104,20,4111,0.0095,5143.17,wallet,HDFC,559230,15,2,0,0,0,0,0,0,0,1,0,0,0,54
TXN0005701,2024-03-06T15:47:00,65,M0047,Logistics,low,C00366,97,8,1865,0.1181,29948.24,card,HDFC,549214,15,2,0,6,0,0,0,0,0,0,0,0,0,27
TXN0005702,2024-03-06T16:46:00,65,M0062,B2B,low,C00889,6,3,1451,0.1657,15347.33,wallet,ICICI,541720,16,2,0,0,0,1,0,0,0,1,1,1,0,49
TXN0005703,2024-03-06T20:23:00,65,M0103,Services,low,C00398,5,2,752,0.1093,1097.2,wallet,Axis,447654,20,2,0,0,0,1,0,0,0,0,0,0,0,48
TXN0005704,2024-03-06T20:54:00,65,M0103,Services,low,C01424,95,7,5911,0.177,3286.35,upi,Canara,462330,20,2,0,0,0,0,0,0,0,0,0,0,0,61
TXN0005705,2024-03-06T16:23:00,65,M0032,Food,low,C00685,24,2,629,0.1519,327.75,upi,SBI,425960,16,2,0,0,0,0,0,0,0,0,0,0,0,53
TXN0005706,2024-03-06T10:31:00,65,M0121,Food,low,C01277,952,104,4871,0.0312,2463.34,card,Axis,579280,10,2,0,0,0,0,0,0,0,0,0,0,0,40
TXN0005707,2024-03-06T07:25:00,65,M0088,Food,low,C00626,200,15,3220,0.0394,3714.13,netbanking,HDFC,437249,7,2,0,0,0,0,0,0,0,0,0,0,0,26
TXN0005708,2024-03-06T08:03:00,65,M0153,Food,low,C00777,129,7,5640,0.2166,3720.56,wallet,ICICI,589081,8,2,0,0,0,1,0,1,0,0,1,1,0,40
TXN0005709,2024-03-06T08:44:00,65,M0016,Services,high,C00775,14,3,1392,0.0331,3268.58,upi,HDFC,475429,8,2,0,10,0,0,0,0,0,1,0,0,0,20
TXN0005710,2024-03-06T08:48:00,65,M0064,Food,high,C01124,109,13,1888,0.0231,4272.99,card,PNB,495996,8,2,0,0,0,0,0,1,0,1,0,1,1,38
TXN0005711,2024-03-06T06:22:00,65,M0104,Food,low,C00648,18,1,1683,0.0793,1018.4,netbanking,ICICI,469929,6,2,0,0,0,0,0,0,0,1,0,0,1,30
TXN0005712,2024-03-06T22:35:00,65,M0108,Food,high,C01411,6,4,871,0.1404,675.46,netbanking,Yes,551823,22,2,0,0,0,0,0,1,0,0,1,1,0,71
TXN0005713,2024-03-06T21:16:00,65,M0178,Logistics,low,C00505,18,4,1607,0.0104,5618.21,wallet,Kotak,591040,21,2,0,0,0,0,0,0,0,0,0,0,0,15
TXN0005714,2024-03-06T06:10:00,65,M0172,Food,mid,C00821,7,4,1949,0.2503,1719.85,card,Canara,528072,6,2,0,0,0,1,0,0,0,0,0,0,1,21
TXN0005715,2024-03-06T06:09:00,65,M0078,B2B,high,C00381,86,5,5190,0.1964,46329.77,card,ICICI,542416,6,2,0,0,0,0,0,0,0,1,1,1,0,19
TXN0005716,2024-03-06T20:52:00,65,M0190,Services,low,C00395,123,12,6681,0.0316,6640.04,card,Canara,481911,20,2,0,0,0,0,0,0,0,1,0,0,0,15
TXN0005717,2024-03-06T07:14:00,65,M0119,Retail,high,C00527,62,20,7188,0.0902,4562.07,upi,SBI,517356,7,2,0,0,1,1,0,0,0,1,0,0,0,40
TXN0005718,2024-03-06T21:11:00,65,M0094,SaaS,high,C01102,18,2,502,0.0708,651.84,netbanking,Yes,406363,21,2,0,0,0,1,0,0,0,1,0,0,0,34
TXN0005719,2024-03-06T19:16:00,65,M0125,Retail,low,C00865,5,3,994,0.0664,2216.29,wallet,SBI,558169,19,2,0,0,0,0,0,0,0,0,0,0,0,17
TXN0005720,2024-03-06T09:20:00,65,M0085,SaaS,mid,C00903,25,4,727,0.0815,481.32,netbanking,Yes,416105,9,2,0,0,0,0,0,0,0,0,0,0,0,42
TXN0005721,2024-03-06T19:55:00,65,M0184,Logistics,high,C01425,25,4,1901,0.0218,17372.17,card,Canara,492018,19,2,0,0,0,3,0,0,0,0,1,1,0,22
TXN0005722,2024-03-06T23:50:00,65,M0187,SaaS,high,C00007,283,18,6084,0.1851,2419.26,wallet,Axis,522678,23,2,0,0,0,0,0,0,0,0,0,0,0,34
TXN0005723,2024-03-06T10:23:00,65,M0182,Retail,high,C00303,64,7,1112,0.0787,1960.57,wallet,Yes,486989,10,2,0,0,0,1,0,0,0,0,0,0,0,29
TXN0005724,2024-03-06T10:12:00,65,M0090,Logistics,mid,C00651,21,1,1571,0.0791,13505.21,netbanking,Canara,400271,10,2,0,1,1,4,0,0,0,1,0,0,1,49
TXN0005725,2024-03-06T12:34:00,65,M0138,Services,mid,C00557,161,5,6949,0.0163,5454.38,card,PNB,548884,12,2,0,0,0,1,0,0,0,0,0,0,0,21
TXN0005726,2024-03-06T11:57:00,65,M0078,B2B,high,C00194,804,87,4378,0.0061,33269.24,netbanking,HDFC,508346,11,2,0,0,1,1,0,0,0,0,1,1,0,15
TXN0005727,2024-03-06T15:16:00,65,M0052,Logistics,mid,C00484,126,18,5625,0.0606,5191.4,upi,HDFC,439491,15,2,0,0,0,1,0,0,0,1,0,0,0,49
TXN0005728,2024-03-06T23:37:00,65,M0004,Logistics,low,C00191,237,13,5997,0.1009,6074.09,card,ICICI,491425,23,2,0,6,0,0,0,0,0,1,0,0,0,67
TXN0005729,2024-03-06T23:41:00,65,M0127,Food,low,C00296,15,3,1112,0.0281,777.02,card,Kotak,422906,23,2,0,14,0,0,0,0,0,0,0,0,1,39
TXN0005730,2024-03-06T18:21:00,65,M0163,Logistics,high,C00567,17,2,1649,0.1358,3841.1,wallet,Axis,537793,18,2,0,0,0,0,0,0,0,1,0,0,0,36
TXN0005731,2024-03-06T18:45:00,65,M0030,B2B,high,C00233,12,4,1666,0.1861,15266.01,upi,ICICI,430474,18,2,0,0,0,0,0,0,0,0,0,0,1,24
TXN0005732,2024-03-06T17:47:00,65,M0046,SaaS,high,C00359,13,1,809,0.2172,1079.91,card,ICICI,560758,17,2,0,0,0,0,0,0,0,1,0,0,0,52
TXN0005733,2024-03-06T06:12:00,65,M0117,SaaS,low,C00858,77,7,3771,0.0765,3083.32,upi,Yes,521498,6,2,0,0,0,0,0,0,0,1,0,0,0,46
TXN0005734,2024-03-06T06:46:00,65,M0187,SaaS,high,C01480,19,4,906,0.0555,1986.28,upi,Canara,420107,6,2,0,0,0,0,0,0,0,0,0,0,0,71
TXN0005735,2024-03-06T10:57:00,65,M0031,Food,mid,C01386,785,103,16955,0.0407,6547.14,netbanking,PNB,543617,10,2,0,13,0,1,0,0,0,1,0,0,0,56
TXN0005736,2024-03-06T15:36:00,65,M0083,B2B,low,C01188,22,1,1190,0.1683,72522.47,wallet,SBI,515538,15,2,0,0,0,1,0,0,0,1,1,1,0,40
TXN0005737,2024-03-06T13:29:00,65,M0023,Services,low,C00523,973,109,20713,0.0508,29674.34,wallet,PNB,593707,13,2,0,0,0,0,1,0,0,0,1,1,0,48
TXN0005738,2024-03-06T14:27:00,65,M0059,Logistics,mid,C01398,9,4,1905,0.069,9012.39,card,Kotak,533750,14,2,0,0,0,0,0,0,0,0,0,0,1,51
TXN0005739,2024-03-06T11:23:00,65,M0038,B2B,mid,C01186,985,55,11992,0.0131,10588.08,upi,PNB,462814,11,2,0,0,0,0,0,0,0,0,0,0,1,49
TXN0005740,2024-03-06T13:44:00,65,M0183,Retail,mid,C00058,6,2,1129,0.0777,658.02,netbanking,Canara,491526,13,2,0,0,0,1,0,0,0,0,1,1,0,27
TXN0005741,2024-03-06T20:31:00,65,M0088,Food,low,C01060,157,10,4057,0.1045,2128.28,wallet,ICICI,535438,20,2,0,0,0,1,0,0,0,0,0,0,0,56
TXN0005742,2024-03-06T14:05:00,65,M0176,SaaS,low,C01493,217,8,4914,0.0859,2391.4,netbanking,HDFC,594528,14,2,0,0,0,0,0,0,0,0,0,0,0,72
TXN0005743,2024-03-06T11:52:00,65,M0092,Food,low,C01321,14,2,1098,0.1209,828.15,card,SBI,442192,11,2,0,0,0,1,0,0,0,0,0,0,1,60
TXN0005744,2024-03-06T13:17:00,65,M0158,Retail,low,C00544,19,3,1611,0.17,2069.55,netbanking,Yes,598605,13,2,0,0,0,0,0,0,0,1,0,0,1,65
TXN0005745,2024-03-06T22:33:00,65,M0145,SaaS,low,C01428,178,8,7583,0.1156,2513.78,wallet,Axis,592489,22,2,0,12,0,0,0,0,0,1,0,0,0,21
TXN0005746,2024-03-06T18:26:00,65,M0093,SaaS,mid,C01140,83,16,4816,0.0681,4412.43,card,ICICI,434225,18,2,0,0,0,0,0,0,0,1,0,0,0,29
TXN0005747,2024-03-06T10:18:00,65,M0174,SaaS,low,C01479,922,53,17547,0.0327,5561.62,wallet,PNB,461976,10,2,0,0,0,0,0,0,0,1,0,0,0,23
TXN0005748,2024-03-06T21:35:00,65,M0137,B2B,mid,C00749,21,1,1460,0.0459,13383.93,wallet,PNB,593168,21,2,0,11,0,1,0,0,0,1,0,0,1,32
TXN0005749,2024-03-06T20:01:00,65,M0157,SaaS,mid,C00298,114,9,4372,0.1389,3470.65,upi,Canara,422073,20,2,0,0,0,0,0,0,0,0,1,1,0,71
TXN0005750,2024-03-06T12:28:00,65,M0175,Food,low,C00155,243,18,2365,0.2072,646.83,upi,ICICI,500546,12,2,0,0,0,0,0,0,0,1,0,0,0,29
TXN0005751,2024-03-06T04:53:00,65,M0051,Food,low,C00975,145,5,5985,0.0929,4710.83,wallet,Kotak,497895,4,2,0,0,1,1,1,0,0,0,1,1,0,27
TXN0005752,2024-03-06T10:59:00,65,M0108,Food,high,C00078,122,18,5636,0.166,1768.2,upi,SBI,501513,10,2,0,0,0,1,0,0,0,0,0,0,0,46
TXN0005753,2024-03-06T15:26:00,65,M0049,Services,mid,C00750,260,8,5929,0.0549,2211.83,netbanking,ICICI,497968,15,2,0,0,0,0,0,1,0,0,1,1,0,57
TXN0005754,2024-03-06T16:07:00,65,M0174,SaaS,low,C01465,199,13,5560,0.1649,2423.46,netbanking,ICICI,412640,16,2,0,0,0,1,0,0,0,0,1,1,0,72
TXN0005755,2024-03-06T14:40:00,65,M0134,Services,low,C01243,240,17,5202,0.0226,3262.67,wallet,Kotak,432138,14,2,0,0,0,1,0,0,0,1,0,0,0,43
TXN0005756,2024-03-06T18:39:00,65,M0164,Logistics,high,C01435,239,13,5654,0.071,11148.9,card,Canara,499816,18,2,0,0,0,2,0,0,0,0,0,0,0,31
TXN0005757,2024-03-06T08:17:00,65,M0096,Food,mid,C01481,91,10,7198,0.0378,2559.6,upi,Canara,479630,8,2,0,0,0,1,1,0,0,0,1,1,0,64
TXN0005758,2024-03-06T15:39:00,65,M0130,Food,low,C00398,5,2,752,0.1093,477.99,card,Yes,498404,15,2,0,1,1,2,0,0,0,0,0,0,1,50
TXN0005759,2024-03-06T05:08:00,65,M0056,Retail,low,C00896,126,19,3236,0.055,8364.0,netbanking,Kotak,426537,5,2,0,0,0,0,0,0,0,0,1,1,0,70
TXN0005760,2024-03-06T05:06:00,65,M0178,Logistics,low,C01058,295,6,5975,0.0554,17802.6,card,Canara,596563,5,2,0,0,0,0,0,0,0,1,1,1,0,33
TXN0005761,2024-03-06T09:00:00,65,M0116,Services,low,C00008,105,18,1203,0.0328,2112.69,netbanking,SBI,429250,9,2,0,0,0,1,0,0,0,1,0,0,0,63
TXN0005762,2024-03-06T09:50:00,65,M0074,Services,high,C00373,259,5,2423,0.0326,5462.37,netbanking,Canara,453392,9,2,0,0,0,1,0,0,0,0,0,0,0,24
TXN0005763,2024-03-06T08:14:00,65,M0011,Food,low,C00701,19,4,1356,0.0281,704.36,upi,SBI,474320,8,2,0,0,0,0,0,0,0,1,0,0,0,33
TXN0005764,2024-03-06T17:06:00,65,M0177,Food,low,C01321,14,2,1098,0.1209,1906.17,netbanking,Axis,499984,17,2,0,0,1,1,0,0,0,0,0,0,1,50
TXN0005765,2024-03-06T13:21:00,65,M0103,Services,low,C00644,211,17,6121,0.065,1955.79,upi,HDFC,541284,13,2,0,0,0,5,0,0,0,0,0,0,0,59
TXN0005766,2024-03-06T06:42:00,65,M0133,SaaS,mid,C01064,99,18,2014,0.1697,3530.16,netbanking,HDFC,532114,6,2,0,0,0,0,0,0,0,0,0,0,0,53
TXN0005767,2024-03-06T20:11:00,65,M0135,Retail,low,C01477,9,3,641,0.0741,3379.89,wallet,ICICI,522832,20,2,0,0,0,0,0,0,0,0,0,0,1,18
TXN0005768,2024-03-06T10:20:00,65,M0092,Food,low,C00926,78,16,1245,0.1055,1016.51,upi,ICICI,421065,10,2,0,0,0,1,0,0,0,0,0,0,0,36
TXN0005769,2024-03-06T11:56:00,65,M0038,B2B,mid,C00451,19,4,1309,0.0308,20254.17,upi,Kotak,402204,11,2,0,0,0,0,0,0,0,0,0,0,1,42
TXN0005770,2024-03-06T03:40:00,65,M0190,Services,low,C01378,23,4,818,0.0869,4143.54,upi,HDFC,475608,3,2,0,0,0,0,0,0,0,0,1,1,0,15
TXN0005771,2024-03-06T04:30:00,65,M0052,Logistics,mid,C01183,243,15,2751,0.0611,12332.47,netbanking,Kotak,458870,4,2,0,0,0,1,0,0,0,0,1,1,0,12
TXN0005772,2024-03-06T08:11:00,65,M0125,Retail,low,C00707,138,10,6761,0.0794,1061.65,upi,HDFC,497498,8,2,0,0,0,0,0,0,0,0,0,0,0,66
TXN0005773,2024-03-07T07:55:00,66,M0195,Food,high,C00275,197,10,5545,0.0476,4120.7,wallet,Yes,522039,7,3,0,0,0,0,0,0,0,1,1,1,0,25
TXN0005774,2024-03-07T20:21:00,66,M0198,Food,mid,C00211,21,4,738,0.1348,1660.48,wallet,ICICI,455515,20,3,0,0,0,0,1,0,0,0,1,1,0,28
TXN0005775,2024-03-07T19:02:00,66,M0140,Logistics,high,C00986,197,9,5528,0.1525,8824.98,netbanking,Canara,418560,19,3,0,0,0,1,0,1,0,0,1,1,0,56
TXN0005776,2024-03-07T13:57:00,66,M0097,Services,low,C00871,21,4,1704,0.0778,1487.61,card,ICICI,526540,13,3,0,0,0,0,0,0,0,0,0,0,0,45
TXN0005777,2024-03-07T03:07:00,66,M0137,B2B,mid,C01485,738,85,24212,0.0582,39844.59,netbanking,Canara,427692,3,3,0,0,0,1,0,0,0,1,1,1,0,19
TXN0005778,2024-03-07T09:36:00,66,M0007,Food,mid,C00091,198,18,5811,0.0763,2402.73,upi,ICICI,417810,9,3,0,0,0,0,0,0,0,0,0,0,0,38
TXN0005779,2024-03-07T08:04:00,66,M0196,Retail,low,C00741,993,74,23579,0.0051,10426.62,card,PNB,421951,8,3,0,0,0,0,0,0,0,0,1,1,0,27
TXN0005780,2024-03-07T15:05:00,66,M0106,Services,high,C00171,127,11,7282,0.1708,9655.77,netbanking,SBI,401423,15,3,0,0,0,0,0,0,0,0,0,0,0,61
TXN0005781,2024-03-07T14:25:00,66,M0009,Retail,low,C01406,854,117,21647,0.0155,7147.23,wallet,SBI,559101,14,3,0,0,0,0,0,0,0,1,0,0,0,44
TXN0005782,2024-03-07T13:21:00,66,M0082,B2B,high,C01256,14,3,1299,0.3112,17192.62,upi,Canara,511620,13,3,0,0,0,0,1,0,0,0,1,1,0,65
TXN0005783,2024-03-07T21:06:00,66,M0045,Food,high,C01233,239,11,5229,0.0346,2527.91,upi,ICICI,527330,21,3,0,0,0,2,1,0,0,0,1,1,0,65
TXN0005784,2024-03-07T12:34:00,66,M0050,Logistics,high,C00734,20,3,635,0.1512,13572.46,wallet,Canara,505650,12,3,0,0,0,0,0,0,0,0,0,0,1,16
TXN0005785,2024-03-07T21:44:00,66,M0148,SaaS,mid,C00431,101,14,6598,0.0446,5898.13,card,Canara,511159,21,3,0,0,0,1,0,0,0,0,0,0,0,61
TXN0005786,2024-03-07T21:20:00,66,M0190,Services,low,C00611,236,14,3084,0.1764,2849.76,wallet,SBI,515444,21,3,0,0,0,0,0,0,0,1,0,0,0,23
TXN0005787,2024-03-07T12:45:00,66,M0037,Retail,mid,C00557,161,5,6949,0.0163,3505.47,netbanking,HDFC,446198,12,3,0,0,0,1,0,0,0,0,0,0,0,61
TXN0005788,2024-03-07T08:42:00,66,M0017,B2B,low,C01266,71,5,6896,0.0768,13796.8,netbanking,HDFC,540743,8,3,0,0,0,1,0,0,0,0,1,1,0,68
TXN0005789,2024-03-07T16:23:00,66,M0184,Logistics,high,C01021,277,6,5906,0.0539,9503.17,upi,Canara,482940,16,3,0,0,0,0,0,0,0,0,0,0,0,29
TXN0005790,2024-03-07T12:20:00,66,M0199,SaaS,mid,C00380,17,3,1440,0.0452,2842.79,wallet,ICICI,448928,12,3,0,0,0,0,0,0,0,0,0,0,0,29
TXN0005791,2024-03-07T12:48:00,66,M0049,Services,mid,C00178,20,4,1085,0.1022,2025.39,upi,HDFC,485124,12,3,0,0,0,1,1,0,0,0,1,1,0,50
TXN0005792,2024-03-07T16:29:00,66,M0041,B2B,low,C00114,71,12,4237,0.0363,14919.3,card,Yes,421074,16,3,0,0,0,0,0,0,0,0,1,1,0,50
TXN0005793,2024-03-07T06:29:00,66,M0114,Logistics,mid,C00169,92,14,6033,0.1224,5645.86,netbanking,Kotak,555719,6,3,0,0,0,0,0,1,0,0,1,1,0,50
TXN0005794,2024-03-07T11:39:00,66,M0068,B2B,low,C01217,960,117,8732,0.0057,40307.33,card,HDFC,528591,11,3,0,0,0,0,0,0,0,1,1,1,0,46
TXN0005795,2024-03-07T12:13:00,66,M0142,Retail,mid,C00373,259,5,2423,0.0326,3448.54,upi,ICICI,512182,12,3,0,0,0,2,0,0,0,0,0,0,0,12
TXN0005796,2024-03-07T22:40:00,66,M0054,Retail,mid,C00452,881,68,12766,0.0175,2426.38,card,ICICI,405695,22,3,0,0,0,0,0,0,0,0,0,0,0,58
TXN0005797,2024-03-07T11:16:00,66,M0065,B2B,high,C00226,94,17,2989,0.0739,14663.28,netbanking,SBI,417586,11,3,0,0,0,0,1,0,0,0,1,1,0,50
TXN0005798,2024-03-07T11:08:00,66,M0142,Retail,mid,C01147,236,10,6707,0.0762,3219.91,upi,Yes,444240,11,3,0,0,0,0,0,0,0,0,0,0,0,37
TXN0005799,2024-03-07T07:22:00,66,M0169,Food,low,C00498,261,12,6545,0.1476,2497.62,upi,Yes,592246,7,3,0,0,0,0,0,0,0,0,0,0,0,68
TXN0005800,2024-03-07T07:17:00,66,M0102,Retail,high,C01262,170,20,3485,0.2024,1213.63,card,Yes,557026,7,3,0,0,0,0,0,0,0,1,0,0,0,36
TXN0005801,2024-03-07T16:48:00,66,M0091,Logistics,high,C01243,240,17,5202,0.0226,9642.79,wallet,Canara,447109,16,3,0,0,0,1,0,0,0,0,0,0,0,66
TXN0005802,2024-03-07T10:31:00,66,M0138,Services,mid,C00394,69,11,6985,0.0758,7976.71,upi,Canara,574051,10,3,0,0,0,0,0,0,0,0,0,0,0,40
TXN0005803,2024-03-07T07:33:00,66,M0193,B2B,low,C00714,7,3,1207,0.065,8574.73,card,Yes,509744,7,3,0,0,0,0,0,0,0,1,0,0,1,72
TXN0005804,2024-03-07T19:54:00,66,M0009,Retail,low,C00270,170,17,1239,0.1579,1536.57,netbanking,PNB,515356,19,3,0,0,0,0,0,0,0,0,0,0,0,43
TXN0005805,2024-03-07T09:36:00,66,M0128,B2B,high,C01416,206,7,6172,0.1246,20037.88,wallet,SBI,444623,9,3,0,0,0,0,0,1,0,1,1,1,0,57
TXN0005806,2024-03-07T20:57:00,66,M0037,Retail,mid,C00143,1000,104,6643,0.0326,5619.33,netbanking,PNB,453969,20,3,0,0,0,0,0,0,0,1,0,0,0,70
TXN0005807,2024-03-07T14:55:00,66,M0049,Services,mid,C00839,9,4,1493,0.0814,2779.92,upi,ICICI,510524,14,3,0,0,0,0,0,0,0,0,0,0,1,14
TXN0005808,2024-03-07T10:38:00,66,M0068,B2B,low,C01310,784,79,24837,0.0081,28387.05,netbanking,PNB,481044,10,3,0,8,0,1,1,0,0,1,0,1,1,35
TXN0005809,2024-03-07T05:51:00,66,M0196,Retail,low,C00091,198,18,5811,0.0763,3787.93,wallet,SBI,406617,5,3,0,1,1,2,1,0,0,1,1,1,0,18
TXN0005810,2024-03-07T21:04:00,66,M0142,Retail,mid,C00803,10,1,1321,0.1485,1356.16,upi,Yes,560637,21,3,0,0,0,1,0,0,0,0,0,0,1,71
TXN0005811,2024-03-07T14:14:00,66,M0007,Food,mid,C01373,238,7,5638,0.023,10269.71,upi,Canara,449563,14,3,0,0,0,0,0,0,0,1,0,0,0,41
TXN0005812,2024-03-07T01:29:00,66,M0189,SaaS,mid,C00313,188,6,2469,0.0733,4248.03,wallet,HDFC,514968,1,3,0,1,0,0,0,0,0,1,1,1,0,28
TXN0005813,2024-03-07T10:28:00,66,M0160,Services,mid,C00723,133,10,2436,0.1886,3502.92,netbanking,PNB,545672,10,3,0,0,0,2,0,0,0,0,0,0,0,56
TXN0005814,2024-03-07T11:25:00,66,M0039,Logistics,mid,C01111,200,20,5413,0.0781,12436.08,wallet,SBI,559173,11,3,0,0,0,2,0,0,0,1,0,0,0,53
TXN0005815,2024-03-07T05:39:00,66,M0099,B2B,low,C00593,288,9,4220,0.0945,29100.69,card,Axis,578004,5,3,0,0,0,0,0,0,0,0,0,1,1,26
TXN0005816,2024-03-07T14:19:00,66,M0110,Food,high,C00282,851,76,22265,0.0191,12054.45,card,Kotak,446379,14,3,0,0,0,0,0,1,0,1,1,1,0,68
TXN0005817,2024-03-07T18:23:00,66,M0099,B2B,low,C00184,241,14,4890,0.1259,69612.94,netbanking,ICICI,530940,18,3,0,0,0,0,0,0,0,0,1,1,0,62
TXN0005818,2024-03-07T03:10:00,66,M0094,SaaS,high,C00542,75,16,6280,0.0499,2715.64,upi,Axis,562164,3,3,0,0,0,0,1,0,0,0,1,1,0,49
TXN0005819,2024-03-07T04:56:00,66,M0138,Services,mid,C00899,268,17,7778,0.0887,12021.68,netbanking,ICICI,495500,4,3,0,0,0,0,0,0,0,0,1,1,0,22
TXN0005820,2024-03-07T23:19:00,66,M0121,Food,low,C00179,255,17,3997,0.1177,3180.36,upi,Yes,402360,23,3,0,0,0,0,1,0,0,0,1,1,0,34
TXN0005821,2024-03-07T13:23:00,66,M0029,Retail,high,C00873,280,8,6689,0.038,3128.79,upi,Yes,511428,13,3,0,0,0,0,0,0,0,1,0,0,0,44
TXN0005822,2024-03-07T08:54:00,66,M0115,Services,high,C00163,25,2,1240,0.1129,2342.41,netbanking,Canara,532561,8,3,0,0,0,0,0,0,0,0,0,0,0,40
TXN0005823,2024-03-07T20:08:00,66,M0069,SaaS,high,C01001,6,3,514,0.1072,404.06,card,SBI,506815,20,3,0,0,0,0,0,0,0,0,0,0,0,49
TXN0005824,2024-03-07T14:11:00,66,M0058,B2B,low,C01211,878,79,20212,0.0123,38717.99,netbanking,ICICI,465807,14,3,0,0,0,0,0,0,0,1,1,1,0,52
TXN0005825,2024-03-07T09:14:00,66,M0092,Food,low,C00256,145,18,7680,0.1863,7847.38,card,Canara,544580,9,3,0,0,0,0,1,0,0,0,1,1,0,69
TXN0005826,2024-03-07T10:49:00,66,M0022,Retail,low,C01083,194,5,2367,0.1078,1850.94,upi,PNB,501109,10,3,0,0,0,0,0,0,0,0,0,0,0,44
TXN0005827,2024-03-07T07:54:00,66,M0057,Food,high,C01166,199,7,5684,0.0932,1596.48,netbanking,Axis,423899,7,3,0,0,0,0,0,0,0,1,0,0,0,37
TXN0005828,2024-03-07T20:13:00,66,M0071,Retail,low,C00754,16,4,1368,0.0617,1215.44,netbanking,Canara,477437,20,3,0,0,0,0,0,0,0,0,0,0,0,50
TXN0005829,2024-03-07T09:49:00,66,M0075,Retail,mid,C00662,911,105,23004,0.0401,18373.08,upi,Axis,568490,9,3,0,0,0,0,0,0,0,0,0,0,0,38
TXN0005830,2024-03-07T12:35:00,66,M0035,SaaS,mid,C01173,790,93,14363,0.0125,4151.04,card,Canara,481370,12,3,0,0,0,0,0,0,0,1,0,0,0,16
TXN0005831,2024-03-07T09:58:00,66,M0066,Food,mid,C00028,842,112,10190,0.0064,6435.86,card,SBI,565417,9,3,0,0,0,0,0,1,0,0,1,1,0,12
TXN0005832,2024-03-07T22:07:00,66,M0079,Retail,high,C01113,181,9,1902,0.0152,2873.53,wallet,Yes,401462,22,3,0,0,0,0,0,0,0,0,0,0,1,23
TXN0005833,2024-03-07T11:00:00,66,M0141,Logistics,low,C01206,243,17,4210,0.0573,3765.38,wallet,ICICI,459287,11,3,0,0,0,0,0,0,0,1,0,0,0,62
TXN0005834,2024-03-07T10:22:00,66,M0117,SaaS,low,C00372,254,16,7725,0.0291,5063.28,netbanking,Axis,416568,10,3,0,0,0,0,0,0,0,0,0,0,0,71
TXN0005835,2024-03-07T18:42:00,66,M0095,Food,low,C01278,877,118,18188,0.0099,23599.14,netbanking,Yes,524226,18,3,0,0,0,0,0,0,0,0,0,0,0,59
TXN0005836,2024-03-07T23:22:00,66,M0119,Retail,high,C00684,263,8,4737,0.1664,4656.91,card,ICICI,504132,23,3,0,0,0,0,1,0,0,0,1,1,0,38
TXN0005837,2024-03-07T13:43:00,66,M0029,Retail,high,C00571,11,2,917,0.0974,3567.27,upi,Canara,580431,13,3,0,1,0,0,0,0,0,0,1,1,0,49
TXN0005838,2024-03-07T09:32:00,66,M0171,Retail,low,C01371,76,11,7758,0.0835,3280.61,wallet,Canara,571134,9,3,0,0,0,0,0,0,0,1,0,0,0,22
TXN0005839,2024-03-07T05:22:00,66,M0045,Food,high,C00410,17,3,1752,0.01,438.98,netbanking,SBI,432615,5,3,0,0,0,0,1,0,0,1,1,1,0,27
TXN0005840,2024-03-07T18:39:00,66,M0040,SaaS,mid,C01101,22,3,1785,0.1531,3457.14,upi,SBI,521798,18,3,0,0,0,1,0,0,0,0,0,0,0,30
TXN0005841,2024-03-07T16:21:00,66,M0160,Services,mid,C00957,270,10,4400,0.043,1823.5,netbanking,Kotak,456181,16,3,0,0,0,0,0,0,0,1,0,0,0,35
TXN0005842,2024-03-07T20:46:00,66,M0134,Services,low,C01121,100,13,1753,0.1255,3046.62,netbanking,ICICI,593863,20,3,0,1,0,0,0,0,0,1,1,1,0,43
TXN0005843,2024-03-07T13:51:00,66,M0160,Services,mid,C01131,246,15,4665,0.1882,5747.96,card,PNB,566251,13,3,0,7,0,0,0,0,0,1,0,0,0,12
TXN0005844,2024-03-07T21:35:00,66,M0111,Logistics,low,C00804,23,1,528,0.1041,7095.16,netbanking,Kotak,497100,21,3,0,0,0,0,0,0,0,1,0,0,1,64
TXN0005845,2024-03-07T10:41:00,66,M0061,Services,low,C00269,192,10,5521,0.0392,1410.49,wallet,PNB,462401,10,3,0,0,0,1,0,0,0,0,0,0,0,34
TXN0005846,2024-03-07T07:51:00,66,M0034,Retail,high,C00442,734,64,24919,0.0094,12026.93,netbanking,Axis,558371,7,3,0,0,1,1,0,0,0,0,0,0,0,30
TXN0005847,2024-03-07T13:00:00,66,M0084,B2B,mid,C00769,20,4,1474,0.1538,25411.34,upi,Axis,454840,13,3,0,10,0,1,0,0,0,1,0,0,1,20
TXN0005848,2024-03-07T20:31:00,66,M0028,Retail,mid,C00396,14,4,1990,0.0986,939.59,wallet,HDFC,562174,20,3,0,0,0,1,0,0,0,1,0,0,0,51
TXN0005849,2024-03-07T09:53:00,66,M0046,SaaS,high,C01243,240,17,5202,0.0226,6760.98,upi,PNB,402196,9,3,0,1,2,2,0,0,0,0,0,0,0,61
TXN0005850,2024-03-07T21:47:00,66,M0008,Retail,low,C00145,121,9,3386,0.0925,2422.17,card,ICICI,513989,21,3,0,0,0,0,0,0,0,0,0,0,0,53
TXN0005851,2024-03-07T17:30:00,66,M0092,Food,low,C01404,136,6,5880,0.0288,3263.9,netbanking,Canara,501762,17,3,0,0,0,0,1,0,0,0,1,1,0,22
TXN0005852,2024-03-07T07:56:00,66,M0096,Food,mid,C00426,215,12,3241,0.083,5759.2,upi,Yes,422339,7,3,0,0,0,0,0,1,0,0,1,1,0,70
TXN0005853,2024-03-07T11:45:00,66,M0087,Logistics,mid,C01406,854,117,21647,0.0155,65828.89,card,Axis,437958,11,3,0,1,1,1,0,0,0,0,1,1,0,53
TXN0005854,2024-03-07T13:14:00,66,M0147,SaaS,mid,C00996,298,17,6726,0.0867,11694.46,wallet,PNB,504030,13,3,0,0,0,0,0,0,0,0,0,0,0,66
TXN0005855,2024-03-07T13:20:00,66,M0136,Logistics,mid,C01488,807,73,14962,0.0496,4714.0,wallet,Yes,441735,13,3,0,0,0,0,0,1,0,0,0,1,0,53
TXN0005856,2024-03-07T10:17:00,66,M0168,Food,high,C00876,132,11,2499,0.2469,897.69,card,SBI,505589,10,3,0,0,0,1,0,0,0,0,0,0,0,16
TXN0005857,2024-03-07T13:43:00,66,M0165,Services,low,C00915,220,18,1538,0.0196,2437.61,upi,Canara,482209,13,3,0,0,0,0,0,0,0,1,0,0,0,41
TXN0005858,2024-03-07T00:04:00,66,M0113,Services,high,C01357,5,3,659,0.0843,4247.63,netbanking,ICICI,423124,0,3,0,0,0,0,0,0,0,1,0,0,1,31
TXN0005859,2024-03-07T08:44:00,66,M0132,Food,mid,C00505,18,4,1607,0.0104,1169.06,netbanking,SBI,448491,8,3,0,0,1,1,0,0,0,0,0,0,0,72
TXN0005860,2024-03-07T12:25:00,66,M0004,Logistics,low,C00680,76,14,5093,0.1005,9301.42,netbanking,SBI,458882,12,3,0,10,0,0,0,0,0,0,0,0,0,28
TXN0005861,2024-03-07T16:27:00,66,M0145,SaaS,low,C01174,13,1,894,0.1125,862.16,card,HDFC,417031,16,3,0,0,0,0,0,0,0,1,0,0,0,59
TXN0005862,2024-03-07T18:33:00,66,M0127,Food,low,C00508,167,16,3990,0.0381,2148.38,upi,Yes,420178,18,3,0,0,0,0,0,0,1,0,0,0,0,27
TXN0005863,2024-03-07T03:38:00,66,M0012,Food,low,C01163,818,101,13424,0.0147,12030.81,card,Yes,500634,3,3,0,0,0,0,0,0,0,0,0,1,0,27
TXN0005864,2024-03-07T08:56:00,66,M0030,B2B,high,C00761,187,13,7265,0.1654,20169.1,netbanking,PNB,469003,8,3,0,0,0,1,0,0,0,0,0,0,0,38
TXN0005865,2024-03-08T09:16:00,67,M0198,Food,mid,C01323,896,81,24706,0.0128,7816.91,netbanking,Yes,439645,9,4,0,0,0,0,0,0,0,0,0,0,0,41
TXN0005866,2024-03-08T10:48:00,67,M0134,Services,low,C00042,186,15,2489,0.1032,6818.74,upi,SBI,450502,10,4,0,0,0,0,0,1,0,1,0,1,0,49
TXN0005867,2024-03-08T11:15:00,67,M0007,Food,mid,C01063,16,2,1323,0.0664,1716.86,wallet,PNB,528252,11,4,0,0,0,0,0,0,0,1,0,0,0,54
TXN0005868,2024-03-08T10:02:00,67,M0126,B2B,low,C00922,111,11,7432,0.022,56841.72,netbanking,Kotak,559585,10,4,0,0,0,0,0,0,0,0,1,1,0,31
TXN0005869,2024-03-08T15:13:00,67,M0179,Services,low,C00384,5,4,1105,0.0554,2448.27,upi,Axis,469369,15,4,0,0,0,0,0,0,0,1,0,0,0,69
TXN0005870,2024-03-08T22:30:00,67,M0037,Retail,mid,C01019,794,116,24749,0.0205,4982.42,netbanking,ICICI,518999,22,4,0,0,0,0,0,1,0,0,1,1,0,26
TXN0005871,2024-03-08T16:39:00,67,M0009,Retail,low,C00818,270,13,5614,0.1067,5035.72,card,Canara,416696,16,4,0,8,0,0,0,0,0,0,0,0,0,62
TXN0005872,2024-03-08T08:49:00,67,M0135,Retail,low,C01085,162,13,2695,0.0494,2850.03,upi,PNB,589283,8,4,0,13,0,0,0,0,0,1,0,0,0,61
TXN0005873,2024-03-08T09:39:00,67,M0004,Logistics,low,C01486,5,2,1562,0.0303,10788.59,wallet,PNB,446007,9,4,0,0,0,0,0,0,0,0,0,0,0,14
TXN0005874,2024-03-08T14:21:00,67,M0085,SaaS,mid,C00012,140,18,5966,0.0165,2627.33,upi,Kotak,543989,14,4,0,0,0,0,0,0,0,1,0,0,0,67
TXN0005875,2024-03-08T12:31:00,67,M0134,Services,low,C01010,988,54,7189,0.0172,5395.16,upi,Canara,551963,12,4,0,0,0,0,0,0,0,0,0,0,0,48
TXN0005876,2024-03-08T14:43:00,67,M0196,Retail,low,C00153,187,16,7531,0.082,3281.54,upi,PNB,494835,14,4,0,0,0,1,0,0,0,0,0,0,0,46
TXN0005877,2024-03-08T17:04:00,67,M0000,Logistics,low,C01037,264,15,2007,0.014,7114.92,wallet,HDFC,578369,17,4,0,0,0,1,0,0,0,1,0,0,0,54
TXN0005878,2024-03-08T19:29:00,67,M0135,Retail,low,C00691,6,2,1968,0.0842,1303.35,netbanking,Axis,558445,19,4,0,0,0,0,0,0,0,0,0,0,1,39
TXN0005879,2024-03-08T09:25:00,67,M0072,SaaS,high,C00187,270,12,1258,0.1298,891.25,upi,Kotak,464696,9,4,0,0,0,1,0,0,0,0,0,0,0,48
TXN0005880,2024-03-08T10:21:00,67,M0086,Retail,high,C00530,869,86,24248,0.023,6469.31,wallet,PNB,528225,10,4,0,11,0,0,0,0,0,1,0,0,0,57
TXN0005881,2024-03-08T22:03:00,67,M0091,Logistics,high,C01170,777,59,19195,0.0443,19328.44,card,PNB,590567,22,4,0,0,0,0,0,0,0,0,1,1,0,58
TXN0005882,2024-03-08T06:21:00,67,M0191,Logistics,high,C00498,261,12,6545,0.1476,34401.13,wallet,Canara,556472,6,4,0,0,1,1,0,0,0,0,1,1,0,15
TXN0005883,2024-03-08T07:09:00,67,M0004,Logistics,low,C00285,799,102,4942,0.075,8228.96,wallet,Kotak,489070,7,4,0,0,0,0,0,0,0,1,0,0,0,16
TXN0005884,2024-03-08T12:01:00,67,M0081,Logistics,high,C00733,19,4,1406,0.0532,8805.54,netbanking,Canara,570149,12,4,0,0,0,0,0,1,0,0,1,1,0,34
TXN0005885,2024-03-08T18:26:00,67,M0027,Services,high,C00390,180,11,5099,0.0301,2117.81,netbanking,Axis,517706,18,4,0,0,0,0,0,0,0,0,0,0,0,61
TXN0005886,2024-03-08T10:06:00,67,M0116,Services,low,C00334,142,17,3215,0.0486,5205.91,upi,Axis,559274,10,4,0,0,0,0,1,0,0,1,1,1,0,72
TXN0005887,2024-03-08T21:44:00,67,M0064,Food,high,C01394,256,12,4023,0.0716,647.48,wallet,PNB,562541,21,4,0,0,0,0,0,0,1,0,0,0,0,53
TXN0005888,2024-03-08T11:12:00,67,M0170,Logistics,mid,C00111,21,2,1270,0.0829,15503.84,wallet,SBI,424510,11,4,0,0,0,0,0,0,0,0,0,0,1,63
TXN0005889,2024-03-08T11:20:00,67,M0136,Logistics,mid,C00200,274,10,1297,0.0557,14184.78,card,SBI,552245,11,4,0,0,0,0,1,0,0,0,1,1,0,39
TXN0005890,2024-03-08T11:56:00,67,M0124,Retail,low,C00595,91,7,1935,0.1952,5718.16,netbanking,Kotak,578304,11,4,0,0,0,0,0,0,0,1,0,0,0,68
TXN0005891,2024-03-08T02:32:00,67,M0042,Logistics,mid,C00192,882,86,9792,0.023,9879.22,card,HDFC,424959,2,4,0,0,0,0,0,0,0,0,0,1,0,67
TXN0005892,2024-03-08T15:13:00,67,M0002,B2B,low,C00844,101,14,6949,0.0502,40268.43,card,Kotak,504430,15,4,0,0,0,0,0,0,0,0,1,1,0,47
TXN0005893,2024-03-08T13:17:00,67,M0126,B2B,low,C00265,207,12,4651,0.0618,35067.09,upi,ICICI,407615,13,4,0,0,0,2,0,0,0,0,0,1,0,72
TXN0005894,2024-03-08T13:48:00,67,M0033,Logistics,low,C01251,171,11,1704,0.0976,8050.6,wallet,HDFC,561692,13,4,0,0,0,0,0,0,0,0,0,0,0,32
TXN0005895,2024-03-08T08:18:00,67,M0041,B2B,low,C00714,7,3,1207,0.065,52898.43,netbanking,Canara,472370,8,4,0,0,0,1,0,0,0,0,0,1,1,21
TXN0005896,2024-03-08T05:31:00,67,M0195,Food,high,C00586,214,20,6832,0.1332,3046.37,upi,SBI,589275,5,4,0,0,0,0,0,1,0,0,1,1,0,20
TXN0005897,2024-03-08T06:57:00,67,M0169,Food,low,C00941,8,1,1237,0.0191,2109.45,upi,Yes,442426,6,4,0,0,0,0,0,0,0,1,0,0,1,34
TXN0005898,2024-03-08T18:01:00,67,M0187,SaaS,high,C01028,11,1,1241,0.1348,1468.37,card,Canara,417814,18,4,0,14,0,0,0,0,0,0,0,0,1,42
TXN0005899,2024-03-08T13:22:00,67,M0165,Services,low,C01145,19,4,1574,0.0565,936.14,card,Axis,454672,13,4,0,0,0,0,0,0,0,1,0,0,0,20
TXN0005900,2024-03-08T09:34:00,67,M0071,Retail,low,C01418,16,4,1350,0.0837,6109.68,card,Kotak,557638,9,4,0,0,0,1,0,0,0,0,0,0,0,35
TXN0005901,2024-03-08T06:16:00,67,M0130,Food,low,C00645,181,9,2541,0.1108,902.37,wallet,HDFC,518432,6,4,0,0,0,0,0,1,0,1,1,1,0,39
TXN0005902,2024-03-08T10:29:00,67,M0043,Logistics,high,C01058,295,6,5975,0.0554,19598.37,card,PNB,415632,10,4,0,0,0,1,0,0,0,0,1,1,0,66
TXN0005903,2024-03-08T08:03:00,67,M0080,Logistics,low,C00287,7,4,1555,0.1209,5045.51,upi,ICICI,502183,8,4,0,0,0,0,0,0,0,0,0,0,1,36
TXN0005904,2024-03-08T14:52:00,67,M0147,SaaS,mid,C00761,187,13,7265,0.1654,3836.35,card,SBI,492835,14,4,0,1,0,2,0,0,0,1,1,1,0,54
TXN0005905,2024-03-08T09:49:00,67,M0039,Logistics,mid,C01199,175,11,7389,0.0768,7528.43,netbanking,ICICI,575062,9,4,0,0,0,0,0,0,0,0,0,0,0,72
TXN0005906,2024-03-08T18:52:00,67,M0142,Retail,mid,C01306,119,14,5041,0.0461,6222.31,upi,Kotak,594478,18,4,0,0,0,1,1,0,0,1,0,1,1,53
TXN0005907,2024-03-08T13:17:00,67,M0139,Logistics,low,C01160,13,3,1349,0.0094,5408.27,upi,Axis,441651,13,4,0,0,0,0,0,0,0,0,0,0,0,48
TXN0005908,2024-03-08T15:38:00,67,M0158,Retail,low,C00723,133,10,2436,0.1886,7261.22,upi,Kotak,484357,15,4,0,0,0,3,0,0,0,0,0,0,0,24
TXN0005909,2024-03-08T08:33:00,67,M0144,Retail,low,C00579,15,4,1845,0.033,3649.83,netbanking,Yes,586522,8,4,0,0,0,1,0,0,0,0,0,0,0,70
TXN0005910,2024-03-08T10:52:00,67,M0091,Logistics,high,C00680,76,14,5093,0.1005,24591.34,netbanking,Axis,493194,10,4,0,0,1,1,0,0,0,1,0,0,0,32
TXN0005911,2024-03-08T19:46:00,67,M0073,SaaS,high,C00564,116,9,1413,0.1264,1535.28,upi,SBI,490560,19,4,0,0,0,0,0,0,0,0,0,0,0,59
TXN0005912,2024-03-08T09:03:00,67,M0137,B2B,mid,C00805,90,12,6845,0.0346,30380.49,upi,ICICI,585750,9,4,0,0,0,0,0,0,0,1,1,1,0,58
TXN0005913,2024-03-08T15:49:00,67,M0060,Services,high,C00559,119,13,7644,0.0554,3221.2,upi,ICICI,409055,15,4,0,0,0,2,0,0,0,1,0,0,0,62
TXN0005914,2024-03-08T13:58:00,67,M0187,SaaS,high,C00686,143,8,6604,0.0842,4027.48,netbanking,Canara,568837,13,4,0,0,0,0,0,0,0,0,1,1,0,16
TXN0005915,2024-03-08T20:48:00,67,M0136,Logistics,mid,C01381,181,9,4827,0.1171,12151.64,netbanking,Canara,503489,20,4,0,0,0,0,0,0,0,0,0,0,0,71
TXN0005916,2024-03-08T12:57:00,67,M0159,Services,low,C01101,22,3,1785,0.1531,4352.21,card,Yes,402325,12,4,0,0,1,2,0,0,0,0,0,0,1,32
TXN0005917,2024-03-08T09:33:00,67,M0177,Food,low,C00371,246,18,5955,0.1486,2447.59,card,Axis,487035,9,4,0,0,0,0,1,0,0,1,0,1,1,43
TXN0005918,2024-03-08T17:41:00,67,M0018,SaaS,high,C00725,15,3,802,0.0878,583.73,card,SBI,404903,17,4,0,10,0,0,0,0,0,0,0,0,0,67
TXN0005919,2024-03-08T18:35:00,67,M0178,Logistics,low,C00064,69,19,1721,0.0594,11098.95,wallet,HDFC,561334,18,4,0,0,0,0,0,0,0,1,0,0,1,38
TXN0005920,2024-03-08T23:38:00,67,M0190,Services,low,C01130,848,77,24437,0.0028,4635.22,card,Axis,482832,23,4,0,0,0,0,0,0,0,0,0,0,0,26
TXN0005921,2024-03-08T12:07:00,67,M0116,Services,low,C00441,144,16,3404,0.0449,2206.8,upi,Axis,450537,12,4,0,0,0,1,0,0,0,0,0,0,0,61
TXN0005922,2024-03-08T16:52:00,67,M0158,Retail,low,C00229,11,1,1480,0.1655,4037.32,upi,Kotak,418632,16,4,0,0,0,1,1,0,0,0,0,1,1,70
TXN0005923,2024-03-08T16:07:00,67,M0037,Retail,mid,C00609,8,1,1452,0.0926,3797.1,card,HDFC,423087,16,4,0,0,0,0,0,0,0,0,0,0,1,60
TXN0005924,2024-03-08T19:47:00,67,M0119,Retail,high,C00510,5,2,1363,0.0704,1972.55,netbanking,Kotak,413783,19,4,0,0,0,1,1,0,0,1,1,1,0,27
TXN0005925,2024-03-08T09:49:00,67,M0019,Services,mid,C00945,201,19,6918,0.026,12611.45,card,SBI,454787,9,4,0,0,0,0,0,0,0,0,0,0,1,24
TXN0005926,2024-03-08T10:07:00,67,M0081,Logistics,high,C00843,25,4,1469,0.0275,8255.08,upi,PNB,467783,10,4,0,0,0,0,0,0,0,0,0,0,1,16
TXN0005927,2024-03-08T17:33:00,67,M0057,Food,high,C00956,207,6,7039,0.0199,2659.85,netbanking,SBI,559269,17,4,0,0,0,0,0,0,0,0,0,0,0,25
TXN0005928,2024-03-08T18:46:00,67,M0065,B2B,high,C01397,17,1,1452,0.16,19007.6,card,Canara,465446,18,4,0,14,0,0,0,0,0,0,0,0,1,26
TXN0005929,2024-03-08T06:47:00,67,M0030,B2B,high,C00044,254,12,6657,0.0891,25790.55,wallet,Axis,478152,6,4,0,0,0,1,0,0,0,1,1,1,0,25
TXN0005930,2024-03-08T15:35:00,67,M0068,B2B,low,C01262,170,20,3485,0.2024,29061.63,card,Kotak,595957,15,4,0,0,0,1,0,0,0,0,0,0,0,51
TXN0005931,2024-03-08T23:07:00,67,M0038,B2B,mid,C00553,21,2,1667,0.1014,24386.56,upi,Axis,523804,23,4,0,0,0,0,0,0,0,1,0,1,0,46
TXN0005932,2024-03-08T07:37:00,67,M0022,Retail,low,C01412,93,13,3187,0.0774,3886.1,netbanking,PNB,464919,7,4,0,0,0,0,1,0,0,0,1,1,0,12
TXN0005933,2024-03-08T13:11:00,67,M0002,B2B,low,C01424,95,7,5911,0.177,86610.06,upi,Yes,414005,13,4,0,0,0,1,0,0,0,1,1,1,0,20
TXN0005934,2024-03-08T08:08:00,67,M0133,SaaS,mid,C00214,16,1,1608,0.0371,1472.63,wallet,ICICI,518594,8,4,0,0,0,0,0,0,0,0,0,0,0,53
TXN0005935,2024-03-08T10:11:00,67,M0185,Food,high,C00844,101,14,6949,0.0502,2132.87,wallet,Kotak,548512,10,4,0,1,1,1,0,0,0,1,0,0,0,46
TXN0005936,2024-03-08T16:35:00,67,M0160,Services,mid,C00829,974,88,7869,0.0713,2638.59,wallet,Kotak,420163,16,4,0,0,0,0,0,0,0,0,0,0,0,12
TXN0005937,2024-03-08T14:32:00,67,M0198,Food,mid,C01294,194,19,3596,0.0608,2376.55,upi,Axis,471051,14,4,0,0,0,0,0,0,0,0,0,0,0,28
TXN0005938,2024-03-08T10:24:00,67,M0159,Services,low,C00148,86,15,2092,0.0132,6225.77,wallet,ICICI,566169,10,4,0,8,0,0,0,0,0,1,0,0,0,49
TXN0005939,2024-03-08T10:52:00,67,M0196,Retail,low,C00958,823,62,15895,0.0317,3388.39,upi,HDFC,545926,10,4,0,0,0,0,0,0,0,0,0,0,0,56
TXN0005940,2024-03-08T09:04:00,67,M0172,Food,mid,C00761,187,13,7265,0.1654,2560.66,upi,SBI,582898,9,4,0,1,1,3,0,0,0,0,0,0,0,30
TXN0005941,2024-03-08T08:22:00,67,M0114,Logistics,mid,C01160,13,3,1349,0.0094,3440.79,wallet,Axis,427508,8,4,0,1,1,1,0,0,0,1,0,0,0,57
TXN0005942,2024-03-08T15:39:00,67,M0055,Services,mid,C00681,6,3,1976,0.0131,3282.31,wallet,PNB,410257,15,4,0,0,0,0,0,0,0,1,0,0,0,33
TXN0005943,2024-03-08T11:03:00,67,M0070,Services,low,C00309,5,3,1379,0.0467,2639.33,wallet,Kotak,598770,11,4,0,0,0,1,0,0,0,1,0,0,0,51
TXN0005944,2024-03-09T17:59:00,68,M0103,Services,low,C01460,11,4,1061,0.0319,2189.27,card,ICICI,504563,17,5,1,0,0,1,0,0,0,0,0,0,1,65
TXN0005945,2024-03-09T16:53:00,68,M0079,Retail,high,C00045,17,2,1127,0.1252,1825.57,netbanking,PNB,479797,16,5,1,0,0,1,0,0,0,0,0,0,0,16
TXN0005946,2024-03-09T21:39:00,68,M0193,B2B,low,C00143,1000,104,6643,0.0326,47002.75,upi,ICICI,596774,21,5,1,0,0,1,0,0,0,1,1,1,0,24
TXN0005947,2024-03-09T23:23:00,68,M0119,Retail,high,C00986,197,9,5528,0.1525,885.75,netbanking,Axis,404984,23,5,1,0,0,2,0,0,0,0,0,0,0,16
TXN0005948,2024-03-09T22:04:00,68,M0171,Retail,low,C00955,271,17,5954,0.1364,1649.16,netbanking,Axis,557855,22,5,1,8,0,0,0,0,0,0,0,0,0,72
TXN0005949,2024-03-09T19:21:00,68,M0074,Services,high,C00809,22,1,606,0.0443,1177.73,wallet,Yes,402139,19,5,1,0,0,0,0,0,0,0,0,0,0,28
TXN0005950,2024-03-09T16:44:00,68,M0090,Logistics,mid,C01136,979,55,14910,0.0392,30004.13,netbanking,ICICI,433481,16,5,1,0,0,0,0,0,0,1,0,0,1,28
TXN0005951,2024-03-09T08:02:00,68,M0131,Logistics,high,C01095,777,113,8947,0.0105,3262.59,upi,Yes,416348,8,5,1,0,0,1,0,0,0,0,0,0,0,30
TXN0005952,2024-03-09T10:38:00,68,M0168,Food,high,C01223,878,78,4053,0.0134,5589.16,wallet,PNB,508845,10,5,1,0,0,0,0,0,0,0,0,0,0,26
TXN0005953,2024-03-09T08:10:00,68,M0162,Services,high,C00111,21,2,1270,0.0829,2498.9,upi,ICICI,474528,8,5,1,0,1,1,0,0,0,0,0,0,0,55
TXN0005954,2024-03-09T09:49:00,68,M0089,Food,low,C01314,82,9,3281,0.0539,4193.55,netbanking,Canara,596038,9,5,1,0,0,0,0,0,0,0,0,0,0,46
TXN0005955,2024-03-09T15:36:00,68,M0076,Services,high,C00524,820,108,23678,0.0222,12954.13,netbanking,Kotak,569311,15,5,1,0,0,0,1,0,0,0,1,1,0,44
TXN0005956,2024-03-09T11:08:00,68,M0198,Food,mid,C00589,17,3,1307,0.109,1149.56,netbanking,SBI,553844,11,5,1,0,0,0,0,0,0,1,0,0,0,30
TXN0005957,2024-03-09T14:40:00,68,M0047,Logistics,low,C00380,17,3,1440,0.0452,7532.43,wallet,ICICI,587677,14,5,1,0,0,1,0,0,0,0,0,0,0,16
TXN0005958,2024-03-09T23:12:00,68,M0014,Logistics,high,C01367,216,9,6780,0.1966,10651.13,card,PNB,465484,23,5,1,0,0,0,0,0,0,0,0,0,0,42
TXN0005959,2024-03-09T11:56:00,68,M0199,SaaS,mid,C00389,144,16,3134,0.1005,1823.61,wallet,Kotak,571878,11,5,1,0,0,1,0,0,0,0,0,0,0,24
TXN0005960,2024-03-09T13:04:00,68,M0171,Retail,low,C01490,5,4,570,0.0627,610.16,upi,Canara,520367,13,5,1,0,0,0,0,0,0,0,0,0,1,69
TXN0005961,2024-03-09T08:19:00,68,M0107,SaaS,mid,C01392,141,9,4275,0.1374,4757.03,card,Kotak,449990,8,5,1,0,0,0,0,0,0,1,0,0,0,42
TXN0005962,2024-03-09T15:56:00,68,M0039,Logistics,mid,C00950,23,4,1808,0.0475,6428.31,netbanking,SBI,536556,15,5,1,0,0,0,0,0,0,0,0,0,0,54
TXN0005963,2024-03-09T05:21:00,68,M0180,Food,low,C00690,20,2,922,0.0354,931.5,upi,ICICI,425206,5,5,1,13,0,0,0,0,0,1,0,0,1,63
TXN0005964,2024-03-09T16:40:00,68,M0163,Logistics,high,C01188,22,1,1190,0.1683,17216.12,card,Canara,502034,16,5,1,0,0,1,0,0,0,1,0,0,0,57
TXN0005965,2024-03-09T07:55:00,68,M0114,Logistics,mid,C00421,155,8,1375,0.2041,3227.2,upi,HDFC,589544,7,5,1,0,0,0,0,0,0,0,0,0,0,59
TXN0005966,2024-03-09T07:13:00,68,M0151,Food,low,C01068,259,17,5111,0.1204,2223.08,wallet,ICICI,592229,7,5,1,0,0,2,0,0,0,1,0,0,0,52
TXN0005967,2024-03-09T21:19:00,68,M0092,Food,low,C00809,22,1,606,0.0443,981.05,upi,PNB,590026,21,5,1,0,1,1,0,0,0,0,0,0,1,40
TXN0005968,2024-03-09T07:10:00,68,M0013,Logistics,high,C00964,13,2,849,0.2487,3714.88,netbanking,HDFC,586340,7,5,1,0,0,0,0,0,0,0,0,0,0,27
TXN0005969,2024-03-09T17:18:00,68,M0150,Retail,mid,C00081,18,3,1435,0.0842,1933.44,card,ICICI,563259,17,5,1,0,0,0,0,0,0,0,0,0,0,67
TXN0005970,2024-03-09T09:39:00,68,M0144,Retail,low,C01467,110,13,3091,0.1456,1125.27,netbanking,PNB,587703,9,5,1,0,0,0,0,0,0,0,0,0,0,59
TXN0005971,2024-03-09T11:36:00,68,M0135,Retail,low,C01036,209,8,7172,0.1514,1902.23,wallet,ICICI,407628,11,5,1,0,0,0,0,0,0,1,0,0,0,71
TXN0005972,2024-03-09T15:24:00,68,M0065,B2B,high,C00200,274,10,1297,0.0557,78834.31,wallet,PNB,488292,15,5,1,0,0,1,0,0,0,0,1,1,0,65
TXN0005973,2024-03-09T13:48:00,68,M0091,Logistics,high,C00239,8,2,993,0.0332,19700.31,netbanking,PNB,473242,13,5,1,0,0,0,0,0,0,0,1,1,0,27
TXN0005974,2024-03-09T00:30:00,68,M0142,Retail,mid,C00711,292,16,1422,0.0271,2518.52,upi,PNB,490867,0,5,1,0,0,0,0,0,0,0,0,0,0,26
TXN0005975,2024-03-09T18:59:00,68,M0122,Retail,low,C00958,823,62,15895,0.0317,3815.97,card,Canara,464856,18,5,1,14,0,1,0,0,0,0,0,0,0,16
TXN0005976,2024-03-09T22:37:00,68,M0008,Retail,low,C01413,15,2,630,0.1079,2726.22,card,PNB,465143,22,5,1,0,0,0,0,0,0,1,0,0,1,21
TXN0005977,2024-03-09T09:44:00,68,M0135,Retail,low,C00447,952,59,8038,0.0004,12395.51,upi,Kotak,543727,9,5,1,0,0,1,0,0,0,1,0,0,0,30
TXN0005978,2024-03-09T18:18:00,68,M0003,SaaS,low,C00364,805,83,13477,0.0482,3613.07,netbanking,SBI,418117,18,5,1,0,0,0,0,1,0,1,1,1,0,48
TXN0005979,2024-03-09T15:56:00,68,M0120,Food,low,C00135,132,19,2916,0.0791,1579.5,upi,Canara,586970,15,5,1,0,0,0,0,0,0,0,0,0,0,68
TXN0005980,2024-03-09T20:30:00,68,M0186,B2B,mid,C00053,292,19,3435,0.2456,8700.22,netbanking,Axis,410129,20,5,1,0,0,0,0,0,0,0,0,0,0,46
TXN0005981,2024-03-09T22:29:00,68,M0052,Logistics,mid,C01253,293,20,2557,0.2042,12156.97,wallet,Yes,538447,22,5,1,0,0,0,0,0,0,0,1,1,0,13
TXN0005982,2024-03-09T17:50:00,68,M0144,Retail,low,C00323,257,11,4702,0.0794,2268.27,wallet,Yes,418796,17,5,1,0,0,0,0,0,0,0,0,0,0,53
TXN0005983,2024-03-09T08:31:00,68,M0059,Logistics,mid,C00366,97,8,1865,0.1181,7484.76,card,HDFC,575134,8,5,1,10,0,1,0,0,0,0,0,0,0,71
TXN0005984,2024-03-09T11:26:00,68,M0087,Logistics,mid,C00388,901,61,10282,0.0078,8618.33,wallet,SBI,526095,11,5,1,0,0,0,0,0,0,0,0,0,0,72
TXN0005985,2024-03-09T17:31:00,68,M0044,Logistics,low,C00197,15,4,705,0.0837,11231.37,wallet,Yes,431291,17,5,1,0,0,1,0,1,0,0,1,1,0,34
TXN0005986,2024-03-09T13:15:00,68,M0070,Services,low,C01368,758,106,23888,0.0261,2475.16,upi,Yes,407202,13,5,1,0,0,0,0,0,0,0,0,0,0,27
TXN0005987,2024-03-09T18:27:00,68,M0053,Retail,low,C01093,201,11,7691,0.0981,7131.29,netbanking,Canara,470848,18,5,1,0,0,0,0,0,0,1,0,0,0,64
TXN0005988,2024-03-09T08:02:00,68,M0181,Food,high,C00252,212,15,4155,0.0065,1054.23,wallet,Kotak,550842,8,5,1,0,0,1,0,0,0,1,0,0,0,69
TXN0005989,2024-03-09T08:19:00,68,M0012,Food,low,C01448,213,20,3457,0.0779,3000.09,wallet,Canara,541937,8,5,1,0,0,0,0,0,0,0,0,0,0,71
TXN0005990,2024-03-09T13:12:00,68,M0094,SaaS,high,C00357,887,100,18431,0.0124,7671.7,card,SBI,532714,13,5,1,0,0,0,0,0,0,0,0,0,0,31
TXN0005991,2024-03-09T17:43:00,68,M0046,SaaS,high,C01388,776,89,7635,0.0318,2720.29,card,HDFC,441960,17,5,1,0,0,0,0,0,0,1,0,0,0,58
TXN0005992,2024-03-09T10:42:00,68,M0000,Logistics,low,C00909,174,15,1042,0.0534,13352.58,netbanking,SBI,584716,10,5,1,0,0,1,0,0,0,0,1,1,0,44
TXN0005993,2024-03-09T17:51:00,68,M0142,Retail,mid,C00160,790,83,11529,0.027,10280.26,wallet,Canara,559097,17,5,1,0,0,0,0,0,0,1,0,0,0,55
TXN0005994,2024-03-09T17:32:00,68,M0176,SaaS,low,C00352,777,93,22465,0.0638,24142.85,wallet,Kotak,488496,17,5,1,0,0,0,0,0,0,0,0,0,0,47
TXN0005995,2024-03-09T04:10:00,68,M0135,Retail,low,C00398,5,2,752,0.1093,2342.44,upi,SBI,538525,4,5,1,0,0,3,0,0,0,0,0,0,1,60
TXN0005996,2024-03-09T17:28:00,68,M0195,Food,high,C00861,1000,68,16236,0.0134,3833.42,card,Axis,574058,17,5,1,0,0,0,0,0,0,0,0,0,0,38
TXN0005997,2024-03-09T10:27:00,68,M0096,Food,mid,C01093,201,11,7691,0.0981,6294.72,wallet,Axis,472272,10,5,1,1,1,1,0,0,0,0,0,0,0,39
TXN0005998,2024-03-09T21:28:00,68,M0019,Services,mid,C00438,15,4,1953,0.1344,2839.18,card,PNB,531647,21,5,1,0,0,1,0,0,0,0,0,0,0,51
TXN0005999,2024-03-09T16:52:00,68,M0143,Logistics,mid,C01332,12,1,573,0.2078,11359.77,netbanking,SBI,427142,16,5,1,0,0,0,1,0,0,1,0,1,1,65
TXN0006000,2024-03-09T08:37:00,68,M0004,Logistics,low,C01176,13,4,908,0.0867,2882.56,card,Canara,416918,8,5,1,0,0,1,0,0,0,0,0,0,0,37
TXN0006001,2024-03-09T09:33:00,68,M0067,Food,mid,C00939,187,15,3236,0.084,4510.15,netbanking,Axis,587955,9,5,1,13,0,0,0,0,0,0,0,0,0,31
TXN0006002,2024-03-09T11:42:00,68,M0196,Retail,low,C00525,196,14,3844,0.122,4051.44,card,HDFC,495121,11,5,1,0,0,0,0,0,0,0,0,0,0,44
TXN0006003,2024-03-09T17:44:00,68,M0076,Services,high,C00965,103,7,6500,0.2055,7286.19,upi,HDFC,463923,17,5,1,0,0,0,0,0,0,0,0,0,0,64
TXN0006004,2024-03-09T07:19:00,68,M0156,Services,mid,C00893,19,3,1837,0.1197,3741.75,upi,Yes,586773,7,5,1,6,0,1,0,0,0,1,0,0,0,59
TXN0006005,2024-03-09T15:27:00,68,M0159,Services,low,C00674,731,115,19078,0.0133,7595.27,upi,Yes,491330,15,5,1,0,0,1,0,0,0,0,0,0,0,41
TXN0006006,2024-03-09T13:05:00,68,M0191,Logistics,high,C00355,808,56,14823,0.0001,12958.38,card,Kotak,455968,13,5,1,0,0,0,0,0,0,1,0,0,0,21
TXN0006007,2024-03-09T15:19:00,68,M0148,SaaS,mid,C00722,20,3,1090,0.0836,1061.23,wallet,Kotak,546145,15,5,1,0,0,1,0,1,0,1,0,1,1,24
TXN0006008,2024-03-09T01:50:00,68,M0131,Logistics,high,C01181,195,16,4262,0.0149,13497.44,card,Yes,589410,1,5,1,0,0,0,0,0,0,0,1,1,0,18
TXN0006009,2024-03-09T09:57:00,68,M0076,Services,high,C01326,15,3,1882,0.0626,1897.55,netbanking,ICICI,535035,9,5,1,0,0,0,0,0,0,1,0,0,0,13
TXN0006010,2024-03-09T18:46:00,68,M0166,SaaS,mid,C01193,262,17,3211,0.1334,6740.44,upi,HDFC,466604,18,5,1,0,0,1,0,0,0,0,0,0,0,45
TXN0006011,2024-03-09T13:39:00,68,M0097,Services,low,C00270,170,17,1239,0.1579,946.78,wallet,SBI,503298,13,5,1,0,0,1,0,0,0,0,0,0,0,55
TXN0006012,2024-03-09T21:34:00,68,M0177,Food,low,C01165,811,91,9676,0.0017,3831.39,wallet,SBI,508691,21,5,1,0,0,0,0,0,0,1,0,0,0,67
TXN0006013,2024-03-09T11:12:00,68,M0046,SaaS,high,C00708,95,17,2515,0.1802,657.45,card,Canara,572505,11,5,1,0,0,0,0,0,0,0,0,0,0,18
TXN0006014,2024-03-09T13:46:00,68,M0101,Food,low,C01092,282,8,6919,0.1439,3105.29,card,Canara,567561,13,5,1,0,0,0,0,0,0,1,0,0,0,41
TXN0006015,2024-03-09T09:30:00,68,M0074,Services,high,C00646,9,2,523,0.1528,1194.6,upi,Kotak,500477,9,5,1,0,0,0,0,0,0,0,0,0,0,51
TXN0006016,2024-03-09T16:23:00,68,M0144,Retail,low,C00598,256,19,3365,0.1542,1401.05,wallet,SBI,553219,16,5,1,0,0,0,0,1,0,0,1,1,0,43
TXN0006017,2024-03-09T18:57:00,68,M0038,B2B,mid,C01491,8,1,1214,0.0663,23261.27,card,ICICI,495153,18,5,1,0,0,0,0,0,0,1,1,1,0,56
TXN0006018,2024-03-09T15:46:00,68,M0051,Food,low,C00330,169,10,3899,0.0522,3045.15,wallet,PNB,522752,15,5,1,0,0,0,0,0,0,1,0,0,0,12
TXN0006019,2024-03-09T05:19:00,68,M0073,SaaS,high,C00194,804,87,4378,0.0061,1603.55,netbanking,Kotak,570304,5,5,1,0,0,2,0,0,0,1,1,1,0,28
TXN0006020,2024-03-09T19:37:00,68,M0060,Services,high,C00038,277,18,7736,0.0967,3098.63,card,PNB,468570,19,5,1,0,0,0,0,0,0,0,0,0,0,35
TXN0006021,2024-03-09T06:24:00,68,M0083,B2B,low,C00804,23,1,528,0.1041,53640.18,wallet,SBI,594522,6,5,1,0,0,1,0,0,0,0,1,1,0,42
TXN0006022,2024-03-09T01:01:00,68,M0091,Logistics,high,C00257,237,11,4924,0.0529,4355.37,card,ICICI,430206,1,5,1,0,0,1,0,0,0,0,0,0,0,66
TXN0006023,2024-03-09T13:10:00,68,M0162,Services,high,C00831,205,13,3911,0.051,2522.58,upi,SBI,573984,13,5,1,0,0,0,0,1,0,1,1,1,0,18
TXN0006024,2024-03-09T21:03:00,68,M0093,SaaS,mid,C00531,823,67,12489,0.0024,10797.13,wallet,PNB,581634,21,5,1,0,0,0,0,0,0,1,0,0,0,21
TXN0006025,2024-03-09T20:11:00,68,M0087,Logistics,mid,C01291,190,16,2760,0.0634,4536.12,upi,SBI,574515,20,5,1,9,0,0,0,0,0,0,0,0,1,35
TXN0006026,2024-03-09T09:03:00,68,M0017,B2B,low,C01364,5,3,568,0.1317,11553.28,card,Yes,540458,9,5,1,0,0,1,0,0,0,1,0,0,1,16
TXN0006027,2024-03-09T14:51:00,68,M0011,Food,low,C01210,5,3,1470,0.1267,1278.94,wallet,Canara,477257,14,5,1,0,0,0,0,1,0,0,1,1,0,43
TXN0006028,2024-03-09T14:56:00,68,M0124,Retail,low,C00749,21,1,1460,0.0459,4579.72,card,HDFC,554605,14,5,1,0,0,2,0,0,0,0,0,0,0,19
TXN0006029,2024-03-09T18:56:00,68,M0131,Logistics,high,C01174,13,1,894,0.1125,10162.85,card,Kotak,413424,18,5,1,0,0,1,0,0,0,1,0,0,0,16
TXN0006030,2024-03-09T19:38:00,68,M0099,B2B,low,C00876,132,11,2499,0.2469,17245.87,netbanking,Yes,592546,19,5,1,0,0,2,0,0,0,1,0,0,0,72
TXN0006031,2024-03-09T13:09:00,68,M0026,Retail,high,C01214,977,64,11845,0.0205,3234.27,wallet,Kotak,594647,13,5,1,0,0,0,0,0,0,0,0,0,0,67
TXN0006032,2024-03-09T15:34:00,68,M0182,Retail,high,C00645,181,9,2541,0.1108,2297.86,upi,Kotak,542098,15,5,1,0,0,1,0,0,1,1,1,1,0,39
TXN0006033,2024-03-10T08:39:00,69,M0180,Food,low,C00781,193,11,3984,0.0716,833.71,wallet,PNB,478314,8,6,1,0,0,0,0,0,0,0,0,0,0,39
TXN0006034,2024-03-10T21:11:00,69,M0073,SaaS,high,C00787,228,7,4251,0.029,3126.43,netbanking,Canara,565327,21,6,1,0,0,0,0,0,0,1,0,0,0,63
TXN0006035,2024-03-10T03:43:00,69,M0187,SaaS,high,C00841,186,14,1303,0.0839,666.17,upi,Yes,496813,3,6,1,0,0,0,0,0,0,1,0,0,0,59
TXN0006036,2024-03-10T18:17:00,69,M0139,Logistics,low,C00584,250,13,2244,0.038,8902.68,card,Yes,466848,18,6,1,0,0,0,0,0,0,0,0,0,0,43
TXN0006037,2024-03-10T11:54:00,69,M0001,Retail,high,C01143,141,6,5924,0.2209,6309.56,upi,Canara,586049,11,6,1,0,0,0,0,0,0,0,0,0,0,36
TXN0006038,2024-03-10T07:22:00,69,M0120,Food,low,C00626,200,15,3220,0.0394,1574.34,card,Kotak,452285,7,6,1,0,0,1,0,0,0,1,0,0,0,48
TXN0006039,2024-03-10T15:33:00,69,M0160,Services,mid,C00780,270,19,3194,0.1202,3300.48,card,HDFC,431603,15,6,1,7,0,0,0,0,0,0,0,0,0,31
TXN0006040,2024-03-10T16:06:00,69,M0048,SaaS,mid,C00801,126,10,6631,0.1262,5613.04,wallet,Axis,445797,16,6,1,0,0,0,0,0,0,1,0,0,0,27
TXN0006041,2024-03-10T09:27:00,69,M0137,B2B,mid,C00069,13,4,1488,0.0705,17280.14,wallet,Kotak,449325,9,6,1,11,0,0,0,0,0,1,0,0,1,39
TXN0006042,2024-03-10T09:22:00,69,M0076,Services,high,C00613,294,20,7531,0.0191,5445.0,wallet,HDFC,476769,9,6,1,0,0,0,0,0,0,0,0,0,0,49
TXN0006043,2024-03-10T20:50:00,69,M0116,Services,low,C00863,773,54,20610,0.0073,6538.27,card,Yes,507742,20,6,1,0,0,0,0,0,0,0,0,0,0,28
TXN0006044,2024-03-10T13:12:00,69,M0144,Retail,low,C01170,777,59,19195,0.0443,6548.16,netbanking,Yes,414028,13,6,1,0,0,1,1,0,0,0,1,1,0,48
TXN0006045,2024-03-10T08:32:00,69,M0016,Services,high,C00848,982,88,10691,0.0038,7790.61,wallet,ICICI,471818,8,6,1,0,0,0,1,0,0,0,1,1,0,51
TXN0006046,2024-03-10T21:21:00,69,M0067,Food,mid,C00679,25,4,888,0.0293,2042.95,card,HDFC,482152,21,6,1,0,0,0,0,1,0,0,1,1,0,53
TXN0006047,2024-03-10T02:14:00,69,M0164,Logistics,high,C00160,790,83,11529,0.027,20965.56,card,HDFC,423974,2,6,1,0,1,1,0,0,0,0,1,1,0,67
TXN0006048,2024-03-10T11:44:00,69,M0136,Logistics,mid,C00356,182,11,1794,0.0139,4790.82,netbanking,HDFC,462590,11,6,1,12,0,1,0,0,0,1,0,0,0,35
TXN0006049,2024-03-10T18:06:00,69,M0094,SaaS,high,C00448,10,3,1642,0.0153,1634.58,upi,HDFC,425987,18,6,1,0,0,0,0,0,0,0,0,0,0,54
TXN0006050,2024-03-10T15:16:00,69,M0142,Retail,mid,C00392,15,2,1141,0.0684,619.68,upi,SBI,529472,15,6,1,0,0,0,0,0,0,1,0,0,0,18
TXN0006051,2024-03-10T16:15:00,69,M0001,Retail,high,C00695,18,3,1184,0.1195,489.33,upi,Axis,564349,16,6,1,0,0,0,0,0,0,0,0,0,1,68
TXN0006052,2024-03-10T16:13:00,69,M0158,Retail,low,C00277,164,20,4404,0.1783,740.1,upi,ICICI,528152,16,6,1,0,0,0,0,0,0,1,0,0,0,13
TXN0006053,2024-03-10T14:48:00,69,M0136,Logistics,mid,C00308,260,13,2367,0.0514,5135.51,card,Kotak,453741,14,6,1,0,0,1,0,0,0,1,0,0,0,18
TXN0006054,2024-03-10T20:12:00,69,M0028,Retail,mid,C00041,872,107,10990,0.0263,3622.73,wallet,Axis,479199,20,6,1,0,0,0,0,0,0,1,0,0,0,41
TXN0006055,2024-03-10T11:49:00,69,M0120,Food,low,C00270,170,17,1239,0.1579,512.77,upi,HDFC,410983,11,6,1,0,1,2,0,0,0,1,0,0,0,39
TXN0006056,2024-03-10T15:57:00,69,M0083,B2B,low,C00989,138,7,4348,0.3075,46873.55,wallet,SBI,479127,15,6,1,0,0,0,0,0,0,0,1,1,0,18
TXN0006057,2024-03-10T12:27:00,69,M0025,Food,mid,C01241,62,14,1279,0.1155,627.91,card,SBI,413139,12,6,1,0,0,0,0,0,0,0,0,0,0,37
TXN0006058,2024-03-10T18:52:00,69,M0122,Retail,low,C00392,15,2,1141,0.0684,4246.7,card,Kotak,411370,18,6,1,0,1,1,0,0,0,1,0,0,1,70
TXN0006059,2024-03-10T17:45:00,69,M0123,Logistics,high,C01007,738,96,4499,0.0593,14960.32,netbanking,PNB,456472,17,6,1,0,0,0,0,0,0,0,0,0,0,24
TXN0006060,2024-03-10T19:08:00,69,M0008,Retail,low,C00198,25,4,1477,0.1421,820.93,card,Axis,422552,19,6,1,0,0,0,0,1,0,1,1,1,0,33
TXN0006061,2024-03-10T16:14:00,69,M0152,Retail,high,C01353,870,86,16964,0.0187,15839.7,wallet,SBI,411212,16,6,1,0,0,0,0,0,0,0,0,0,0,32
TXN0006062,2024-03-10T11:12:00,69,M0189,SaaS,mid,C00345,5,4,1662,0.0094,1331.81,netbanking,ICICI,401765,11,6,1,0,0,0,0,0,0,0,1,1,0,25
TXN0006063,2024-03-10T19:17:00,69,M0157,SaaS,mid,C00699,115,19,2458,0.0619,4392.72,wallet,Axis,505983,19,6,1,0,0,0,0,0,0,0,0,0,0,40
TXN0006064,2024-03-10T04:21:00,69,M0185,Food,high,C01087,13,1,850,0.0532,872.26,wallet,PNB,568722,4,6,1,0,0,0,0,0,0,0,1,1,0,20
TXN0006065,2024-03-10T05:11:00,69,M0006,Food,low,C01226,137,14,1701,0.0587,2842.4,upi,Canara,568933,5,6,1,0,0,0,0,0,0,0,0,0,0,70
TXN0006066,2024-03-10T10:40:00,69,M0032,Food,low,C01141,8,4,1387,0.0482,1075.08,wallet,PNB,443451,10,6,1,0,0,1,1,0,0,1,1,1,0,17
TXN0006067,2024-03-10T13:49:00,69,M0163,Logistics,high,C00024,184,12,3249,0.0951,10887.94,wallet,Canara,587599,13,6,1,0,0,0,0,0,0,1,0,0,0,44
TXN0006068,2024-03-10T21:01:00,69,M0018,SaaS,high,C01371,76,11,7758,0.0835,5124.32,netbanking,SBI,550927,21,6,1,0,0,1,0,0,0,0,0,0,0,71
TXN0006069,2024-03-10T08:00:00,69,M0190,Services,low,C00815,98,19,1435,0.0519,4509.5,upi,SBI,586998,8,6,1,0,0,0,1,1,0,0,1,1,0,14
TXN0006070,2024-03-10T14:17:00,69,M0058,B2B,low,C00054,249,8,7248,0.0399,15646.11,wallet,SBI,401392,14,6,1,0,0,0,0,0,0,0,0,0,0,35
TXN0006071,2024-03-10T20:43:00,69,M0050,Logistics,high,C00023,973,107,11493,0.023,27120.2,netbanking,Canara,525455,20,6,1,0,0,0,0,0,0,0,0,0,0,25
TXN0006072,2024-03-10T19:47:00,69,M0139,Logistics,low,C00056,14,4,645,0.1133,3244.12,wallet,HDFC,451769,19,6,1,0,0,0,0,0,0,0,0,0,0,68
TXN0006073,2024-03-10T14:57:00,69,M0139,Logistics,low,C00506,90,19,3585,0.0498,13134.9,card,Yes,546724,14,6,1,0,0,0,0,0,0,0,0,0,0,71
TXN0006074,2024-03-10T06:43:00,69,M0012,Food,low,C00357,887,100,18431,0.0124,10096.17,card,ICICI,530110,6,6,1,0,1,1,0,0,0,0,0,0,0,34
TXN0006075,2024-03-10T07:52:00,69,M0022,Retail,low,C00919,9,1,623,0.0317,1734.9,wallet,Axis,550246,7,6,1,0,0,0,0,0,0,0,0,0,1,60
TXN0006076,2024-03-10T23:51:00,69,M0189,SaaS,mid,C01384,207,18,6987,0.0859,16357.99,card,Yes,454325,23,6,1,0,0,0,1,0,0,1,1,1,0,16
TXN0006077,2024-03-10T09:21:00,69,M0179,Services,low,C01142,239,20,1936,0.0703,1397.83,netbanking,HDFC,435670,9,6,1,0,0,0,1,0,0,0,1,1,0,26
TXN0006078,2024-03-10T13:37:00,69,M0045,Food,high,C00569,66,14,2386,0.1049,2188.63,upi,Axis,511997,13,6,1,13,0,0,0,0,0,1,0,0,0,21
TXN0006079,2024-03-10T20:43:00,69,M0099,B2B,low,C00437,90,17,1332,0.103,33278.92,upi,ICICI,553750,20,6,1,0,0,0,0,0,0,1,0,0,1,33
TXN0006080,2024-03-10T19:19:00,69,M0056,Retail,low,C00686,143,8,6604,0.0842,2306.02,netbanking,Axis,556545,19,6,1,0,0,1,0,0,0,0,0,0,0,68
TXN0006081,2024-03-10T08:31:00,69,M0130,Food,low,C00722,20,3,1090,0.0836,1709.86,netbanking,Kotak,459267,8,6,1,0,1,2,0,0,0,0,0,0,1,37
TXN0006082,2024-03-10T17:17:00,69,M0072,SaaS,high,C00451,19,4,1309,0.0308,627.89,upi,Canara,594430,17,6,1,0,0,1,0,0,0,1,0,0,0,17
TXN0006083,2024-03-10T21:54:00,69,M0109,Services,low,C00637,199,12,2417,0.0887,3789.52,card,Axis,570379,21,6,1,0,0,0,0,0,0,0,0,0,0,65
TXN0006084,2024-03-10T20:38:00,69,M0021,SaaS,mid,C00592,168,14,6022,0.124,9978.88,netbanking,Yes,566918,20,6,1,13,0,0,0,0,0,0,0,0,1,48
TXN0006085,2024-03-10T14:04:00,69,M0035,SaaS,mid,C01029,18,2,615,0.0338,1000.89,card,Axis,454754,14,6,1,0,0,0,0,0,0,0,0,0,1,52
TXN0006086,2024-03-10T20:19:00,69,M0126,B2B,low,C01361,202,18,6341,0.0707,16394.91,wallet,HDFC,597149,20,6,1,0,0,0,0,0,0,1,1,1,0,37
TXN0006087,2024-03-10T09:58:00,69,M0025,Food,mid,C00853,16,2,1991,0.0564,1411.88,netbanking,SBI,569447,9,6,1,0,0,1,1,0,0,1,1,1,0,26
TXN0006088,2024-03-10T08:56:00,69,M0084,B2B,mid,C00314,874,89,13724,0.0018,44340.62,netbanking,Yes,450695,8,6,1,0,0,0,0,0,0,1,1,1,0,18
TXN0006089,2024-03-10T13:22:00,69,M0189,SaaS,mid,C00142,20,2,1944,0.1027,1271.5,wallet,Canara,438374,13,6,1,0,0,0,0,0,0,1,0,0,0,47
TXN0006090,2024-03-10T10:17:00,69,M0072,SaaS,high,C00182,15,4,1563,0.0823,2040.56,upi,Kotak,488933,10,6,1,0,0,0,1,0,0,0,1,1,0,45
TXN0006091,2024-03-10T17:48:00,69,M0042,Logistics,mid,C01461,180,6,7399,0.092,10987.12,card,Canara,436751,17,6,1,0,0,0,0,0,0,0,0,0,0,27
TXN0006092,2024-03-10T00:02:00,69,M0127,Food,low,C00528,5,3,886,0.0802,863.2,upi,Yes,549507,0,6,1,0,0,1,0,0,0,0,0,0,0,52
TXN0006093,2024-03-10T18:52:00,69,M0192,B2B,mid,C00674,731,115,19078,0.0133,55303.9,wallet,Yes,489022,18,6,1,0,0,2,1,0,0,0,1,1,0,17
TXN0006094,2024-03-10T06:11:00,69,M0114,Logistics,mid,C00414,216,6,1095,0.0964,15404.46,upi,Yes,409394,6,6,1,0,0,0,1,0,0,0,1,1,0,57
TXN0006095,2024-03-10T10:16:00,69,M0108,Food,high,C00948,163,14,3671,0.0629,2105.13,card,Axis,411876,10,6,1,0,0,1,1,0,0,1,1,1,0,50
TXN0006096,2024-03-10T11:23:00,69,M0096,Food,mid,C01462,24,4,621,0.0321,1024.67,upi,Canara,508014,11,6,1,0,0,0,0,0,0,0,0,0,1,56
TXN0006097,2024-03-10T16:46:00,69,M0128,B2B,high,C00253,122,10,6614,0.0795,107419.76,wallet,ICICI,541846,16,6,1,0,0,0,0,0,0,0,1,1,0,66
TXN0006098,2024-03-10T08:52:00,69,M0191,Logistics,high,C00617,275,10,5677,0.1505,11694.73,upi,Canara,475390,8,6,1,0,0,0,0,0,0,0,0,0,0,29
TXN0006099,2024-03-10T16:21:00,69,M0158,Retail,low,C01280,146,17,1316,0.1056,5183.58,wallet,Axis,413852,16,6,1,6,0,1,0,0,0,1,0,0,0,32
TXN0006100,2024-03-10T13:39:00,69,M0096,Food,mid,C00575,241,8,3584,0.1231,2447.39,wallet,Yes,486976,13,6,1,0,0,0,0,0,0,0,0,0,0,26
TXN0006101,2024-03-10T19:16:00,69,M0019,Services,mid,C00323,257,11,4702,0.0794,3368.06,upi,Axis,510464,19,6,1,0,0,1,0,0,0,1,0,0,0,59
TXN0006102,2024-03-10T06:53:00,69,M0190,Services,low,C01353,870,86,16964,0.0187,14900.01,upi,ICICI,525438,6,6,1,1,1,1,0,0,0,1,0,0,0,66
TXN0006103,2024-03-10T13:03:00,69,M0157,SaaS,mid,C01062,298,6,4793,0.2582,2741.19,netbanking,ICICI,487266,13,6,1,0,0,0,0,0,0,0,0,0,1,52
TXN0006104,2024-03-10T13:39:00,69,M0194,Retail,mid,C00457,92,12,1819,0.0688,3017.5,card,PNB,453367,13,6,1,0,0,0,0,1,0,0,1,1,0,49
TXN0006105,2024-03-10T14:03:00,69,M0112,Logistics,mid,C00173,100,19,4404,0.0825,11757.15,netbanking,HDFC,569672,14,6,1,0,0,0,0,0,0,0,0,0,0,68
TXN0006106,2024-03-10T20:12:00,69,M0107,SaaS,mid,C00645,181,9,2541,0.1108,3691.4,card,Axis,458455,20,6,1,0,0,2,0,1,0,1,1,1,0,46
TXN0006107,2024-03-10T15:44:00,69,M0173,Food,high,C00458,228,14,6680,0.1174,2136.86,netbanking,Axis,434672,15,6,1,0,0,0,0,0,0,0,1,1,0,57
TXN0006108,2024-03-10T12:57:00,69,M0049,Services,mid,C01263,11,4,1896,0.0942,2286.49,card,PNB,440339,12,6,1,0,0,0,1,0,0,0,0,1,1,39
TXN0006109,2024-03-10T08:16:00,69,M0069,SaaS,high,C00198,25,4,1477,0.1421,2504.4,upi,Kotak,520494,8,6,1,1,1,1,0,0,0,1,1,1,0,29
TXN0006110,2024-03-10T20:44:00,69,M0110,Food,high,C01007,738,96,4499,0.0593,2670.64,netbanking,HDFC,402970,20,6,1,0,1,1,0,0,0,0,0,0,0,21
TXN0006111,2024-03-10T13:58:00,69,M0143,Logistics,mid,C00482,125,11,1044,0.1372,12143.49,card,Kotak,548816,13,6,1,0,0,0,0,0,0,1,0,0,0,24
TXN0006112,2024-03-10T20:51:00,69,M0088,Food,low,C00356,182,11,1794,0.0139,620.74,netbanking,ICICI,444536,20,6,1,0,1,2,0,0,0,0,0,0,0,52
TXN0006113,2024-03-10T15:34:00,69,M0067,Food,mid,C00900,793,109,15139,0.0533,1618.01,netbanking,ICICI,577195,15,6,1,0,0,0,0,0,0,1,0,0,0,68
TXN0006114,2024-03-10T02:22:00,69,M0062,B2B,low,C01020,177,15,2185,0.0597,56292.17,wallet,Axis,535422,2,6,1,1,0,0,0,0,0,0,1,1,0,49
TXN0006115,2024-03-10T13:30:00,69,M0171,Retail,low,C00267,149,14,3810,0.0835,1902.74,netbanking,HDFC,441490,13,6,1,0,0,1,0,0,0,1,0,0,0,50
TXN0006116,2024-03-10T08:05:00,69,M0191,Logistics,high,C00065,198,19,4385,0.0174,9647.67,wallet,Kotak,476019,8,6,1,0,0,0,0,0,0,0,0,0,0,45
TXN0006117,2024-03-10T20:30:00,69,M0147,SaaS,mid,C00150,11,1,908,0.0473,1237.84,upi,PNB,575881,20,6,1,0,0,0,0,0,0,1,0,0,0,27
TXN0006118,2024-03-10T19:26:00,69,M0156,Services,mid,C00253,122,10,6614,0.0795,8136.82,upi,Canara,446784,19,6,1,0,1,1,0,1,0,0,1,1,0,66
TXN0006119,2024-03-10T14:25:00,69,M0130,Food,low,C00014,91,14,5154,0.0628,7303.83,upi,Axis,431255,14,6,1,10,0,0,0,0,0,0,0,0,0,55
TXN0006120,2024-03-10T10:57:00,69,M0009,Retail,low,C00346,23,1,1516,0.0407,1305.06,wallet,PNB,453674,10,6,1,0,0,0,0,0,0,1,0,0,1,33
TXN0006121,2024-03-10T11:29:00,69,M0048,SaaS,mid,C01405,22,1,758,0.1553,345.65,upi,SBI,464193,11,6,1,12,0,0,0,0,0,0,0,0,0,19
TXN0006122,2024-03-10T13:05:00,69,M0135,Retail,low,C00920,209,9,2207,0.097,3244.33,upi,PNB,456712,13,6,1,0,0,0,0,0,0,1,0,0,0,53
TXN0006123,2024-03-10T11:15:00,69,M0133,SaaS,mid,C01198,23,3,1138,0.1846,1544.32,upi,HDFC,553550,11,6,1,9,0,0,0,0,0,1,0,0,0,51
TXN0006124,2024-03-11T19:16:00,70,M0047,Logistics,low,C01063,16,2,1323,0.0664,3701.98,netbanking,PNB,539823,19,0,0,0,0,1,0,0,0,1,0,0,1,60
TXN0006125,2024-03-11T03:04:00,70,M0076,Services,high,C00564,116,9,1413,0.1264,8091.53,netbanking,HDFC,453867,3,0,0,0,0,1,0,0,0,1,0,1,1,28
TXN0006126,2024-03-11T12:18:00,70,M0020,B2B,low,C01098,21,2,1988,0.0213,13337.76,card,Yes,576657,12,0,0,0,0,0,0,0,0,0,0,0,1,55
TXN0006127,2024-03-11T08:03:00,70,M0183,Retail,mid,C00022,195,15,7187,0.1177,10342.31,card,Kotak,577808,8,0,0,0,0,0,0,0,0,1,0,0,0,30
TXN0006128,2024-03-11T20:09:00,70,M0187,SaaS,high,C00565,261,17,2212,0.0312,522.32,upi,HDFC,577117,20,0,0,14,0,1,0,0,0,0,0,0,0,68
TXN0006129,2024-03-11T06:33:00,70,M0184,Logistics,high,C01418,16,4,1350,0.0837,5407.07,netbanking,PNB,556572,6,0,0,0,0,1,0,0,0,0,0,0,0,30
TXN0006130,2024-03-11T09:58:00,70,M0196,Retail,low,C00576,741,55,11106,0.0526,8742.36,netbanking,Axis,570587,9,0,0,0,0,0,0,0,0,0,1,1,0,33
TXN0006131,2024-03-11T07:47:00,70,M0100,Retail,low,C00131,144,9,6489,0.1913,2129.7,wallet,Kotak,575800,7,0,0,0,0,0,1,0,0,0,1,1,0,23
TXN0006132,2024-03-11T11:51:00,70,M0096,Food,mid,C00368,218,17,1317,0.0644,1683.61,card,Kotak,469496,11,0,0,0,0,0,0,0,0,0,0,0,0,41
TXN0006133,2024-03-11T10:13:00,70,M0149,Services,low,C00652,73,15,5382,0.1701,9798.45,upi,Axis,466696,10,0,0,0,0,0,0,1,0,0,1,1,0,44
TXN0006134,2024-03-11T13:07:00,70,M0108,Food,high,C00724,6,3,1676,0.0399,432.05,upi,HDFC,553460,13,0,0,0,0,0,0,0,0,0,0,0,0,45
TXN0006135,2024-03-11T07:45:00,70,M0175,Food,low,C00478,987,65,6053,0.0157,2344.48,netbanking,SBI,551273,7,0,0,0,0,0,0,1,0,1,0,1,1,19
TXN0006136,2024-03-11T21:02:00,70,M0006,Food,low,C00219,7,1,1716,0.0124,1128.93,upi,Axis,559675,21,0,0,0,0,0,1,0,0,0,0,1,1,43
TXN0006137,2024-03-11T20:50:00,70,M0085,SaaS,mid,C01255,21,3,706,0.0285,1719.3,wallet,PNB,434728,20,0,0,0,0,0,1,0,0,0,0,1,0,44
TXN0006138,2024-03-11T07:13:00,70,M0108,Food,high,C00221,849,90,21922,0.0167,9154.84,card,PNB,492189,7,0,0,0,0,0,0,0,0,0,0,0,0,40
TXN0006139,2024-03-11T15:42:00,70,M0070,Services,low,C01454,216,11,5677,0.16,4116.29,netbanking,Canara,532667,15,0,0,0,0,0,0,0,0,0,0,0,0,25
TXN0006140,2024-03-11T08:50:00,70,M0110,Food,high,C00469,906,112,18797,0.0674,14704.44,netbanking,HDFC,595326,8,0,0,0,0,0,0,0,0,0,0,0,0,50
TXN0006141,2024-03-11T19:28:00,70,M0006,Food,low,C00757,18,3,1376,0.032,1648.89,card,ICICI,492031,19,0,0,0,0,0,0,0,0,0,1,1,0,72
TXN0006142,2024-03-11T20:56:00,70,M0123,Logistics,high,C00372,254,16,7725,0.0291,4970.69,wallet,Axis,555124,20,0,0,0,0,1,0,0,0,0,0,0,0,60
TXN0006143,2024-03-11T06:39:00,70,M0057,Food,high,C01271,219,20,3291,0.0181,2616.59,card,Canara,594199,6,0,0,0,0,0,0,0,0,0,0,0,0,18
TXN0006144,2024-03-11T20:46:00,70,M0013,Logistics,high,C00084,95,8,6140,0.1283,10330.4,wallet,Yes,585957,20,0,0,10,0,0,0,0,0,1,0,0,0,47
TXN0006145,2024-03-11T20:08:00,70,M0197,Food,low,C01147,236,10,6707,0.0762,8551.17,card,HDFC,547008,20,0,0,12,0,1,0,0,0,0,0,0,0,36
TXN0006146,2024-03-11T00:27:00,70,M0076,Services,high,C01352,19,2,636,0.0786,493.09,netbanking,Axis,424149,0,0,0,0,0,0,1,0,0,1,1,1,0,50
TXN0006147,2024-03-11T14:31:00,70,M0080,Logistics,low,C00788,272,13,5066,0.0347,6954.08,wallet,Yes,590396,14,0,0,0,0,0,0,0,0,1,0,0,0,59
TXN0006148,2024-03-11T12:34:00,70,M0145,SaaS,low,C01090,81,13,6915,0.0376,6992.83,upi,HDFC,546976,12,0,0,0,0,0,0,0,0,0,0,0,0,13
TXN0006149,2024-03-11T13:20:00,70,M0028,Retail,mid,C00291,19,1,1376,0.0577,8068.83,upi,Canara,508151,13,0,0,0,0,1,0,0,0,0,0,0,0,65
TXN0006150,2024-03-11T11:31:00,70,M0046,SaaS,high,C00705,160,20,7633,0.1856,2844.1,wallet,Yes,481425,11,0,0,0,0,0,0,0,0,0,0,0,0,51
TXN0006151,2024-03-11T01:40:00,70,M0114,Logistics,mid,C01320,13,4,1792,0.1094,6254.86,upi,Kotak,425744,1,0,0,0,0,0,1,0,0,0,1,1,0,46
TXN0006152,2024-03-11T12:40:00,70,M0087,Logistics,mid,C00677,22,3,664,0.2321,5148.17,upi,ICICI,496919,12,0,0,0,0,0,0,0,0,0,0,0,0,50
TXN0006153,2024-03-11T16:14:00,70,M0083,B2B,low,C00049,879,66,23901,0.0391,26097.68,upi,Kotak,439280,16,0,0,0,0,0,0,0,0,1,0,0,0,56
TXN0006154,2024-03-11T19:39:00,70,M0196,Retail,low,C00059,137,17,3230,0.0947,1880.73,upi,Kotak,509102,19,0,0,9,0,0,0,0,0,1,0,0,0,72
TXN0006155,2024-03-11T16:50:00,70,M0093,SaaS,mid,C01409,11,3,1120,0.0956,1020.56,wallet,ICICI,593474,16,0,0,0,0,0,0,0,0,1,0,0,0,20
TXN0006156,2024-03-11T10:47:00,70,M0194,Retail,mid,C01387,998,75,21611,0.0326,20074.61,card,HDFC,502658,10,0,0,0,0,0,0,0,0,0,0,0,0,54
TXN0006157,2024-03-11T16:44:00,70,M0142,Retail,mid,C00517,15,2,1142,0.0701,575.03,wallet,Kotak,475982,16,0,0,0,0,0,0,0,0,0,0,0,1,16
TXN0006158,2024-03-11T19:30:00,70,M0164,Logistics,high,C00470,118,7,5215,0.1511,8918.14,wallet,SBI,585458,19,0,0,8,0,0,0,0,0,0,0,0,0,30
TXN0006159,2024-03-11T08:19:00,70,M0114,Logistics,mid,C00936,11,4,980,0.0532,2533.33,upi,Axis,598282,8,0,0,0,0,0,0,0,0,0,0,0,0,33
TXN0006160,2024-03-11T14:51:00,70,M0124,Retail,low,C00050,180,20,4608,0.0752,2862.17,upi,HDFC,571493,14,0,0,0,0,0,0,0,0,1,0,0,0,17
TXN0006161,2024-03-11T11:43:00,70,M0078,B2B,high,C00679,25,4,888,0.0293,20139.86,netbanking,ICICI,584495,11,0,0,0,1,1,0,1,0,0,1,1,0,32
TXN0006162,2024-03-11T18:13:00,70,M0090,Logistics,mid,C01137,796,106,15017,0.0135,18025.5,card,Yes,476419,18,0,0,0,0,0,0,0,0,0,1,1,0,50
TXN0006163,2024-03-11T16:58:00,70,M0164,Logistics,high,C00838,827,61,12860,0.0338,9616.96,netbanking,Yes,426062,16,0,0,0,0,0,0,1,0,0,1,1,0,12
TXN0006164,2024-03-11T11:39:00,70,M0059,Logistics,mid,C01292,226,7,1633,0.3705,6283.19,netbanking,HDFC,449809,11,0,0,0,0,0,1,0,1,1,1,1,0,59
TXN0006165,2024-03-11T14:56:00,70,M0061,Services,low,C00092,746,97,10119,0.0086,4049.69,wallet,ICICI,523030,14,0,0,0,0,0,0,1,0,1,1,1,0,52
TXN0006166,2024-03-11T18:40:00,70,M0099,B2B,low,C01229,18,1,787,0.1359,51313.02,netbanking,Canara,576546,18,0,0,0,0,0,0,0,0,0,1,1,0,15
TXN0006167,2024-03-11T20:12:00,70,M0111,Logistics,low,C00073,293,17,4162,0.1695,8610.13,upi,HDFC,559721,20,0,0,0,0,0,1,0,0,1,0,1,1,36
TXN0006168,2024-03-11T06:54:00,70,M0048,SaaS,mid,C01031,20,3,1908,0.0954,1238.29,card,Axis,413710,6,0,0,0,0,0,0,0,0,0,1,1,0,37
TXN0006169,2024-03-11T13:42:00,70,M0186,B2B,mid,C00674,731,115,19078,0.0133,78769.5,upi,Yes,548850,13,0,0,0,1,3,0,0,0,0,1,1,0,36
TXN0006170,2024-03-11T07:57:00,70,M0048,SaaS,mid,C01483,8,4,533,0.0062,432.62,netbanking,Axis,428971,7,0,0,9,0,0,0,0,0,0,0,0,0,37
TXN0006171,2024-03-11T14:36:00,70,M0119,Retail,high,C00966,6,2,1405,0.1134,2960.08,card,Yes,413277,14,0,0,0,0,0,0,0,0,0,0,0,0,42
TXN0006172,2024-03-11T11:45:00,70,M0037,Retail,mid,C00745,236,8,4418,0.0669,3020.15,upi,SBI,597767,11,0,0,0,0,0,0,0,0,0,0,0,0,47
TXN0006173,2024-03-11T08:20:00,70,M0108,Food,high,C00292,13,1,1840,0.0605,881.07,upi,PNB,485850,8,0,0,0,0,0,0,0,0,0,0,0,0,62
TXN0006174,2024-03-11T21:18:00,70,M0027,Services,high,C00232,9,1,1034,0.0886,4486.45,netbanking,Axis,461092,21,0,0,0,0,0,0,0,0,1,0,0,1,24
TXN0006175,2024-03-11T22:41:00,70,M0003,SaaS,low,C00019,767,108,16580,0.0404,10393.46,upi,HDFC,592521,22,0,0,0,0,0,0,0,1,0,0,0,1,17
TXN0006176,2024-03-11T09:33:00,70,M0007,Food,mid,C01393,160,7,3841,0.0843,3352.26,netbanking,HDFC,511063,9,0,0,0,0,0,0,0,0,1,0,0,0,48
TXN0006177,2024-03-11T19:51:00,70,M0071,Retail,low,C00672,25,1,1404,0.0267,2135.23,wallet,Canara,554416,19,0,0,0,0,0,0,0,0,0,0,0,0,40
TXN0006178,2024-03-11T18:53:00,70,M0034,Retail,high,C01321,14,2,1098,0.1209,1112.32,netbanking,PNB,562203,18,0,0,0,0,2,0,0,0,0,0,0,1,31
TXN0006179,2024-03-11T02:46:00,70,M0003,SaaS,low,C00800,21,2,1716,0.1505,3852.46,card,HDFC,594194,2,0,0,0,0,0,0,0,0,0,0,0,1,64
TXN0006180,2024-03-11T12:07:00,70,M0105,SaaS,high,C00615,233,15,5548,0.0875,1186.96,card,SBI,506065,12,0,0,0,0,0,0,0,0,1,0,0,0,41
TXN0006181,2024-03-11T20:46:00,70,M0100,Retail,low,C01092,282,8,6919,0.1439,2788.61,upi,PNB,476605,20,0,0,11,0,1,0,0,0,1,0,0,0,48
TXN0006182,2024-03-11T11:19:00,70,M0092,Food,low,C00632,930,73,24796,0.0066,21550.33,card,ICICI,436089,11,0,0,0,0,1,0,0,0,1,0,0,0,44
TXN0006183,2024-03-11T05:56:00,70,M0171,Retail,low,C00545,130,10,1564,0.0778,1944.62,netbanking,ICICI,598903,5,0,0,0,0,0,0,0,0,0,0,0,0,12
TXN0006184,2024-03-11T15:42:00,70,M0046,SaaS,high,C00384,5,4,1105,0.0554,858.67,upi,HDFC,460166,15,0,0,0,0,1,1,0,0,0,1,1,0,53
TXN0006185,2024-03-11T13:26:00,70,M0198,Food,mid,C00471,90,12,4396,0.1901,1384.34,card,PNB,594413,13,0,0,0,0,0,0,0,0,0,0,0,0,48
TXN0006186,2024-03-11T08:22:00,70,M0013,Logistics,high,C00561,25,3,576,0.1278,5316.98,netbanking,Canara,446268,8,0,0,0,0,0,0,0,0,0,0,0,0,54
TXN0006187,2024-03-11T13:11:00,70,M0062,B2B,low,C00612,15,3,1311,0.1636,23082.05,card,Axis,482336,13,0,0,0,0,1,0,0,0,1,1,1,0,19
TXN0006188,2024-03-11T22:21:00,70,M0046,SaaS,high,C01041,197,11,6635,0.0326,5564.89,card,HDFC,484135,22,0,0,0,0,0,1,0,0,1,1,1,0,62
TXN0006189,2024-03-11T15:44:00,70,M0082,B2B,high,C01108,159,19,6909,0.148,16810.21,wallet,PNB,582545,15,0,0,0,0,0,0,0,0,0,0,0,0,33
TXN0006190,2024-03-11T21:11:00,70,M0060,Services,high,C01450,183,14,6286,0.0681,13430.73,card,Canara,473098,21,0,0,0,0,0,1,0,0,0,1,1,0,72
TXN0006191,2024-03-11T15:09:00,70,M0067,Food,mid,C00483,25,2,1908,0.2412,981.81,upi,Canara,533478,15,0,0,0,0,0,0,0,0,0,0,0,0,39
TXN0006192,2024-03-11T21:43:00,70,M0042,Logistics,mid,C01375,827,66,13174,0.001,11455.85,card,Axis,543123,21,0,0,0,0,0,0,0,0,0,0,0,0,70
TXN0006193,2024-03-11T04:09:00,70,M0144,Retail,low,C00379,9,2,1731,0.1003,1913.29,upi,HDFC,400689,4,0,0,0,0,2,0,0,0,1,0,0,1,52
TXN0006194,2024-03-11T07:35:00,70,M0009,Retail,low,C01008,20,4,1754,0.1233,2486.02,upi,SBI,573247,7,0,0,0,0,0,0,0,0,1,0,0,0,54
TXN0006195,2024-03-11T10:08:00,70,M0180,Food,low,C01190,14,4,1510,0.2709,556.89,upi,Canara,546823,10,0,0,11,0,0,0,0,0,0,0,0,1,44
TXN0006196,2024-03-11T06:23:00,70,M0194,Retail,mid,C00832,105,10,7905,0.0538,4189.15,card,Canara,444769,6,0,0,0,0,0,0,0,0,0,0,0,0,56
TXN0006197,2024-03-11T05:17:00,70,M0169,Food,low,C01217,960,117,8732,0.0057,6497.21,upi,Axis,488880,5,0,0,0,0,1,1,1,0,0,1,1,0,58
TXN0006198,2024-03-11T06:11:00,70,M0039,Logistics,mid,C01403,124,18,3764,0.1493,7164.61,wallet,SBI,582418,6,0,0,0,0,0,1,0,0,0,1,1,0,22
TXN0006199,2024-03-11T17:53:00,70,M0144,Retail,low,C00942,268,13,2561,0.1229,2358.85,netbanking,Canara,565182,17,0,0,0,0,0,0,0,0,0,0,0,0,44
TXN0006200,2024-03-11T18:37:00,70,M0013,Logistics,high,C00368,218,17,1317,0.0644,6193.63,netbanking,PNB,464707,18,0,0,0,1,1,0,0,0,1,0,0,0,58
TXN0006201,2024-03-11T10:22:00,70,M0053,Retail,low,C01166,199,7,5684,0.0932,4790.57,netbanking,SBI,415746,10,0,0,0,0,1,0,0,0,1,0,0,0,66
TXN0006202,2024-03-11T15:00:00,70,M0121,Food,low,C01472,807,92,5392,0.0039,5751.32,wallet,Yes,478148,15,0,0,9,0,0,0,0,0,0,0,0,0,19
TXN0006203,2024-03-11T11:29:00,70,M0068,B2B,low,C00552,270,13,5333,0.0504,17936.99,card,HDFC,512087,11,0,0,0,0,0,0,0,0,0,0,0,1,41
TXN0006204,2024-03-11T08:26:00,70,M0082,B2B,high,C00372,254,16,7725,0.0291,11579.35,upi,HDFC,523728,8,0,0,1,1,2,0,0,0,0,0,0,0,52
TXN0006205,2024-03-11T17:06:00,70,M0000,Logistics,low,C00680,76,14,5093,0.1005,13818.74,wallet,Yes,480330,17,0,0,0,0,2,1,0,0,1,1,1,0,22
TXN0006206,2024-03-11T17:54:00,70,M0118,Retail,mid,C01195,131,15,7329,0.1734,5101.17,card,PNB,428583,17,0,0,0,0,0,0,0,0,0,1,1,0,47
TXN0006207,2024-03-11T09:42:00,70,M0046,SaaS,high,C01458,18,3,1822,0.165,2876.23,wallet,SBI,504457,9,0,0,0,0,0,0,1,0,0,0,1,1,66
TXN0006208,2024-03-12T10:13:00,71,M0005,Logistics,high,C00912,124,12,1883,0.0678,5681.93,card,Kotak,505834,10,1,0,0,0,0,0,0,0,1,0,0,0,25
TXN0006209,2024-03-12T22:54:00,71,M0146,Food,mid,C00514,23,2,1082,0.0667,1578.37,wallet,Axis,531668,22,1,0,14,0,0,0,0,0,0,0,0,0,62
TXN0006210,2024-03-12T11:50:00,71,M0116,Services,low,C01399,25,1,1736,0.1858,3810.17,card,Canara,551193,11,1,0,0,0,0,1,0,0,0,0,1,1,69
TXN0006211,2024-03-12T21:01:00,71,M0158,Retail,low,C00844,101,14,6949,0.0502,5350.02,wallet,Canara,560023,21,1,0,0,0,2,0,0,0,0,0,0,0,46
TXN0006212,2024-03-12T12:17:00,71,M0083,B2B,low,C00300,215,14,7381,0.2502,12011.4,netbanking,ICICI,471303,12,1,0,0,0,0,0,0,0,1,0,0,0,50
TXN0006213,2024-03-12T20:39:00,71,M0125,Retail,low,C00504,870,112,8992,0.0862,11098.7,netbanking,Canara,407185,20,1,0,11,0,0,0,0,0,0,0,0,0,35
TXN0006214,2024-03-12T14:17:00,71,M0092,Food,low,C01214,977,64,11845,0.0205,9463.4,card,ICICI,509399,14,1,0,6,0,1,0,0,0,1,0,0,0,64
TXN0006215,2024-03-12T13:41:00,71,M0091,Logistics,high,C00810,753,50,11311,0.0145,12950.73,card,Axis,402329,13,1,0,0,0,0,0,0,0,1,0,0,0,67
TXN0006216,2024-03-12T08:01:00,71,M0192,B2B,mid,C01272,201,11,2005,0.0898,39813.49,upi,HDFC,478660,8,1,0,1,0,0,0,0,0,1,1,1,0,31
TXN0006217,2024-03-12T15:49:00,71,M0071,Retail,low,C01146,949,93,12728,0.0038,6556.36,wallet,Axis,543626,15,1,0,0,0,0,0,0,0,1,0,0,0,32
TXN0006218,2024-03-12T14:58:00,71,M0124,Retail,low,C00932,108,14,7468,0.0324,4600.21,netbanking,Canara,540022,14,1,0,0,0,0,0,0,0,1,0,0,0,47
TXN0006219,2024-03-12T08:51:00,71,M0118,Retail,mid,C00559,119,13,7644,0.0554,9330.1,wallet,HDFC,504238,8,1,0,0,0,1,0,0,0,0,0,0,0,12
TXN0006220,2024-03-12T15:36:00,71,M0114,Logistics,mid,C00459,61,15,3016,0.1617,26230.67,netbanking,PNB,563492,15,1,0,0,0,0,0,0,0,0,0,0,0,52
TXN0006221,2024-03-12T20:25:00,71,M0158,Retail,low,C00171,127,11,7282,0.1708,2686.86,netbanking,Canara,522801,20,1,0,0,0,1,0,0,0,1,0,0,0,52
TXN0006222,2024-03-12T23:48:00,71,M0118,Retail,mid,C00186,244,6,5780,0.0759,7827.48,netbanking,Axis,582352,23,1,0,0,0,0,0,0,0,0,0,0,0,47
TXN0006223,2024-03-12T16:11:00,71,M0089,Food,low,C01256,14,3,1299,0.3112,601.69,upi,HDFC,494057,16,1,0,0,0,1,0,0,0,1,0,0,0,31
TXN0006224,2024-03-12T10:44:00,71,M0014,Logistics,high,C00661,171,5,3365,0.1198,4760.8,wallet,Canara,500093,10,1,0,0,0,0,0,0,0,0,1,1,0,39
TXN0006225,2024-03-12T23:22:00,71,M0044,Logistics,low,C01004,144,8,1025,0.0719,5579.24,wallet,ICICI,578805,23,1,0,0,0,0,0,0,0,0,0,0,1,68
TXN0006226,2024-03-12T18:27:00,71,M0129,Services,low,C00857,994,96,3975,0.0102,3801.59,upi,SBI,410890,18,1,0,6,0,0,0,0,0,0,0,0,0,70
TXN0006227,2024-03-12T18:11:00,71,M0124,Retail,low,C01397,17,1,1452,0.16,3495.96,netbanking,ICICI,494536,18,1,0,0,0,1,1,0,0,0,1,1,0,51
TXN0006228,2024-03-12T00:01:00,71,M0034,Retail,high,C00990,18,3,1979,0.06,4603.6,upi,HDFC,516746,0,1,0,0,0,0,0,0,0,0,0,0,0,21
TXN0006229,2024-03-12T17:08:00,71,M0148,SaaS,mid,C00767,156,19,4765,0.0133,4146.0,netbanking,Yes,413160,17,1,0,0,0,0,0,1,0,0,1,1,0,30
TXN0006230,2024-03-12T08:55:00,71,M0012,Food,low,C01473,249,18,1175,0.0682,1751.19,upi,HDFC,560664,8,1,0,0,0,0,0,0,1,0,0,0,0,20
TXN0006231,2024-03-12T20:33:00,71,M0091,Logistics,high,C00616,911,58,7892,0.0092,23236.18,netbanking,Yes,512825,20,1,0,0,0,0,0,0,0,0,1,1,0,39
TXN0006232,2024-03-12T14:13:00,71,M0135,Retail,low,C01382,8,3,516,0.0408,1658.95,upi,ICICI,530874,14,1,0,0,0,0,0,0,0,0,0,0,1,55
TXN0006233,2024-03-12T10:26:00,71,M0040,SaaS,mid,C00441,144,16,3404,0.0449,2738.13,wallet,Kotak,439147,10,1,0,0,0,1,0,0,0,1,0,0,1,48
TXN0006234,2024-03-12T20:29:00,71,M0100,Retail,low,C01332,12,1,573,0.2078,673.79,wallet,PNB,555683,20,1,0,0,0,1,0,0,0,1,1,1,0,57
TXN0006235,2024-03-12T17:11:00,71,M0144,Retail,low,C00868,196,12,3869,0.046,3435.31,wallet,Kotak,511471,17,1,0,0,0,0,0,0,0,1,0,0,0,14
TXN0006236,2024-03-12T07:15:00,71,M0110,Food,high,C00000,855,97,12338,0.0029,8296.24,card,Kotak,427165,7,1,0,0,0,0,0,0,0,0,0,0,0,51
TXN0006237,2024-03-12T12:06:00,71,M0198,Food,mid,C00549,6,2,719,0.0845,638.33,upi,HDFC,523415,12,1,0,0,0,0,0,0,0,1,0,0,1,54
TXN0006238,2024-03-12T18:38:00,71,M0154,Retail,low,C00214,16,1,1608,0.0371,2772.12,wallet,Axis,414414,18,1,0,0,0,1,0,0,1,1,0,0,0,54
TXN0006239,2024-03-12T12:07:00,71,M0141,Logistics,low,C00774,781,76,14008,0.0117,17875.53,card,PNB,547668,12,1,0,0,0,0,0,0,0,1,0,0,0,14
TXN0006240,2024-03-12T09:34:00,71,M0021,SaaS,mid,C01183,243,15,2751,0.0611,2315.74,netbanking,PNB,432676,9,1,0,0,0,1,0,0,0,0,0,0,0,32
TXN0006241,2024-03-12T14:18:00,71,M0133,SaaS,mid,C00091,198,18,5811,0.0763,1194.05,card,HDFC,463262,14,1,0,0,0,2,0,0,0,0,0,0,0,49
TXN0006242,2024-03-12T10:28:00,71,M0104,Food,low,C00039,99,18,2442,0.1739,1947.37,upi,HDFC,416909,10,1,0,0,0,0,0,0,0,0,0,0,0,43
TXN0006243,2024-03-12T16:09:00,71,M0050,Logistics,high,C00916,281,5,4714,0.0524,5488.19,netbanking,ICICI,401812,16,1,0,0,0,0,0,0,0,0,0,0,0,46
TXN0006244,2024-03-12T14:19:00,71,M0029,Retail,high,C00048,132,8,7820,0.0412,7915.38,upi,Canara,511146,14,1,0,0,0,0,0,0,0,1,0,0,0,20
TXN0006245,2024-03-12T10:29:00,71,M0149,Services,low,C00510,5,2,1363,0.0704,3238.62,upi,Kotak,517961,10,1,0,0,0,1,0,0,0,0,0,0,0,43
TXN0006246,2024-03-12T18:29:00,71,M0117,SaaS,low,C00958,823,62,15895,0.0317,6220.37,netbanking,Canara,481562,18,1,0,0,0,2,0,0,0,0,0,0,0,67
TXN0006247,2024-03-12T07:55:00,71,M0193,B2B,low,C01027,177,10,5728,0.0384,18510.77,netbanking,Axis,431919,7,1,0,10,0,0,0,0,0,0,0,0,0,37
TXN0006248,2024-03-12T18:24:00,71,M0044,Logistics,low,C01192,732,56,11509,0.0446,24095.73,upi,SBI,521266,18,1,0,0,0,0,1,0,0,0,1,1,0,64
TXN0006249,2024-03-12T13:55:00,71,M0088,Food,low,C00567,17,2,1649,0.1358,579.69,card,Yes,475417,13,1,0,11,0,1,0,0,0,0,0,0,0,61
TXN0006250,2024-03-12T09:00:00,71,M0112,Logistics,mid,C01271,219,20,3291,0.0181,20985.64,upi,HDFC,548978,9,1,0,0,0,1,1,0,0,0,1,1,0,61
TXN0006251,2024-03-12T16:58:00,71,M0050,Logistics,high,C00367,165,13,4137,0.1283,9050.39,netbanking,PNB,521533,16,1,0,0,0,0,0,0,0,0,1,1,0,65
TXN0006252,2024-03-12T16:16:00,71,M0091,Logistics,high,C00699,115,19,2458,0.0619,24591.71,card,HDFC,450646,16,1,0,0,0,1,0,1,0,0,1,1,0,29
TXN0006253,2024-03-12T21:52:00,71,M0165,Services,low,C00763,20,4,972,0.1707,2528.24,upi,ICICI,574955,21,1,0,0,0,0,0,1,0,0,1,1,0,37
TXN0006254,2024-03-12T16:49:00,71,M0149,Services,low,C00704,116,9,5699,0.0142,1754.32,wallet,Canara,450669,16,1,0,0,0,0,0,0,0,0,0,0,0,30
TXN0006255,2024-03-12T05:08:00,71,M0176,SaaS,low,C01445,236,12,2870,0.2086,3075.78,netbanking,SBI,415420,5,1,0,0,0,0,0,0,0,0,1,1,0,57
TXN0006256,2024-03-12T13:32:00,71,M0160,Services,mid,C01353,870,86,16964,0.0187,6395.31,card,Yes,465344,13,1,0,0,0,2,0,0,0,0,0,0,0,14
TXN0006257,2024-03-12T09:06:00,71,M0099,B2B,low,C00990,18,3,1979,0.06,6017.36,wallet,ICICI,506339,9,1,0,0,1,1,0,0,0,0,0,0,0,12
TXN0006258,2024-03-12T14:17:00,71,M0039,Logistics,mid,C00995,165,7,1895,0.1327,5508.67,netbanking,Canara,590599,14,1,0,0,0,0,0,0,0,1,0,0,0,46
TXN0006259,2024-03-12T18:48:00,71,M0176,SaaS,low,C00469,906,112,18797,0.0674,11870.86,card,SBI,578261,18,1,0,0,0,1,0,0,0,1,0,0,0,45
TXN0006260,2024-03-12T10:07:00,71,M0177,Food,low,C00538,22,1,1018,0.095,947.51,upi,SBI,514993,10,1,0,0,0,0,1,0,0,0,1,1,0,47
TXN0006261,2024-03-12T11:56:00,71,M0189,SaaS,mid,C01364,5,3,568,0.1317,255.73,wallet,SBI,469851,11,1,0,0,0,2,0,0,0,0,0,0,0,41
TXN0006262,2024-03-12T17:04:00,71,M0195,Food,high,C01329,214,5,6916,0.0088,2385.58,netbanking,Canara,444163,17,1,0,0,0,0,0,0,0,0,0,0,0,67
TXN0006263,2024-03-12T07:21:00,71,M0069,SaaS,high,C00062,23,4,1800,0.1931,958.46,netbanking,Yes,487292,7,1,0,0,0,0,0,0,0,0,0,0,1,63
TXN0006264,2024-03-12T06:03:00,71,M0178,Logistics,low,C01110,168,20,6680,0.0808,17450.19,netbanking,Kotak,409366,6,1,0,0,0,0,0,1,0,0,1,1,0,35
TXN0006265,2024-03-12T21:55:00,71,M0028,Retail,mid,C01026,84,9,3649,0.1314,3803.51,upi,PNB,474960,21,1,0,0,0,0,0,0,0,1,0,0,0,54
TXN0006266,2024-03-12T14:32:00,71,M0047,Logistics,low,C00869,17,2,715,0.0491,4155.97,card,PNB,411847,14,1,0,0,0,0,1,0,0,0,1,1,0,18
TXN0006267,2024-03-12T18:06:00,71,M0034,Retail,high,C00860,135,18,4293,0.257,4806.18,upi,SBI,578600,18,1,0,10,0,0,0,0,0,0,0,0,0,21
TXN0006268,2024-03-12T09:47:00,71,M0154,Retail,low,C00640,730,68,24655,0.0032,7199.52,netbanking,ICICI,499484,9,1,0,0,0,0,0,0,0,1,0,0,0,70
TXN0006269,2024-03-12T17:20:00,71,M0179,Services,low,C00766,267,5,7258,0.0094,4720.97,card,Axis,569891,17,1,0,0,0,0,0,0,0,1,0,0,0,41
TXN0006270,2024-03-12T10:10:00,71,M0159,Services,low,C00485,260,20,2464,0.0804,1648.99,wallet,Yes,441200,10,1,0,0,0,0,0,0,0,1,0,0,0,47
TXN0006271,2024-03-12T16:45:00,71,M0019,Services,mid,C00502,12,3,819,0.0237,929.24,card,Axis,593506,16,1,0,0,0,0,0,0,0,0,0,0,1,51
TXN0006272,2024-03-12T08:06:00,71,M0065,B2B,high,C00741,993,74,23579,0.0051,30778.55,card,SBI,478330,8,1,0,14,0,1,0,0,0,0,0,0,1,35
TXN0006273,2024-03-12T17:59:00,71,M0046,SaaS,high,C00857,994,96,3975,0.0102,1967.25,wallet,ICICI,594159,17,1,0,1,1,1,1,0,0,0,1,1,0,52
TXN0006274,2024-03-12T13:20:00,71,M0086,Retail,high,C00907,756,91,17173,0.0372,7588.72,netbanking,Kotak,411009,13,1,0,0,0,0,1,1,0,1,1,1,0,23
TXN0006275,2024-03-12T07:03:00,71,M0167,SaaS,low,C01477,9,3,641,0.0741,812.98,card,PNB,563872,7,1,0,0,0,1,0,0,0,1,0,0,0,59
TXN0006276,2024-03-12T16:50:00,71,M0012,Food,low,C00076,287,20,5432,0.1246,4335.92,card,SBI,454442,16,1,0,0,0,0,0,0,0,0,0,0,0,64
TXN0006277,2024-03-12T18:43:00,71,M0008,Retail,low,C00094,229,11,6256,0.1821,847.73,card,Yes,427486,18,1,0,0,0,0,1,0,1,1,1,1,0,54
TXN0006278,2024-03-12T19:08:00,71,M0179,Services,low,C00513,906,52,16492,0.0021,9040.64,wallet,SBI,413345,19,1,0,0,0,0,0,1,0,0,1,1,0,36
TXN0006279,2024-03-12T10:28:00,71,M0076,Services,high,C00550,194,13,1402,0.0991,5325.66,upi,Canara,481374,10,1,0,0,0,0,0,0,0,0,0,0,0,18
TXN0006280,2024-03-12T19:22:00,71,M0117,SaaS,low,C01229,18,1,787,0.1359,2746.07,upi,Yes,496694,19,1,0,14,0,1,0,0,0,1,0,0,1,45
TXN0006281,2024-03-12T19:15:00,71,M0087,Logistics,mid,C01381,181,9,4827,0.1171,8355.98,wallet,PNB,587967,19,1,0,13,0,1,0,0,0,0,0,0,0,40
TXN0006282,2024-03-12T11:39:00,71,M0154,Retail,low,C00835,979,88,23266,0.031,15620.1,wallet,PNB,446958,11,1,0,0,0,0,0,0,0,1,1,1,0,42
TXN0006283,2024-03-12T13:16:00,71,M0033,Logistics,low,C00118,24,4,1912,0.1164,4584.68,card,Yes,427028,13,1,0,0,0,0,0,0,0,0,0,0,1,29
TXN0006284,2024-03-12T21:51:00,71,M0120,Food,low,C00851,191,8,6786,0.0145,6323.39,upi,Axis,566131,21,1,0,0,0,0,1,0,0,1,1,1,0,71
TXN0006285,2024-03-12T10:03:00,71,M0180,Food,low,C01321,14,2,1098,0.1209,790.43,card,Yes,414543,10,1,0,0,1,3,0,0,0,0,0,0,0,54
TXN0006286,2024-03-12T09:16:00,71,M0056,Retail,low,C00228,23,2,1481,0.0503,1439.01,upi,ICICI,560557,9,1,0,0,0,0,1,0,0,1,0,1,1,46
TXN0006287,2024-03-12T13:41:00,71,M0093,SaaS,mid,C01259,95,11,5481,0.2295,3605.45,upi,Canara,547119,13,1,0,0,0,0,0,0,0,0,0,0,0,44
TXN0006288,2024-03-12T07:41:00,71,M0116,Services,low,C00403,20,3,980,0.0023,3652.98,netbanking,Yes,480943,7,1,0,0,0,0,0,0,0,0,0,0,1,56
TXN0006289,2024-03-12T13:22:00,71,M0154,Retail,low,C00747,241,14,1235,0.0284,876.25,card,ICICI,482734,13,1,0,0,0,0,0,0,0,0,0,0,0,26
TXN0006290,2024-03-12T17:47:00,71,M0011,Food,low,C01150,262,18,3152,0.0977,3660.72,upi,PNB,563998,17,1,0,0,0,0,0,0,0,1,0,0,0,19
TXN0006291,2024-03-12T17:10:00,71,M0177,Food,low,C00677,22,3,664,0.2321,689.46,wallet,ICICI,470546,17,1,0,0,0,1,0,0,0,1,0,0,0,37
TXN0006292,2024-03-12T14:03:00,71,M0184,Logistics,high,C00746,139,16,2138,0.1821,13657.89,upi,Axis,509663,14,1,0,0,0,0,0,0,0,0,0,0,0,38
TXN0006293,2024-03-12T16:42:00,71,M0008,Retail,low,C00363,794,55,16873,0.0015,13313.83,card,PNB,579446,16,1,0,0,0,0,0,0,0,0,0,0,0,36
TXN0006294,2024-03-12T12:18:00,71,M0032,Food,low,C01172,822,88,3332,0.0419,2665.92,wallet,Canara,433494,12,1,0,0,0,1,0,0,0,0,0,0,1,60
TXN0006295,2024-03-12T05:31:00,71,M0029,Retail,high,C00157,67,9,7952,0.0952,3561.24,wallet,Yes,553729,5,1,0,0,0,0,0,0,0,1,0,0,0,25
TXN0006296,2024-03-12T08:17:00,71,M0145,SaaS,low,C00564,116,9,1413,0.1264,976.19,upi,Yes,428031,8,1,0,9,0,2,0,0,0,0,0,0,1,13
TXN0006297,2024-03-12T14:37:00,71,M0073,SaaS,high,C01105,6,2,864,0.0973,933.34,upi,ICICI,500692,14,1,0,0,0,0,0,0,0,1,0,0,1,58
TXN0006298,2024-03-12T12:07:00,71,M0153,Food,low,C01278,877,118,18188,0.0099,14701.49,upi,ICICI,547117,12,1,0,0,0,1,0,0,0,0,0,0,0,54
TXN0006299,2024-03-12T12:14:00,71,M0162,Services,high,C00869,17,2,715,0.0491,1905.94,card,HDFC,573397,12,1,0,1,1,1,0,0,0,0,0,0,0,41
TXN0006300,2024-03-12T22:26:00,71,M0021,SaaS,mid,C00769,20,4,1474,0.1538,820.57,card,Kotak,539125,22,1,0,0,0,1,0,0,0,0,0,0,1,22
TXN0006301,2024-03-12T18:34:00,71,M0114,Logistics,mid,C00160,790,83,11529,0.027,5555.57,card,SBI,564859,18,1,0,0,0,2,0,0,0,0,0,0,0,66
TXN0006302,2024-03-12T10:17:00,71,M0143,Logistics,mid,C00038,277,18,7736,0.0967,12321.12,wallet,Yes,478878,10,1,0,0,0,1,0,0,0,0,0,0,0,60
TXN0006303,2024-03-13T13:01:00,72,M0077,Services,high,C00353,227,10,5975,0.0345,2333.21,netbanking,Yes,564322,13,2,0,0,0,0,0,0,0,0,0,0,0,32
TXN0006304,2024-03-13T18:42:00,72,M0046,SaaS,high,C01161,141,15,2396,0.4262,2562.83,netbanking,SBI,414264,18,2,0,0,0,0,0,0,0,1,0,0,0,54
TXN0006305,2024-03-13T16:04:00,72,M0198,Food,mid,C00690,20,2,922,0.0354,236.87,wallet,SBI,569024,16,2,0,0,0,1,0,0,0,1,0,0,0,34
TXN0006306,2024-03-13T10:40:00,72,M0004,Logistics,low,C01201,825,84,3936,0.0126,25180.62,netbanking,ICICI,477473,10,2,0,0,0,0,1,0,0,0,1,1,0,71
TXN0006307,2024-03-13T18:53:00,72,M0140,Logistics,high,C01292,226,7,1633,0.3705,8837.73,card,ICICI,495451,18,2,0,6,0,1,0,0,0,0,0,0,0,72
TXN0006308,2024-03-13T15:35:00,72,M0008,Retail,low,C00956,207,6,7039,0.0199,12641.58,card,PNB,585393,15,2,0,0,0,1,0,0,0,0,0,0,0,51
TXN0006309,2024-03-13T21:53:00,72,M0059,Logistics,mid,C01299,983,75,8895,0.0443,39983.45,wallet,Canara,490377,21,2,0,0,0,0,0,0,0,0,0,1,0,67
TXN0006310,2024-03-13T14:59:00,72,M0199,SaaS,mid,C01498,12,2,1312,0.0618,1527.52,card,SBI,514061,14,2,0,0,0,0,0,0,0,0,0,0,1,66
TXN0006311,2024-03-13T06:55:00,72,M0176,SaaS,low,C00634,92,8,4323,0.2108,3618.75,card,ICICI,528283,6,2,0,0,0,0,0,0,0,1,0,0,0,60
TXN0006312,2024-03-13T10:24:00,72,M0157,SaaS,mid,C00789,251,12,4464,0.0556,1478.31,netbanking,Canara,452511,10,2,0,10,0,0,0,0,0,0,0,0,0,68
TXN0006313,2024-03-13T16:12:00,72,M0113,Services,high,C00879,15,1,1779,0.1522,3879.79,wallet,HDFC,427741,16,2,0,0,0,0,0,0,0,1,0,0,0,27
TXN0006314,2024-03-13T09:42:00,72,M0148,SaaS,mid,C01042,11,2,1733,0.1162,1174.01,netbanking,Kotak,491081,9,2,0,0,0,0,0,0,0,0,0,0,0,48
TXN0006315,2024-03-13T06:54:00,72,M0089,Food,low,C00313,188,6,2469,0.0733,4048.79,card,Yes,437902,6,2,0,0,0,1,0,0,0,1,1,1,0,38
TXN0006316,2024-03-13T19:27:00,72,M0176,SaaS,low,C00115,8,1,1518,0.0701,749.64,netbanking,Canara,504827,19,2,0,0,0,0,0,0,0,1,0,0,0,34
TXN0006317,2024-03-13T12:39:00,72,M0048,SaaS,mid,C00712,22,1,1648,0.1887,2683.04,netbanking,Yes,550017,12,2,0,0,0,0,0,0,0,0,0,0,0,47
TXN0006318,2024-03-13T04:41:00,72,M0058,B2B,low,C00746,139,16,2138,0.1821,24803.48,netbanking,HDFC,455104,4,2,0,0,1,1,0,0,0,0,1,1,0,66
TXN0006319,2024-03-13T14:55:00,72,M0094,SaaS,high,C00356,182,11,1794,0.0139,1350.14,wallet,Yes,486143,14,2,0,0,0,2,1,0,0,1,1,1,0,28
TXN0006320,2024-03-13T16:29:00,72,M0078,B2B,high,C01142,239,20,1936,0.0703,16903.4,upi,PNB,586023,16,2,0,0,0,1,0,0,0,0,0,0,0,50
TXN0006321,2024-03-13T16:32:00,72,M0052,Logistics,mid,C00626,200,15,3220,0.0394,20329.29,card,Yes,563238,16,2,0,0,0,1,0,0,0,0,0,0,0,31
TXN0006322,2024-03-13T22:43:00,72,M0180,Food,low,C01151,19,1,574,0.048,1805.9,wallet,Canara,514526,22,2,0,0,0,0,0,0,0,0,0,0,1,31
TXN0006323,2024-03-13T09:53:00,72,M0036,Retail,low,C00377,17,1,833,0.2543,652.19,wallet,Kotak,599431,9,2,0,0,0,0,0,0,0,0,0,0,0,59
TXN0006324,2024-03-13T05:04:00,72,M0039,Logistics,mid,C00160,790,83,11529,0.027,16638.89,upi,ICICI,507218,5,2,0,0,1,3,0,0,0,0,1,1,0,18
TXN0006325,2024-03-13T07:54:00,72,M0156,Services,mid,C00625,9,2,1060,0.0287,1505.26,netbanking,Yes,455094,7,2,0,0,0,0,0,0,0,0,1,1,0,64
TXN0006326,2024-03-13T16:36:00,72,M0045,Food,high,C01495,123,12,3053,0.0454,6660.8,netbanking,Canara,573251,16,2,0,0,0,0,0,0,0,0,0,0,0,41
TXN0006327,2024-03-13T20:44:00,72,M0002,B2B,low,C01049,239,14,5518,0.0835,20936.26,netbanking,Kotak,465447,20,2,0,0,0,0,0,0,0,1,0,0,0,46
TXN0006328,2024-03-13T21:45:00,72,M0063,SaaS,high,C01017,211,11,7099,0.0344,5814.42,upi,Canara,449886,21,2,0,0,0,0,0,0,0,0,0,0,0,35
TXN0006329,2024-03-13T16:30:00,72,M0086,Retail,high,C01300,781,66,4116,0.0443,3628.99,wallet,Canara,412545,16,2,0,0,0,0,0,0,0,1,0,0,0,37
TXN0006330,2024-03-13T17:34:00,72,M0193,B2B,low,C01050,106,16,7603,0.1525,42097.66,netbanking,SBI,505461,17,2,0,0,0,0,1,0,0,0,1,1,0,20
TXN0006331,2024-03-13T03:29:00,72,M0059,Logistics,mid,C00271,11,2,1070,0.1758,2929.79,card,PNB,458036,3,2,0,0,0,0,0,0,0,1,1,1,0,51
TXN0006332,2024-03-13T16:13:00,72,M0155,SaaS,mid,C01226,137,14,1701,0.0587,1317.67,netbanking,Kotak,557972,16,2,0,0,0,1,0,1,0,1,1,1,0,21
TXN0006333,2024-03-13T08:48:00,72,M0078,B2B,high,C00529,159,17,2807,0.0622,30147.92,card,Canara,543487,8,2,0,0,0,0,0,0,0,0,0,0,0,41
TXN0006334,2024-03-13T14:33:00,72,M0134,Services,low,C00665,272,7,1097,0.067,4303.06,wallet,Yes,550930,14,2,0,0,0,0,0,0,0,1,1,1,0,48
TXN0006335,2024-03-13T20:11:00,72,M0138,Services,mid,C00918,794,115,11397,0.0088,9813.81,wallet,PNB,408474,20,2,0,0,0,0,0,0,0,0,0,0,0,71
TXN0006336,2024-03-13T11:42:00,72,M0119,Retail,high,C00591,192,6,2555,0.0639,1622.95,upi,Yes,478611,11,2,0,0,0,0,0,0,0,1,0,0,0,54
TXN0006337,2024-03-13T05:52:00,72,M0163,Logistics,high,C01494,266,9,2847,0.112,14297.91,netbanking,PNB,537269,5,2,0,0,0,0,0,0,0,1,1,1,0,43
TXN0006338,2024-03-13T11:00:00,72,M0126,B2B,low,C01292,226,7,1633,0.3705,200000,upi,HDFC,462926,11,2,0,1,1,2,0,0,0,0,1,1,0,34
TXN0006339,2024-03-13T20:47:00,72,M0026,Retail,high,C01330,256,7,6365,0.0174,5384.07,card,ICICI,515095,20,2,0,0,0,0,0,0,0,0,0,0,0,37
TXN0006340,2024-03-13T16:03:00,72,M0120,Food,low,C00938,118,6,4811,0.096,4732.67,upi,HDFC,437851,16,2,0,0,0,0,0,0,0,0,0,0,0,30
TXN0006341,2024-03-13T12:25:00,72,M0110,Food,high,C00844,101,14,6949,0.0502,2415.1,netbanking,Axis,512200,12,2,0,0,1,3,0,0,0,0,0,0,0,18
TXN0006342,2024-03-13T04:25:00,72,M0116,Services,low,C00818,270,13,5614,0.1067,2790.33,wallet,ICICI,446563,4,2,0,0,0,1,0,0,0,0,1,1,0,33
TXN0006343,2024-03-13T14:21:00,72,M0160,Services,mid,C00838,827,61,12860,0.0338,4237.63,wallet,SBI,560451,14,2,0,0,0,1,0,0,0,0,0,0,0,32
TXN0006344,2024-03-13T05:24:00,72,M0194,Retail,mid,C00318,944,112,4962,0.0793,3230.74,wallet,PNB,521012,5,2,0,0,0,0,0,1,0,0,1,1,0,14
TXN0006345,2024-03-13T06:10:00,72,M0004,Logistics,low,C01285,25,1,877,0.1293,7064.48,wallet,Canara,412881,6,2,0,0,0,0,0,0,0,1,1,1,0,54
TXN0006346,2024-03-13T14:59:00,72,M0044,Logistics,low,C00420,243,19,1934,0.0247,15039.43,netbanking,SBI,487813,14,2,0,14,0,0,0,0,0,0,0,0,0,38
TXN0006347,2024-03-13T05:18:00,72,M0128,B2B,high,C01048,91,10,5312,0.1216,8280.53,wallet,HDFC,512430,5,2,0,0,0,0,0,0,0,0,0,1,0,35
TXN0006348,2024-03-13T10:10:00,72,M0061,Services,low,C01479,922,53,17547,0.0327,11439.89,netbanking,Yes,583451,10,2,0,0,0,1,0,0,0,0,0,0,0,34
TXN0006349,2024-03-13T10:37:00,72,M0124,Retail,low,C00252,212,15,4155,0.0065,5266.48,wallet,HDFC,523480,10,2,0,0,0,1,0,0,0,0,0,0,0,61
TXN0006350,2024-03-13T18:03:00,72,M0144,Retail,low,C01266,71,5,6896,0.0768,3270.47,upi,Axis,442463,18,2,0,0,0,1,0,0,0,0,0,0,0,35
TXN0006351,2024-03-13T19:16:00,72,M0090,Logistics,mid,C00442,734,64,24919,0.0094,57923.76,wallet,SBI,525680,19,2,0,0,0,1,0,0,0,1,1,1,0,59
TXN0006352,2024-03-13T13:46:00,72,M0031,Food,mid,C00305,112,9,5394,0.0518,5068.45,wallet,SBI,591661,13,2,0,0,0,0,0,0,0,1,0,0,0,48
TXN0006353,2024-03-13T14:14:00,72,M0138,Services,mid,C00223,948,113,4536,0.0514,8267.48,wallet,Kotak,442401,14,2,0,0,0,0,0,0,0,0,0,0,0,14
TXN0006354,2024-03-13T18:41:00,72,M0191,Logistics,high,C00681,6,3,1976,0.0131,5437.4,card,SBI,525896,18,2,0,0,0,1,0,0,0,0,0,0,0,53
TXN0006355,2024-03-13T17:08:00,72,M0031,Food,mid,C01054,25,1,1125,0.0641,863.08,upi,ICICI,411214,17,2,0,0,0,0,0,0,0,0,0,0,0,19
TXN0006356,2024-03-13T08:32:00,72,M0124,Retail,low,C00328,25,4,763,0.0207,1639.79,card,HDFC,533038,8,2,0,0,0,0,0,0,0,0,0,0,0,13
TXN0006357,2024-03-13T10:16:00,72,M0196,Retail,low,C00365,130,19,1101,0.1731,1866.44,upi,SBI,415805,10,2,0,0,0,0,0,0,0,1,0,0,0,51
TXN0006358,2024-03-13T17:24:00,72,M0152,Retail,high,C00060,7,2,1880,0.1375,1224.32,upi,Kotak,559279,17,2,0,0,0,0,0,0,0,0,0,0,0,32
TXN0006359,2024-03-13T17:47:00,72,M0128,B2B,high,C00189,240,9,5249,0.0397,16386.62,netbanking,SBI,433221,17,2,0,0,0,0,0,0,0,1,0,0,0,21
TXN0006360,2024-03-13T17:20:00,72,M0132,Food,mid,C00872,172,20,6994,0.0301,13311.69,card,Kotak,567702,17,2,0,0,0,0,1,0,0,1,1,1,0,69
TXN0006361,2024-03-13T19:54:00,72,M0036,Retail,low,C00045,17,2,1127,0.1252,1288.94,upi,ICICI,434740,19,2,0,0,0,1,0,0,0,0,1,1,0,61
TXN0006362,2024-03-13T15:22:00,72,M0086,Retail,high,C01095,777,113,8947,0.0105,6852.23,wallet,PNB,481863,15,2,0,0,0,1,0,0,0,0,0,0,0,65
TXN0006363,2024-03-13T10:54:00,72,M0144,Retail,low,C00912,124,12,1883,0.0678,2155.96,card,ICICI,489575,10,2,0,0,0,1,0,0,0,0,0,0,0,35
TXN0006364,2024-03-13T07:27:00,72,M0114,Logistics,mid,C01423,8,4,1688,0.1325,6669.06,netbanking,ICICI,535683,7,2,0,0,0,0,0,0,0,0,0,0,1,41
TXN0006365,2024-03-13T07:23:00,72,M0011,Food,low,C00010,111,19,3864,0.0703,870.34,wallet,SBI,535650,7,2,0,0,0,0,0,0,0,0,0,0,0,42
TXN0006366,2024-03-13T19:20:00,72,M0164,Logistics,high,C00347,7,3,1414,0.0066,10518.35,upi,ICICI,563328,19,2,0,0,0,0,0,0,0,0,0,0,0,19
TXN0006367,2024-03-13T09:52:00,72,M0062,B2B,low,C01392,141,9,4275,0.1374,20994.12,netbanking,Canara,543179,9,2,0,0,0,1,0,0,0,1,0,0,0,63
TXN0006368,2024-03-13T08:44:00,72,M0006,Food,low,C01227,273,18,1786,0.038,1265.4,netbanking,Kotak,419380,8,2,0,0,0,0,0,0,0,0,0,0,0,57
TXN0006369,2024-03-13T08:03:00,72,M0089,Food,low,C00428,11,3,1906,0.0571,2640.36,wallet,SBI,488495,8,2,0,0,0,0,0,0,0,0,0,0,1,46
TXN0006370,2024-03-13T04:39:00,72,M0147,SaaS,mid,C00012,140,18,5966,0.0165,6660.28,upi,PNB,552420,4,2,0,0,0,1,0,0,0,0,1,1,0,49
TXN0006371,2024-03-13T08:04:00,72,M0182,Retail,high,C01120,962,120,11455,0.0479,34391.06,card,ICICI,539776,8,2,0,0,0,0,0,0,0,0,1,1,0,14
TXN0006372,2024-03-13T09:15:00,72,M0174,SaaS,low,C00459,61,15,3016,0.1617,4574.62,card,PNB,507155,9,2,0,0,1,1,0,0,0,0,0,0,0,26
TXN0006373,2024-03-13T08:27:00,72,M0148,SaaS,mid,C00845,903,109,7297,0.0375,2572.99,netbanking,HDFC,481761,8,2,0,0,0,0,0,0,0,0,0,0,0,72
TXN0006374,2024-03-13T18:11:00,72,M0164,Logistics,high,C00956,207,6,7039,0.0199,3478.33,card,Yes,523034,18,2,0,0,1,2,0,0,0,1,0,0,0,58
TXN0006375,2024-03-13T20:13:00,72,M0003,SaaS,low,C00878,273,9,7241,0.0281,4301.35,upi,ICICI,551396,20,2,0,0,0,0,0,0,0,0,0,0,0,19
TXN0006376,2024-03-13T10:37:00,72,M0041,B2B,low,C01383,16,3,833,0.1456,21151.61,upi,Axis,432872,10,2,0,0,0,0,0,0,0,1,0,0,1,71
TXN0006377,2024-03-13T19:54:00,72,M0091,Logistics,high,C01272,201,11,2005,0.0898,23483.8,wallet,ICICI,556084,19,2,0,0,0,1,0,0,0,1,1,1,0,23
TXN0006378,2024-03-13T10:22:00,72,M0126,B2B,low,C01375,827,66,13174,0.001,23823.86,netbanking,Yes,461398,10,2,0,0,0,1,0,0,0,0,1,1,0,66
TXN0006379,2024-03-13T05:48:00,72,M0118,Retail,mid,C00270,170,17,1239,0.1579,1611.53,netbanking,Axis,425226,5,2,0,0,0,3,0,0,0,0,0,0,1,15
TXN0006380,2024-03-13T20:50:00,72,M0151,Food,low,C01144,168,13,3064,0.1729,1668.34,upi,Axis,471461,20,2,0,0,0,0,1,0,0,0,1,1,0,23
TXN0006381,2024-03-13T09:44:00,72,M0067,Food,mid,C01237,12,3,1754,0.1256,1813.41,card,Canara,557623,9,2,0,0,0,0,1,0,0,1,0,1,1,41
TXN0006382,2024-03-13T22:20:00,72,M0129,Services,low,C01233,239,11,5229,0.0346,5874.51,upi,HDFC,571693,22,2,0,0,0,1,0,0,1,1,0,0,0,24
TXN0006383,2024-03-13T21:19:00,72,M0064,Food,high,C00413,170,12,4947,0.0694,2570.52,upi,HDFC,400044,21,2,0,0,0,0,0,0,0,1,0,0,0,29
TXN0006384,2024-03-13T18:08:00,72,M0038,B2B,mid,C00498,261,12,6545,0.1476,9941.34,card,Canara,587637,18,2,0,0,0,2,0,0,0,0,0,0,0,47
TXN0006385,2024-03-13T09:29:00,72,M0184,Logistics,high,C00377,17,1,833,0.2543,6038.45,upi,Kotak,474760,9,2,0,1,1,1,0,0,0,0,0,0,1,58
TXN0006386,2024-03-13T10:13:00,72,M0095,Food,low,C00064,69,19,1721,0.0594,3157.16,netbanking,HDFC,555558,10,2,0,0,0,1,0,0,0,1,0,0,0,51
TXN0006387,2024-03-13T12:08:00,72,M0160,Services,mid,C00563,221,17,1443,0.0571,1796.14,upi,ICICI,564056,12,2,0,0,0,0,0,0,0,1,0,0,0,61
TXN0006388,2024-03-13T19:58:00,72,M0169,Food,low,C00003,988,112,11228,0.0464,9303.59,upi,PNB,570553,19,2,0,0,0,0,1,0,0,0,1,1,0,58
TXN0006389,2024-03-13T19:05:00,72,M0087,Logistics,mid,C00884,81,15,4291,0.1355,5162.45,netbanking,Canara,446212,19,2,0,0,0,0,0,0,0,1,0,0,1,34
TXN0006390,2024-03-13T12:32:00,72,M0186,B2B,mid,C01229,18,1,787,0.1359,17012.07,wallet,Axis,406016,12,2,0,0,1,2,0,0,0,0,0,0,0,46
TXN0006391,2024-03-13T08:54:00,72,M0047,Logistics,low,C00118,24,4,1912,0.1164,3116.49,card,Yes,563992,8,2,0,0,1,1,0,1,0,0,0,1,1,59
TXN0006392,2024-03-13T07:03:00,72,M0191,Logistics,high,C00603,212,10,4730,0.2417,8916.86,wallet,Yes,579787,7,2,0,0,0,0,0,0,0,0,0,0,0,29
TXN0006393,2024-03-13T20:12:00,72,M0101,Food,low,C00402,21,2,1233,0.2154,1704.97,netbanking,SBI,425585,20,2,0,0,0,0,0,0,0,1,0,0,0,50
TXN0006394,2024-03-13T15:56:00,72,M0008,Retail,low,C01076,72,10,1334,0.0015,3125.03,upi,Axis,598372,15,2,0,14,0,0,0,0,0,1,0,0,0,44
TXN0006395,2024-03-13T20:15:00,72,M0166,SaaS,mid,C00494,209,16,3846,0.0782,3792.09,upi,SBI,440758,20,2,0,0,0,0,0,0,0,1,0,0,0,22
TXN0006396,2024-03-13T20:34:00,72,M0045,Food,high,C01153,153,5,3473,0.2117,1520.05,upi,Axis,447504,20,2,0,0,0,0,0,0,0,1,0,0,0,17
TXN0006397,2024-03-13T21:23:00,72,M0053,Retail,low,C00356,182,11,1794,0.0139,2015.54,netbanking,PNB,535388,21,2,0,0,1,3,0,0,0,0,0,0,0,27
TXN0006398,2024-03-13T15:39:00,72,M0069,SaaS,high,C00759,9,4,1320,0.1197,2121.42,netbanking,Kotak,428281,15,2,0,13,0,0,0,0,1,0,0,0,0,29
TXN0006399,2024-03-14T00:38:00,73,M0019,Services,mid,C01491,8,1,1214,0.0663,2105.98,netbanking,Kotak,538319,0,3,0,13,0,1,0,0,0,0,0,0,1,51
TXN0006400,2024-03-14T18:20:00,73,M0131,Logistics,high,C00015,18,4,1887,0.0832,5460.25,upi,Axis,500597,18,3,0,0,0,0,0,0,0,0,0,0,1,58
TXN0006401,2024-03-14T18:51:00,73,M0188,Logistics,mid,C01040,22,4,786,0.1055,7969.79,wallet,Canara,505354,18,3,0,0,0,0,0,0,1,0,0,0,0,59
TXN0006402,2024-03-14T11:18:00,73,M0181,Food,high,C00482,125,11,1044,0.1372,311.06,upi,SBI,425513,11,3,0,0,0,1,0,0,0,1,0,0,0,19
TXN0006403,2024-03-14T12:44:00,73,M0119,Retail,high,C00536,12,4,1407,0.0616,528.78,wallet,HDFC,566426,12,3,0,0,0,0,0,0,0,0,0,0,1,31
TXN0006404,2024-03-14T12:58:00,73,M0010,SaaS,high,C00808,20,2,1162,0.047,789.73,wallet,SBI,566441,12,3,0,0,0,0,0,0,0,0,0,0,0,21
TXN0006405,2024-03-14T18:47:00,73,M0052,Logistics,mid,C01356,217,20,2714,0.0307,3513.4,card,HDFC,454129,18,3,0,0,0,0,0,0,0,1,0,0,0,23
TXN0006406,2024-03-14T09:34:00,73,M0070,Services,low,C00987,215,20,1589,0.0775,3097.8,card,SBI,503281,9,3,0,0,0,0,0,0,0,0,0,0,0,42
TXN0006407,2024-03-14T15:50:00,73,M0126,B2B,low,C00881,257,14,5596,0.1712,25309.2,wallet,Kotak,565148,15,3,0,0,0,0,0,0,0,0,1,1,0,13
TXN0006408,2024-03-14T02:36:00,73,M0128,B2B,high,C00709,766,99,13908,0.0162,23575.52,netbanking,Yes,413321,2,3,0,0,0,0,0,0,0,0,1,1,0,27
TXN0006409,2024-03-14T21:51:00,73,M0033,Logistics,low,C01244,243,9,3280,0.1395,3724.67,netbanking,Axis,506506,21,3,0,0,0,0,0,0,0,1,0,0,0,72
TXN0006410,2024-03-14T21:02:00,73,M0052,Logistics,mid,C00065,198,19,4385,0.0174,5626.37,netbanking,Axis,562289,21,3,0,0,0,1,0,0,0,0,0,0,0,23
TXN0006411,2024-03-14T09:17:00,73,M0116,Services,low,C00159,9,3,1315,0.0747,2342.33,netbanking,Kotak,531202,9,3,0,0,0,0,0,0,0,0,0,0,0,17
TXN0006412,2024-03-14T19:10:00,73,M0112,Logistics,mid,C00910,845,104,5439,0.0542,13278.66,upi,Kotak,516431,19,3,0,0,0,0,1,1,0,1,1,1,0,23
TXN0006413,2024-03-14T15:23:00,73,M0117,SaaS,low,C01227,273,18,1786,0.038,2542.53,card,Yes,567785,15,3,0,0,0,1,0,0,0,0,0,0,0,54
TXN0006414,2024-03-14T13:22:00,73,M0139,Logistics,low,C00120,246,9,2935,0.0355,21760.11,netbanking,SBI,495554,13,3,0,0,0,0,0,0,0,0,1,1,0,69
TXN0006415,2024-03-14T03:42:00,73,M0047,Logistics,low,C00741,993,74,23579,0.0051,25979.83,upi,Kotak,401940,3,3,0,0,0,2,0,0,0,1,1,1,0,35
TXN0006416,2024-03-14T09:42:00,73,M0073,SaaS,high,C01285,25,1,877,0.1293,1420.17,card,Canara,460366,9,3,0,0,0,1,0,0,0,0,0,0,0,25
TXN0006417,2024-03-14T09:46:00,73,M0189,SaaS,mid,C01385,233,17,3459,0.019,1555.1,upi,ICICI,538812,9,3,0,0,0,0,0,0,0,0,0,0,0,34
TXN0006418,2024-03-14T05:29:00,73,M0091,Logistics,high,C01166,199,7,5684,0.0932,7354.58,upi,Yes,570754,5,3,0,0,0,2,0,0,0,1,1,1,0,64
TXN0006419,2024-03-14T10:14:00,73,M0086,Retail,high,C00174,247,16,4266,0.0312,2402.66,netbanking,Canara,422122,10,3,0,0,0,0,0,0,0,1,0,0,0,38
TXN0006420,2024-03-14T09:09:00,73,M0189,SaaS,mid,C00324,271,6,2761,0.0283,4380.52,netbanking,ICICI,483365,9,3,0,0,0,0,0,0,0,0,0,0,0,24
TXN0006421,2024-03-14T07:18:00,73,M0107,SaaS,mid,C00034,13,3,843,0.0994,565.71,wallet,Yes,560636,7,3,0,0,0,0,0,1,0,1,1,1,0,43
TXN0006422,2024-03-14T18:01:00,73,M0131,Logistics,high,C00557,161,5,6949,0.0163,16533.83,netbanking,HDFC,568365,18,3,0,0,0,0,0,0,0,0,1,1,0,30
TXN0006423,2024-03-14T11:52:00,73,M0144,Retail,low,C00846,300,16,7520,0.1088,2718.0,card,HDFC,468461,11,3,0,0,0,0,0,0,0,0,0,0,0,34
TXN0006424,2024-03-14T14:07:00,73,M0058,B2B,low,C00193,299,13,3357,0.0334,40090.76,netbanking,Kotak,460992,14,3,0,0,0,0,0,0,0,0,1,1,0,69
TXN0006425,2024-03-14T14:15:00,73,M0179,Services,low,C00197,15,4,705,0.0837,2438.83,upi,HDFC,550637,14,3,0,0,0,1,0,0,0,0,0,0,1,18
TXN0006426,2024-03-14T22:19:00,73,M0167,SaaS,low,C00164,66,16,5538,0.1122,3005.05,upi,Axis,423744,22,3,0,0,0,0,0,0,0,1,0,0,1,50
TXN0006427,2024-03-14T14:21:00,73,M0005,Logistics,high,C00962,162,11,4249,0.0132,5207.07,upi,ICICI,428734,14,3,0,0,0,0,0,0,0,0,0,0,0,33
TXN0006428,2024-03-14T21:00:00,73,M0109,Services,low,C00677,22,3,664,0.2321,2260.97,netbanking,ICICI,553068,21,3,0,0,0,2,0,0,0,0,0,0,0,60
TXN0006429,2024-03-14T17:03:00,73,M0067,Food,mid,C01351,889,74,9529,0.0228,3184.16,wallet,Kotak,418067,17,3,0,10,0,0,0,0,0,0,0,0,0,68
TXN0006430,2024-03-14T23:29:00,73,M0135,Retail,low,C01199,175,11,7389,0.0768,2752.46,card,ICICI,585307,23,3,0,0,0,1,1,0,0,0,1,1,0,39
TXN0006431,2024-03-14T21:26:00,73,M0030,B2B,high,C01046,18,4,553,0.0474,13899.46,wallet,Yes,523240,21,3,0,0,0,0,0,0,0,1,0,0,1,40
TXN0006432,2024-03-14T18:44:00,73,M0150,Retail,mid,C00143,1000,104,6643,0.0326,8076.49,netbanking,HDFC,539699,18,3,0,0,0,2,0,0,0,1,0,0,0,29
TXN0006433,2024-03-14T11:52:00,73,M0012,Food,low,C01483,8,4,533,0.0062,1171.97,wallet,Axis,416970,11,3,0,0,0,1,0,0,0,1,0,0,0,13
TXN0006434,2024-03-14T08:57:00,73,M0088,Food,low,C00750,260,8,5929,0.0549,1738.98,wallet,Axis,563137,8,3,0,0,0,0,0,0,0,0,1,1,0,67
TXN0006435,2024-03-14T09:49:00,73,M0131,Logistics,high,C01150,262,18,3152,0.0977,2577.07,wallet,SBI,551776,9,3,0,0,0,1,0,0,0,1,0,0,0,35
TXN0006436,2024-03-14T17:18:00,73,M0049,Services,mid,C00297,803,58,20383,0.0156,21466.06,wallet,Kotak,496672,17,3,0,0,0,0,0,0,0,1,1,1,0,17
TXN0006437,2024-03-14T21:43:00,73,M0059,Logistics,mid,C00641,110,11,6582,0.129,8424.95,card,Canara,580485,21,3,0,0,0,0,0,0,0,0,0,0,1,19
TXN0006438,2024-03-14T15:39:00,73,M0093,SaaS,mid,C01347,944,101,3303,0.0072,1509.92,netbanking,ICICI,428952,15,3,0,0,0,0,0,0,0,0,0,0,0,66
TXN0006439,2024-03-14T21:33:00,73,M0075,Retail,mid,C01453,12,2,1129,0.0896,2509.38,wallet,ICICI,458078,21,3,0,0,0,0,0,0,0,0,0,0,0,26
TXN0006440,2024-03-14T10:47:00,73,M0165,Services,low,C01136,979,55,14910,0.0392,10066.68,upi,Canara,496888,10,3,0,0,0,1,0,0,0,1,0,0,0,30
TXN0006441,2024-03-14T14:26:00,73,M0069,SaaS,high,C00647,25,4,1433,0.0659,1099.67,upi,Canara,433458,14,3,0,0,0,0,1,0,0,0,0,1,1,58
TXN0006442,2024-03-14T21:38:00,73,M0079,Retail,high,C00166,192,16,2051,0.2218,4371.6,card,Kotak,479256,21,3,0,0,0,0,0,0,0,0,0,0,0,58
TXN0006443,2024-03-14T07:08:00,73,M0122,Retail,low,C01194,97,18,6217,0.0799,3806.97,netbanking,Yes,400188,7,3,0,0,0,0,0,0,0,0,0,0,0,43
TXN0006444,2024-03-14T19:42:00,73,M0148,SaaS,mid,C01239,20,3,1092,0.1306,853.78,wallet,ICICI,442408,19,3,0,0,0,0,0,0,0,0,0,0,1,44
TXN0006445,2024-03-14T16:27:00,73,M0053,Retail,low,C01494,266,9,2847,0.112,3412.71,wallet,ICICI,542070,16,3,0,11,0,1,0,0,0,0,0,0,0,56
TXN0006446,2024-03-14T21:18:00,73,M0184,Logistics,high,C00857,994,96,3975,0.0102,21745.81,wallet,PNB,546662,21,3,0,0,0,2,0,0,0,0,0,0,0,56
TXN0006447,2024-03-14T07:15:00,73,M0069,SaaS,high,C00655,24,1,1087,0.1257,526.47,wallet,HDFC,512831,7,3,0,0,0,0,0,0,0,0,0,0,0,43
TXN0006448,2024-03-14T11:06:00,73,M0156,Services,mid,C00223,948,113,4536,0.0514,7311.79,netbanking,ICICI,432182,11,3,0,0,1,1,0,0,0,0,0,0,0,31
TXN0006449,2024-03-14T19:09:00,73,M0128,B2B,high,C00047,8,2,892,0.0391,9473.02,card,Yes,500263,19,3,0,0,0,0,0,0,0,0,0,0,0,43
TXN0006450,2024-03-14T13:06:00,73,M0062,B2B,low,C00327,221,7,5770,0.1545,18522.47,netbanking,SBI,497024,13,3,0,0,0,0,0,0,0,0,1,1,0,65
TXN0006451,2024-03-14T13:01:00,73,M0078,B2B,high,C01193,262,17,3211,0.1334,11846.7,wallet,Yes,591490,13,3,0,0,0,1,0,0,0,1,0,0,0,41
TXN0006452,2024-03-14T22:51:00,73,M0126,B2B,low,C01110,168,20,6680,0.0808,39876.57,card,ICICI,464073,22,3,0,0,0,1,1,0,0,0,1,1,0,61
TXN0006453,2024-03-14T20:00:00,73,M0180,Food,low,C00519,12,3,1935,0.1677,767.06,upi,Canara,414782,20,3,0,0,0,0,0,0,0,0,0,0,1,15
TXN0006454,2024-03-14T10:40:00,73,M0068,B2B,low,C01217,960,117,8732,0.0057,36003.47,wallet,ICICI,452197,10,3,0,0,0,2,0,0,0,0,1,1,0,34
TXN0006455,2024-03-14T19:21:00,73,M0180,Food,low,C00950,23,4,1808,0.0475,618.18,card,PNB,579009,19,3,0,0,0,1,0,0,0,0,0,0,0,38
TXN0006456,2024-03-14T15:34:00,73,M0006,Food,low,C00134,24,2,1976,0.0714,986.57,netbanking,Yes,429296,15,3,0,0,0,0,0,0,0,0,0,0,1,40
TXN0006457,2024-03-14T09:51:00,73,M0022,Retail,low,C01240,238,8,4800,0.127,4247.8,upi,SBI,468141,9,3,0,0,0,0,0,0,0,0,0,0,0,56
TXN0006458,2024-03-14T13:31:00,73,M0108,Food,high,C00031,114,19,3677,0.0731,1451.76,card,Kotak,533412,13,3,0,0,0,0,0,0,0,1,0,0,0,66
TXN0006459,2024-03-14T18:06:00,73,M0091,Logistics,high,C00109,18,1,1747,0.0464,3688.99,upi,PNB,450356,18,3,0,9,0,0,0,0,0,0,0,0,1,39
TXN0006460,2024-03-14T16:09:00,73,M0135,Retail,low,C00888,11,2,1722,0.0928,1618.2,wallet,Yes,480147,16,3,0,0,0,0,0,0,0,0,0,0,0,32
TXN0006461,2024-03-14T11:44:00,73,M0111,Logistics,low,C00492,12,1,822,0.0267,3495.26,upi,HDFC,412544,11,3,0,0,0,0,0,0,0,1,1,1,0,64
TXN0006462,2024-03-14T14:42:00,73,M0164,Logistics,high,C00045,17,2,1127,0.1252,3823.84,wallet,PNB,444517,14,3,0,13,1,2,0,0,0,1,0,0,1,61
TXN0006463,2024-03-14T18:33:00,73,M0142,Retail,mid,C00328,25,4,763,0.0207,1561.32,card,ICICI,415635,18,3,0,0,0,1,0,0,0,1,0,0,1,31
TXN0006464,2024-03-14T06:33:00,73,M0185,Food,high,C00316,98,5,4359,0.0106,1646.87,wallet,PNB,595758,6,3,0,0,0,0,1,0,0,0,0,1,0,64
TXN0006465,2024-03-14T20:25:00,73,M0037,Retail,mid,C01105,6,2,864,0.0973,1901.08,card,Canara,403374,20,3,0,0,0,1,1,0,0,0,1,1,0,58
TXN0006466,2024-03-14T11:47:00,73,M0093,SaaS,mid,C01176,13,4,908,0.0867,1751.62,netbanking,Kotak,529690,11,3,0,0,0,1,0,0,0,0,0,0,0,39
TXN0006467,2024-03-14T17:42:00,73,M0103,Services,low,C00660,137,20,7112,0.0513,1816.82,netbanking,Kotak,474906,17,3,0,0,0,0,0,0,0,0,0,0,0,71
TXN0006468,2024-03-14T06:12:00,73,M0120,Food,low,C01090,81,13,6915,0.0376,3693.92,card,Yes,593232,6,3,0,0,0,1,0,0,0,0,0,0,0,32
TXN0006469,2024-03-14T04:47:00,73,M0068,B2B,low,C01340,5,4,975,0.1102,10625.02,card,PNB,552348,4,3,0,0,0,0,0,0,0,0,1,1,0,70
TXN0006470,2024-03-14T06:33:00,73,M0196,Retail,low,C00034,13,3,843,0.0994,3949.6,netbanking,SBI,589149,6,3,0,1,1,1,0,0,0,1,0,0,1,25
TXN0006471,2024-03-14T06:00:00,73,M0068,B2B,low,C00230,19,3,1131,0.0522,13349.38,upi,Axis,424680,6,3,0,0,0,0,1,0,0,1,1,1,0,32
TXN0006472,2024-03-14T15:06:00,73,M0172,Food,mid,C00814,994,90,17279,0.046,11224.48,wallet,Canara,506805,15,3,0,0,0,0,0,0,0,0,0,0,1,51
TXN0006473,2024-03-14T14:02:00,73,M0131,Logistics,high,C01204,24,4,1562,0.0722,2884.29,wallet,Kotak,523052,14,3,0,0,0,0,0,0,0,1,0,0,0,62
TXN0006474,2024-03-14T19:22:00,73,M0123,Logistics,high,C00589,17,3,1307,0.109,27842.23,upi,SBI,525182,19,3,0,0,0,1,1,0,0,1,1,1,0,58
TXN0006475,2024-03-14T05:53:00,73,M0123,Logistics,high,C01093,201,11,7691,0.0981,9067.89,card,PNB,596466,5,3,0,0,0,2,0,0,0,0,0,1,0,56
TXN0006476,2024-03-14T13:44:00,73,M0138,Services,mid,C01330,256,7,6365,0.0174,6243.52,upi,Yes,443763,13,3,0,0,1,1,0,0,0,1,1,1,0,17
TXN0006477,2024-03-14T20:02:00,73,M0047,Logistics,low,C01211,878,79,20212,0.0123,6438.18,card,Kotak,512057,20,3,0,0,0,0,0,0,0,0,0,0,0,27
TXN0006478,2024-03-14T14:18:00,73,M0068,B2B,low,C01231,995,108,4780,0.002,49503.79,wallet,Canara,574090,14,3,0,0,0,0,0,0,0,0,0,1,0,50
TXN0006479,2024-03-14T07:10:00,73,M0053,Retail,low,C01003,891,80,14836,0.0225,8722.79,card,Yes,456185,7,3,0,0,0,0,0,0,0,0,0,0,0,15
TXN0006480,2024-03-14T11:56:00,73,M0154,Retail,low,C01437,172,14,2265,0.197,2237.99,card,PNB,480716,11,3,0,0,0,0,1,0,0,0,1,1,0,54
TXN0006481,2024-03-14T10:49:00,73,M0084,B2B,mid,C00197,15,4,705,0.0837,15288.56,upi,Yes,519622,10,3,0,1,1,2,0,0,0,0,0,0,1,38
TXN0006482,2024-03-14T11:31:00,73,M0046,SaaS,high,C01371,76,11,7758,0.0835,4137.83,upi,PNB,456640,11,3,0,0,0,1,0,0,0,0,0,0,0,12
TXN0006483,2024-03-14T13:25:00,73,M0118,Retail,mid,C01345,202,7,1860,0.0767,4436.18,upi,HDFC,596746,13,3,0,0,0,0,1,0,0,0,1,1,0,64
TXN0006484,2024-03-14T21:35:00,73,M0159,Services,low,C00928,10,3,1635,0.0628,567.62,upi,ICICI,571971,21,3,0,14,0,0,0,0,0,0,0,0,0,33
TXN0006485,2024-03-14T22:09:00,73,M0136,Logistics,mid,C01273,226,19,1935,0.0127,5712.4,upi,Kotak,569449,22,3,0,0,0,0,0,0,0,0,1,1,0,46
TXN0006486,2024-03-14T20:37:00,73,M0166,SaaS,mid,C00816,19,4,737,0.0138,1052.88,upi,ICICI,459115,20,3,0,0,0,0,0,0,0,1,0,0,1,17
TXN0006487,2024-03-15T09:26:00,74,M0136,Logistics,mid,C01431,750,96,16088,0.0245,11275.39,upi,PNB,581805,9,4,0,0,0,0,0,0,0,0,0,0,0,45
TXN0006488,2024-03-15T10:48:00,74,M0102,Retail,high,C00768,814,112,17112,0.0026,5420.8,upi,Kotak,537351,10,4,0,0,0,0,0,0,0,1,0,0,0,21
TXN0006489,2024-03-15T06:21:00,74,M0094,SaaS,high,C01190,14,4,1510,0.2709,2085.16,card,PNB,562560,6,4,0,0,0,1,0,0,0,0,0,0,1,29
TXN0006490,2024-03-15T15:47:00,74,M0098,Retail,mid,C00470,118,7,5215,0.1511,3755.7,netbanking,HDFC,438904,15,4,0,0,0,1,0,0,0,1,0,0,0,27
TXN0006491,2024-03-15T05:02:00,74,M0195,Food,high,C00924,19,1,1515,0.0429,2633.6,netbanking,Canara,566817,5,4,0,0,0,0,0,0,0,1,0,0,0,43
TXN0006492,2024-03-15T17:20:00,74,M0008,Retail,low,C01480,19,4,906,0.0555,1543.14,upi,Axis,461325,17,4,0,0,0,0,0,0,0,0,0,0,0,37
TXN0006493,2024-03-15T22:18:00,74,M0051,Food,low,C00472,10,4,545,0.0467,849.39,netbanking,ICICI,561016,22,4,0,0,0,0,1,0,0,1,1,1,0,17
TXN0006494,2024-03-15T14:56:00,74,M0129,Services,low,C00244,71,7,6606,0.0884,4367.28,upi,Yes,403178,14,4,0,0,0,0,0,0,0,1,0,0,0,18
TXN0006495,2024-03-15T19:52:00,74,M0152,Retail,high,C00522,25,2,768,0.1531,942.75,netbanking,Yes,405062,19,4,0,0,0,0,0,0,0,0,0,0,0,50
TXN0006496,2024-03-15T22:41:00,74,M0120,Food,low,C00363,794,55,16873,0.0015,7489.42,upi,Axis,560582,22,4,0,0,0,1,0,0,0,0,0,0,0,41
TXN0006497,2024-03-15T07:56:00,74,M0098,Retail,mid,C00800,21,2,1716,0.1505,2961.22,netbanking,PNB,427422,7,4,0,0,0,1,0,0,0,0,0,0,1,30
TXN0006498,2024-03-15T09:30:00,74,M0037,Retail,mid,C00635,196,19,4283,0.129,3625.98,netbanking,Yes,544260,9,4,0,0,0,0,0,0,0,0,0,0,0,34
TXN0006499,2024-03-15T18:03:00,74,M0051,Food,low,C01399,25,1,1736,0.1858,2145.82,upi,Canara,420250,18,4,0,12,0,1,0,0,0,0,0,0,0,16
TXN0006500,2024-03-15T06:17:00,74,M0059,Logistics,mid,C01398,9,4,1905,0.069,5934.06,netbanking,Canara,574487,6,4,0,0,0,0,0,0,0,0,0,0,0,65
TXN0006501,2024-03-15T09:41:00,74,M0181,Food,high,C00407,219,13,7005,0.033,3136.4,card,ICICI,589211,9,4,0,0,0,0,0,0,0,0,0,0,0,36
TXN0006502,2024-03-15T22:24:00,74,M0195,Food,high,C00577,64,16,6605,0.0782,2520.42,wallet,Kotak,484235,22,4,0,0,0,0,0,0,0,0,0,0,0,41
TXN0006503,2024-03-15T11:32:00,74,M0175,Food,low,C00398,5,2,752,0.1093,613.21,upi,Yes,495211,11,4,0,0,0,1,0,0,0,0,0,0,0,28
TXN0006504,2024-03-15T07:57:00,74,M0034,Retail,high,C00311,23,1,967,0.0137,12673.27,upi,HDFC,442648,7,4,0,0,0,0,0,0,0,0,1,1,0,16
TXN0006505,2024-03-15T21:06:00,74,M0170,Logistics,mid,C00883,196,10,1155,0.0425,2976.17,wallet,Yes,450088,21,4,0,0,0,0,0,0,0,0,1,1,0,22
TXN0006506,2024-03-15T09:52:00,74,M0185,Food,high,C01145,19,4,1574,0.0565,1549.46,card,Axis,429630,9,4,0,0,0,1,0,0,0,0,0,0,0,30
TXN0006507,2024-03-15T09:13:00,74,M0053,Retail,low,C00530,869,86,24248,0.023,15167.9,netbanking,ICICI,545164,9,4,0,0,0,1,0,0,0,0,0,0,0,26
TXN0006508,2024-03-15T15:56:00,74,M0121,Food,low,C00084,95,8,6140,0.1283,6972.41,card,Axis,588201,15,4,0,0,0,1,0,0,0,0,1,1,0,25
TXN0006509,2024-03-15T15:27:00,74,M0032,Food,low,C01428,178,8,7583,0.1156,17271.65,netbanking,Kotak,574400,15,4,0,0,0,0,0,0,0,0,0,0,1,39
TXN0006510,2024-03-15T15:30:00,74,M0034,Retail,high,C01483,8,4,533,0.0062,5552.17,netbanking,ICICI,407554,15,4,0,0,0,2,1,0,0,0,0,1,1,44
TXN0006511,2024-03-15T18:15:00,74,M0199,SaaS,mid,C00514,23,2,1082,0.0667,1513.31,wallet,Kotak,571613,18,4,0,0,0,1,0,0,0,0,1,1,0,52
TXN0006512,2024-03-15T13:55:00,74,M0049,Services,mid,C01088,872,67,11861,0.0525,12183.7,upi,ICICI,476164,13,4,0,0,0,0,1,0,0,0,0,1,0,45
TXN0006513,2024-03-15T11:35:00,74,M0106,Services,high,C00923,237,15,7979,0.1001,2132.68,netbanking,Canara,517649,11,4,0,0,0,0,0,0,0,0,0,0,0,17
TXN0006514,2024-03-15T13:20:00,74,M0125,Retail,low,C01059,819,59,15027,0.0351,8022.4,netbanking,ICICI,427659,13,4,0,0,0,0,0,0,0,0,0,0,0,66
TXN0006515,2024-03-15T07:40:00,74,M0076,Services,high,C00108,20,2,721,0.0884,2997.91,netbanking,ICICI,454532,7,4,0,0,0,0,0,0,0,0,0,0,1,71
TXN0006516,2024-03-15T13:17:00,74,M0106,Services,high,C00817,276,9,2012,0.075,5193.09,upi,Axis,507324,13,4,0,0,0,0,0,0,0,0,1,1,0,38
TXN0006517,2024-03-15T15:00:00,74,M0116,Services,low,C01191,67,12,1391,0.2025,1541.63,card,SBI,417219,15,4,0,0,0,0,0,0,0,0,0,0,0,46
TXN0006518,2024-03-15T15:39:00,74,M0032,Food,low,C01139,12,1,816,0.0541,629.17,netbanking,ICICI,593398,15,4,0,0,0,0,0,0,0,0,0,0,0,16
TXN0006519,2024-03-15T09:47:00,74,M0022,Retail,low,C01037,264,15,2007,0.014,1366.08,netbanking,Canara,564046,9,4,0,12,0,1,0,0,0,0,0,0,0,15
TXN0006520,2024-03-15T15:10:00,74,M0020,B2B,low,C00072,298,15,2545,0.0745,9903.37,netbanking,Kotak,470282,15,4,0,0,0,0,0,0,0,0,0,0,0,40
TXN0006521,2024-03-15T16:04:00,74,M0147,SaaS,mid,C00069,13,4,1488,0.0705,570.51,wallet,SBI,501653,16,4,0,0,0,1,0,0,0,0,0,0,1,18
TXN0006522,2024-03-15T17:19:00,74,M0076,Services,high,C00289,838,113,11799,0.0085,2266.76,netbanking,Kotak,570686,17,4,0,12,0,0,0,0,0,0,0,0,0,65
TXN0006523,2024-03-15T08:32:00,74,M0189,SaaS,mid,C01466,15,3,1413,0.1741,2031.52,netbanking,Canara,485047,8,4,0,0,0,0,1,0,0,0,1,1,0,19
TXN0006524,2024-03-15T19:19:00,74,M0187,SaaS,high,C00249,12,1,668,0.0436,333.43,wallet,Canara,424816,19,4,0,13,0,0,0,0,0,0,0,0,0,45
TXN0006525,2024-03-15T15:39:00,74,M0121,Food,low,C00075,161,7,7977,0.0608,3532.36,card,Kotak,481573,15,4,0,11,0,0,0,0,0,0,0,0,0,19
TXN0006526,2024-03-15T14:34:00,74,M0194,Retail,mid,C00804,23,1,528,0.1041,1930.22,netbanking,Yes,492732,14,4,0,0,0,1,0,0,1,0,0,0,0,30
TXN0006527,2024-03-15T16:15:00,74,M0184,Logistics,high,C01452,137,8,4630,0.0509,17482.87,upi,PNB,412733,16,4,0,0,0,0,0,0,0,0,0,0,0,29
TXN0006528,2024-03-15T18:06:00,74,M0136,Logistics,mid,C00488,73,10,4187,0.0391,9605.86,card,SBI,585503,18,4,0,0,0,0,0,0,0,1,0,0,0,30
TXN0006529,2024-03-15T10:16:00,74,M0095,Food,low,C01416,206,7,6172,0.1246,1492.48,wallet,Yes,426237,10,4,0,0,0,0,0,0,0,0,0,0,0,25
TXN0006530,2024-03-15T11:55:00,74,M0141,Logistics,low,C01402,178,14,1326,0.0337,9524.24,card,HDFC,401976,11,4,0,0,0,0,0,0,0,1,0,0,0,26
TXN0006531,2024-03-15T11:11:00,74,M0084,B2B,mid,C00232,9,1,1034,0.0886,49007.56,upi,ICICI,465192,11,4,0,0,0,1,0,0,0,0,1,1,0,26
TXN0006532,2024-03-15T05:10:00,74,M0019,Services,mid,C00422,8,4,941,0.0724,4844.32,wallet,Canara,530968,5,4,0,0,0,0,0,0,0,0,1,1,0,30
TXN0006533,2024-03-15T19:50:00,74,M0138,Services,mid,C00362,805,65,17714,0.0025,19000.84,netbanking,Canara,426858,19,4,0,0,0,0,0,0,0,0,0,0,0,44
TXN0006534,2024-03-15T19:58:00,74,M0067,Food,mid,C01380,83,11,3115,0.0312,2873.88,upi,Canara,544284,19,4,0,0,0,0,0,1,0,0,1,1,0,56
TXN0006535,2024-03-15T07:57:00,74,M0084,B2B,mid,C00882,253,6,5671,0.095,17497.05,wallet,HDFC,533833,7,4,0,0,0,0,1,0,0,0,1,1,0,33
TXN0006536,2024-03-15T22:52:00,74,M0198,Food,mid,C00248,151,17,4537,0.044,1522.58,upi,Axis,505014,22,4,0,0,0,0,0,0,0,1,0,0,0,62
TXN0006537,2024-03-15T07:46:00,74,M0109,Services,low,C00678,158,11,3448,0.1289,8630.7,card,PNB,565027,7,4,0,0,0,0,0,0,0,1,0,0,1,22
TXN0006538,2024-03-15T18:42:00,74,M0053,Retail,low,C00080,877,119,8176,0.0012,5610.79,card,Axis,597640,18,4,0,12,0,0,0,0,0,0,0,0,0,61
TXN0006539,2024-03-15T17:42:00,74,M0146,Food,mid,C00827,171,18,1761,0.0162,1383.35,wallet,SBI,558614,17,4,0,0,0,0,1,0,0,0,1,1,0,15
TXN0006540,2024-03-15T20:18:00,74,M0185,Food,high,C00436,880,107,8813,0.0956,7441.47,upi,PNB,536185,20,4,0,0,0,0,0,0,0,0,0,0,0,24
TXN0006541,2024-03-15T12:30:00,74,M0140,Logistics,high,C00032,273,7,4852,0.0093,33826.67,netbanking,Kotak,452313,12,4,0,0,0,0,0,0,0,0,1,1,0,46
TXN0006542,2024-03-15T03:52:00,74,M0092,Food,low,C01198,23,3,1138,0.1846,2253.45,netbanking,Yes,475502,3,4,0,0,0,1,0,0,0,0,0,0,1,64
TXN0006543,2024-03-15T08:37:00,74,M0022,Retail,low,C00735,294,9,2632,0.0396,2548.35,netbanking,SBI,458006,8,4,0,0,0,0,0,0,0,1,0,0,0,17
TXN0006544,2024-03-15T21:38:00,74,M0127,Food,low,C00269,192,10,5521,0.0392,1225.49,card,Kotak,539043,21,4,0,0,0,0,1,0,0,1,1,1,0,15
TXN0006545,2024-03-15T02:23:00,74,M0069,SaaS,high,C01047,82,16,3732,0.0328,7412.39,upi,HDFC,548411,2,4,0,8,0,0,0,0,0,0,0,1,0,14
TXN0006546,2024-03-15T01:41:00,74,M0062,B2B,low,C00087,17,3,684,0.0884,20465.31,wallet,HDFC,482050,1,4,0,0,0,0,0,0,0,1,1,1,0,22
TXN0006547,2024-03-15T09:54:00,74,M0140,Logistics,high,C00142,20,2,1944,0.1027,7414.32,upi,Axis,497719,9,4,0,0,0,1,0,0,0,1,0,0,0,46
TXN0006548,2024-03-15T15:28:00,74,M0070,Services,low,C00630,19,2,690,0.1924,1889.4,netbanking,PNB,467151,15,4,0,0,0,0,0,0,0,0,0,0,1,37
TXN0006549,2024-03-15T20:47:00,74,M0085,SaaS,mid,C00968,111,12,4069,0.0077,2719.36,upi,SBI,409419,20,4,0,0,0,0,0,0,0,0,0,0,0,18
TXN0006550,2024-03-15T12:10:00,74,M0083,B2B,low,C00138,299,8,6827,0.2364,51126.25,wallet,SBI,561310,12,4,0,0,0,0,0,0,0,0,1,1,0,21
TXN0006551,2024-03-15T10:12:00,74,M0018,SaaS,high,C00758,105,5,6522,0.0926,955.29,card,PNB,514741,10,4,0,0,0,0,0,0,0,0,0,0,0,22
TXN0006552,2024-03-15T20:12:00,74,M0061,Services,low,C01057,5,2,514,0.1246,1341.92,wallet,Yes,545296,20,4,0,0,0,0,0,0,0,0,0,0,0,25
TXN0006553,2024-03-15T07:46:00,74,M0195,Food,high,C00091,198,18,5811,0.0763,3538.15,upi,Yes,508569,7,4,0,0,0,1,0,0,0,0,0,0,0,60
TXN0006554,2024-03-15T15:05:00,74,M0055,Services,mid,C01348,868,116,13563,0.0197,6269.47,upi,PNB,421732,15,4,0,0,0,0,1,0,0,1,1,1,0,59
TXN0006555,2024-03-15T09:46:00,74,M0086,Retail,high,C00947,734,113,24589,0.037,19429.86,upi,Axis,569136,9,4,0,0,0,0,0,0,0,0,0,0,0,33
TXN0006556,2024-03-15T14:30:00,74,M0149,Services,low,C01439,994,101,18629,0.0221,10382.78,wallet,ICICI,538864,14,4,0,0,0,0,0,0,0,0,0,0,0,25
TXN0006557,2024-03-15T17:29:00,74,M0021,SaaS,mid,C00081,18,3,1435,0.0842,1869.23,netbanking,HDFC,488718,17,4,0,0,0,1,0,0,0,0,0,0,0,59
TXN0006558,2024-03-15T08:42:00,74,M0024,B2B,mid,C01117,9,1,1001,0.0185,24362.32,netbanking,ICICI,461961,8,4,0,0,0,0,0,0,0,0,0,0,0,32
TXN0006559,2024-03-15T01:02:00,74,M0056,Retail,low,C00218,130,11,6939,0.0871,14170.76,card,HDFC,427756,1,4,0,0,0,0,0,0,0,0,1,1,0,47
TXN0006560,2024-03-15T12:48:00,74,M0107,SaaS,mid,C00968,111,12,4069,0.0077,5072.78,netbanking,PNB,570777,12,4,0,1,1,1,0,0,0,0,0,0,0,56
TXN0006561,2024-03-15T13:38:00,74,M0121,Food,low,C01389,9,2,852,0.0691,852.3,wallet,Canara,501425,13,4,0,0,0,0,0,0,0,0,0,0,1,51
TXN0006562,2024-03-15T09:41:00,74,M0189,SaaS,mid,C01078,5,2,1178,0.0571,713.73,netbanking,Canara,482423,9,4,0,0,0,0,0,0,0,1,0,0,0,23
TXN0006563,2024-03-15T13:33:00,74,M0059,Logistics,mid,C00979,877,53,10504,0.0387,16372.37,wallet,Kotak,449135,13,4,0,0,0,0,0,0,0,1,0,0,0,46
TXN0006564,2024-03-15T07:35:00,74,M0025,Food,mid,C01299,983,75,8895,0.0443,8314.13,wallet,Canara,582258,7,4,0,0,0,1,0,0,0,0,0,0,0,33
TXN0006565,2024-03-15T10:50:00,74,M0122,Retail,low,C00121,79,10,7331,0.1149,3760.5,wallet,PNB,502298,10,4,0,0,0,0,0,0,0,1,0,0,0,55
TXN0006566,2024-03-15T23:40:00,74,M0004,Logistics,low,C01249,7,4,1266,0.1009,20762.31,wallet,SBI,599557,23,4,0,0,0,0,0,0,0,1,1,1,0,72
TXN0006567,2024-03-15T09:27:00,74,M0180,Food,low,C01344,11,4,1617,0.1077,576.96,netbanking,ICICI,428673,9,4,0,0,0,0,0,0,0,0,0,0,0,28
TXN0006568,2024-03-15T21:33:00,74,M0167,SaaS,low,C01344,11,4,1617,0.1077,1445.85,card,Axis,514387,21,4,0,6,1,1,0,0,0,1,0,0,1,40
TXN0006569,2024-03-15T06:42:00,74,M0057,Food,high,C00938,118,6,4811,0.096,1562.79,wallet,Kotak,482227,6,4,0,0,0,1,0,0,0,1,0,0,0,20
TXN0006570,2024-03-15T12:54:00,74,M0194,Retail,mid,C00780,270,19,3194,0.1202,497.83,wallet,PNB,549958,12,4,0,0,0,1,0,0,0,1,0,0,0,15
TXN0006571,2024-03-15T18:16:00,74,M0108,Food,high,C01001,6,3,514,0.1072,620.71,upi,Kotak,481551,18,4,0,0,0,0,0,1,0,0,0,1,1,47
TXN0006572,2024-03-15T13:45:00,74,M0160,Services,mid,C00739,126,20,6687,0.0675,2256.69,wallet,Yes,502702,13,4,0,0,0,0,0,0,0,0,0,0,0,49
TXN0006573,2024-03-15T23:32:00,74,M0049,Services,mid,C01267,15,3,1733,0.143,2789.98,wallet,HDFC,582516,23,4,0,0,0,0,0,0,0,0,0,0,0,30
TXN0006574,2024-03-15T19:37:00,74,M0142,Retail,mid,C00548,224,15,1904,0.043,1809.86,card,Canara,472592,19,4,0,0,0,0,0,0,0,0,0,0,0,48
TXN0006575,2024-03-16T22:28:00,75,M0177,Food,low,C00087,17,3,684,0.0884,844.91,upi,Yes,457982,22,5,1,0,0,1,0,0,0,0,1,1,0,13
TXN0006576,2024-03-16T17:49:00,75,M0017,B2B,low,C00059,137,17,3230,0.0947,15334.25,wallet,Canara,457100,17,5,1,0,0,1,0,0,0,0,0,0,0,35
TXN0006577,2024-03-16T11:00:00,75,M0048,SaaS,mid,C00419,844,108,13878,0.0154,7033.75,card,Yes,447402,11,5,1,0,0,0,0,0,0,1,0,0,0,39
TXN0006578,2024-03-16T14:49:00,75,M0039,Logistics,mid,C00537,11,4,1296,0.1487,6602.11,card,Yes,560522,14,5,1,0,0,0,0,1,0,0,1,1,0,45
TXN0006579,2024-03-16T06:18:00,75,M0090,Logistics,mid,C01404,136,6,5880,0.0288,6593.92,upi,Canara,429600,6,5,1,0,0,0,0,1,0,0,1,1,0,24
TXN0006580,2024-03-16T20:51:00,75,M0032,Food,low,C00756,89,17,3323,0.0739,3542.52,wallet,PNB,446481,20,5,1,0,0,0,0,0,0,0,0,0,0,42
TXN0006581,2024-03-16T16:35:00,75,M0009,Retail,low,C00893,19,3,1837,0.1197,1234.09,card,Yes,559510,16,5,1,0,0,0,0,0,0,0,0,0,0,59
TXN0006582,2024-03-16T08:18:00,75,M0116,Services,low,C00706,63,18,2785,0.0298,2161.15,wallet,HDFC,411245,8,5,1,6,0,0,0,0,0,0,0,0,0,26
TXN0006583,2024-03-16T06:04:00,75,M0078,B2B,high,C01252,732,96,16370,0.0138,12014.37,card,Kotak,507603,6,5,1,8,0,0,0,0,0,0,0,0,0,68
TXN0006584,2024-03-16T07:53:00,75,M0107,SaaS,mid,C00460,233,15,4931,0.0947,4032.0,wallet,Kotak,536642,7,5,1,0,0,0,0,0,0,1,0,0,0,17
TXN0006585,2024-03-16T08:19:00,75,M0081,Logistics,high,C01159,941,100,3249,0.047,13581.03,card,SBI,587903,8,5,1,0,0,0,0,1,0,1,1,1,0,60
TXN0006586,2024-03-16T17:29:00,75,M0043,Logistics,high,C00188,165,11,4361,0.0928,3958.76,upi,SBI,510191,17,5,1,0,0,0,0,0,0,0,0,0,0,59
TXN0006587,2024-03-16T18:31:00,75,M0069,SaaS,high,C01085,162,13,2695,0.0494,6077.03,upi,Yes,501447,18,5,1,12,0,0,0,0,0,0,0,0,0,50
TXN0006588,2024-03-16T06:03:00,75,M0115,Services,high,C00424,209,20,5164,0.1548,2521.25,wallet,Yes,597318,6,5,1,0,0,0,0,1,0,0,0,1,0,37
TXN0006589,2024-03-16T17:46:00,75,M0033,Logistics,low,C00715,271,14,4702,0.0777,10313.24,upi,ICICI,467074,17,5,1,0,0,0,0,0,0,0,0,0,0,42
TXN0006590,2024-03-16T10:22:00,75,M0118,Retail,mid,C01496,193,13,7225,0.0594,5099.21,upi,Canara,555858,10,5,1,0,0,0,1,0,0,0,0,1,0,70
TXN0006591,2024-03-16T15:34:00,75,M0003,SaaS,low,C00762,162,16,4897,0.165,6627.74,netbanking,HDFC,558238,15,5,1,0,0,0,1,0,0,0,0,1,1,24
TXN0006592,2024-03-16T11:44:00,75,M0148,SaaS,mid,C00217,967,119,16897,0.0128,32251.3,upi,Yes,436977,11,5,1,0,0,0,0,0,0,0,0,1,0,46
TXN0006593,2024-03-16T14:54:00,75,M0104,Food,low,C00465,97,20,3939,0.0191,801.27,wallet,Yes,472017,14,5,1,0,0,0,0,0,0,1,0,0,0,51
TXN0006594,2024-03-16T10:58:00,75,M0053,Retail,low,C00073,293,17,4162,0.1695,5616.69,netbanking,SBI,497377,10,5,1,0,0,1,0,0,0,1,0,0,0,31
TXN0006595,2024-03-16T09:36:00,75,M0177,Food,low,C00696,22,2,823,0.2265,1188.78,netbanking,Yes,427307,9,5,1,0,0,0,0,0,0,0,0,0,1,21
TXN0006596,2024-03-16T16:31:00,75,M0167,SaaS,low,C01072,856,104,9501,0.0112,6022.02,wallet,ICICI,525816,16,5,1,0,0,0,0,0,0,0,0,0,0,13
TXN0006597,2024-03-16T00:57:00,75,M0065,B2B,high,C00889,6,3,1451,0.1657,15066.74,netbanking,Yes,570367,0,5,1,0,0,0,0,0,0,1,0,0,1,66
TXN0006598,2024-03-16T10:34:00,75,M0004,Logistics,low,C01423,8,4,1688,0.1325,2635.21,netbanking,SBI,497767,10,5,1,0,0,1,0,0,0,0,0,0,1,69
TXN0006599,2024-03-16T17:08:00,75,M0105,SaaS,high,C00850,147,16,7302,0.0202,2727.49,netbanking,HDFC,552928,17,5,1,0,0,0,0,0,0,0,0,0,0,32
TXN0006600,2024-03-16T20:56:00,75,M0034,Retail,high,C00298,114,9,4372,0.1389,3418.73,netbanking,Yes,514466,20,5,1,0,0,0,0,0,0,0,0,0,0,13
TXN0006601,2024-03-16T22:08:00,75,M0079,Retail,high,C01464,271,9,2232,0.106,1640.58,upi,HDFC,590304,22,5,1,0,0,0,0,0,0,1,1,1,0,64
TXN0006602,2024-03-16T16:49:00,75,M0078,B2B,high,C00432,68,16,7668,0.0738,48611.46,wallet,HDFC,486761,16,5,1,0,0,0,1,0,0,0,1,1,0,17
TXN0006603,2024-03-16T21:16:00,75,M0197,Food,low,C01183,243,15,2751,0.0611,2043.75,upi,Canara,516955,21,5,1,0,0,1,0,0,0,0,0,0,0,36
TXN0006604,2024-03-16T14:08:00,75,M0144,Retail,low,C00947,734,113,24589,0.037,9688.16,upi,Kotak,439848,14,5,1,0,0,1,0,0,0,0,0,0,0,28
TXN0006605,2024-03-16T11:43:00,75,M0086,Retail,high,C00503,751,111,15163,0.0191,14691.33,upi,HDFC,436435,11,5,1,0,0,0,0,0,0,0,0,0,0,52
TXN0006606,2024-03-16T13:39:00,75,M0146,Food,mid,C01401,98,5,3761,0.048,2468.27,card,Axis,531617,13,5,1,0,0,0,0,0,0,1,0,0,0,18
TXN0006607,2024-03-16T14:03:00,75,M0024,B2B,mid,C01457,175,14,4484,0.2094,62484.19,card,ICICI,508033,14,5,1,0,0,0,0,0,0,1,1,1,0,63
TXN0006608,2024-03-16T13:07:00,75,M0165,Services,low,C00463,23,3,774,0.0897,575.46,netbanking,Kotak,487715,13,5,1,0,0,0,0,0,0,1,0,0,0,41
TXN0006609,2024-03-16T20:55:00,75,M0008,Retail,low,C00003,988,112,11228,0.0464,17625.4,upi,SBI,567246,20,5,1,0,0,1,0,0,0,0,0,0,0,12
TXN0006610,2024-03-16T08:08:00,75,M0176,SaaS,low,C00512,25,1,1421,0.169,532.41,card,ICICI,557255,8,5,1,0,0,0,0,0,0,0,0,0,1,13
TXN0006611,2024-03-16T10:34:00,75,M0009,Retail,low,C00045,17,2,1127,0.1252,2741.33,card,HDFC,570172,10,5,1,0,0,3,0,1,0,1,1,1,0,25
TXN0006612,2024-03-16T21:36:00,75,M0005,Logistics,high,C00148,86,15,2092,0.0132,6121.21,card,Yes,453009,21,5,1,0,0,0,0,0,0,1,0,0,0,41
TXN0006613,2024-03-16T19:57:00,75,M0074,Services,high,C00312,117,15,3033,0.0879,1885.97,wallet,Kotak,507931,19,5,1,0,0,0,0,0,0,0,0,0,0,66
TXN0006614,2024-03-16T13:59:00,75,M0114,Logistics,mid,C01428,178,8,7583,0.1156,13700.08,wallet,Axis,579834,13,5,1,0,1,1,0,0,1,1,1,1,0,41
TXN0006615,2024-03-16T20:28:00,75,M0139,Logistics,low,C00507,22,3,985,0.0587,11425.03,upi,HDFC,570605,20,5,1,0,0,0,0,0,1,0,0,0,0,67
TXN0006616,2024-03-16T22:34:00,75,M0020,B2B,low,C01149,892,51,7931,0.0336,28237.1,card,SBI,459189,22,5,1,0,0,0,0,0,0,1,1,1,0,27
TXN0006617,2024-03-16T11:27:00,75,M0063,SaaS,high,C01063,16,2,1323,0.0664,1694.06,wallet,PNB,416541,11,5,1,0,0,1,0,0,0,0,0,0,0,72
TXN0006618,2024-03-16T20:25:00,75,M0179,Services,low,C00019,767,108,16580,0.0404,2538.38,wallet,SBI,578060,20,5,1,0,0,1,0,0,0,0,0,0,0,50
TXN0006619,2024-03-16T11:34:00,75,M0188,Logistics,mid,C00795,954,90,24116,0.0144,8459.14,card,Axis,498539,11,5,1,0,0,0,0,0,0,0,0,0,0,49
TXN0006620,2024-03-16T14:50:00,75,M0037,Retail,mid,C00483,25,2,1908,0.2412,4381.68,netbanking,PNB,483243,14,5,1,0,0,1,0,0,0,1,0,0,1,65
TXN0006621,2024-03-16T08:23:00,75,M0167,SaaS,low,C01144,168,13,3064,0.1729,2279.94,card,SBI,407476,8,5,1,0,0,1,0,1,0,0,0,1,0,27
TXN0006622,2024-03-16T14:34:00,75,M0019,Services,mid,C00783,10,3,1906,0.1498,1945.57,card,PNB,457336,14,5,1,0,0,0,1,0,0,0,1,1,0,57
TXN0006623,2024-03-16T22:04:00,75,M0007,Food,mid,C01152,17,2,1212,0.0396,623.61,netbanking,Kotak,407184,22,5,1,0,0,0,0,0,0,0,0,0,0,17
TXN0006624,2024-03-16T08:06:00,75,M0024,B2B,mid,C00410,17,3,1752,0.01,24914.28,wallet,Yes,460855,8,5,1,0,0,0,0,0,0,0,0,0,1,16
TXN0006625,2024-03-16T13:12:00,75,M0075,Retail,mid,C00593,288,9,4220,0.0945,3191.86,upi,Axis,446747,13,5,1,10,0,0,0,0,0,0,0,0,0,46
TXN0006626,2024-03-16T14:23:00,75,M0096,Food,mid,C01122,116,17,2504,0.1846,3602.45,upi,HDFC,586467,14,5,1,0,0,0,0,0,0,0,0,0,0,24
TXN0006627,2024-03-16T13:05:00,75,M0067,Food,mid,C01000,8,3,631,0.065,296.9,card,Yes,569336,13,5,1,0,0,0,1,0,0,0,1,1,0,57
TXN0006628,2024-03-16T08:21:00,75,M0015,Services,low,C00565,261,17,2212,0.0312,2940.92,upi,ICICI,562257,8,5,1,10,0,1,0,0,0,0,0,0,0,23
TXN0006629,2024-03-16T09:18:00,75,M0119,Retail,high,C00023,973,107,11493,0.023,11690.24,card,Kotak,439946,9,5,1,0,0,1,0,0,0,0,0,0,1,28
TXN0006630,2024-03-16T16:55:00,75,M0103,Services,low,C00580,846,103,10876,0.0172,4458.39,upi,SBI,483468,16,5,1,0,0,0,0,0,0,0,0,0,0,57
TXN0006631,2024-03-16T20:39:00,75,M0187,SaaS,high,C00142,20,2,1944,0.1027,1143.24,card,PNB,510264,20,5,1,0,0,2,0,0,0,0,1,1,0,22
TXN0006632,2024-03-16T10:47:00,75,M0081,Logistics,high,C01150,262,18,3152,0.0977,9542.13,netbanking,ICICI,493456,10,5,1,0,0,2,0,0,0,0,0,0,0,24
TXN0006633,2024-03-16T18:17:00,75,M0187,SaaS,high,C00009,248,12,3185,0.0397,1471.31,wallet,SBI,449151,18,5,1,0,0,0,0,0,0,1,0,0,0,24
TXN0006634,2024-03-16T05:14:00,75,M0157,SaaS,mid,C01419,11,2,726,0.1334,2957.77,wallet,ICICI,591052,5,5,1,0,0,0,0,1,0,1,1,1,0,13
TXN0006635,2024-03-16T15:56:00,75,M0133,SaaS,mid,C01144,168,13,3064,0.1729,2202.62,upi,Axis,595691,15,5,1,0,1,2,0,0,0,0,0,0,0,57
TXN0006636,2024-03-16T23:30:00,75,M0117,SaaS,low,C00249,12,1,668,0.0436,1141.41,card,PNB,471855,23,5,1,0,0,1,1,0,0,1,1,1,0,23
TXN0006637,2024-03-16T18:28:00,75,M0145,SaaS,low,C01449,25,4,501,0.0588,488.0,upi,SBI,530128,18,5,1,0,0,0,0,0,0,1,0,0,0,30
TXN0006638,2024-03-16T06:29:00,75,M0094,SaaS,high,C00131,144,9,6489,0.1913,5428.66,card,HDFC,416673,6,5,1,0,0,1,0,0,0,0,0,0,0,25
TXN0006639,2024-03-16T19:13:00,75,M0074,Services,high,C01155,18,3,1937,0.0906,2017.45,netbanking,SBI,589089,19,5,1,0,0,0,0,0,0,0,0,0,1,15
TXN0006640,2024-03-16T13:30:00,75,M0099,B2B,low,C01198,23,3,1138,0.1846,20877.39,upi,SBI,530911,13,5,1,0,0,2,0,0,0,1,0,0,1,44
TXN0006641,2024-03-16T20:33:00,75,M0186,B2B,mid,C01267,15,3,1733,0.143,34905.0,card,Kotak,444331,20,5,1,0,1,1,0,0,0,0,1,1,0,37
TXN0006642,2024-03-16T10:11:00,75,M0173,Food,high,C01202,22,1,1225,0.0785,679.0,card,SBI,431185,10,5,1,0,0,0,0,1,0,1,0,1,0,54
TXN0006643,2024-03-16T20:34:00,75,M0188,Logistics,mid,C00743,196,16,7744,0.0398,12393.59,wallet,SBI,501470,20,5,1,0,0,0,0,0,0,0,0,0,0,38
TXN0006644,2024-03-16T10:50:00,75,M0086,Retail,high,C00360,253,12,5535,0.0199,2429.71,card,Canara,493832,10,5,1,0,0,0,0,0,0,0,0,0,0,52
TXN0006645,2024-03-16T09:29:00,75,M0030,B2B,high,C00251,10,4,1419,0.1389,24126.42,upi,Canara,477614,9,5,1,0,0,0,0,0,0,1,1,1,0,29
TXN0006646,2024-03-16T17:10:00,75,M0085,SaaS,mid,C00463,23,3,774,0.0897,968.04,wallet,HDFC,406076,17,5,1,0,1,1,0,0,0,0,0,0,0,49
TXN0006647,2024-03-16T15:56:00,75,M0113,Services,high,C00676,205,16,3731,0.1246,4061.53,wallet,Kotak,552911,15,5,1,0,0,0,0,0,0,1,0,0,0,51
TXN0006648,2024-03-16T13:00:00,75,M0007,Food,mid,C00730,110,5,1684,0.0888,644.33,wallet,SBI,572599,13,5,1,8,0,0,0,0,0,0,0,0,0,39
TXN0006649,2024-03-16T00:21:00,75,M0068,B2B,low,C01498,12,2,1312,0.0618,18502.34,wallet,Yes,493736,0,5,1,0,0,1,0,0,0,0,1,1,0,68
TXN0006650,2024-03-16T21:14:00,75,M0143,Logistics,mid,C00490,819,113,17384,0.0002,14191.26,netbanking,SBI,411312,21,5,1,0,0,0,0,0,0,0,0,0,0,53
TXN0006651,2024-03-16T12:25:00,75,M0029,Retail,high,C00022,195,15,7187,0.1177,6454.48,upi,ICICI,535998,12,5,1,0,0,1,0,0,0,1,0,0,0,30
TXN0006652,2024-03-16T14:51:00,75,M0025,Food,mid,C00366,97,8,1865,0.1181,2212.23,netbanking,SBI,401678,14,5,1,0,0,0,0,0,0,1,0,0,0,40
TXN0006653,2024-03-16T14:22:00,75,M0145,SaaS,low,C00641,110,11,6582,0.129,2175.55,netbanking,SBI,473615,14,5,1,0,0,1,1,0,0,0,0,1,0,17
TXN0006654,2024-03-16T14:19:00,75,M0089,Food,low,C01022,974,77,19220,0.0059,8374.62,card,PNB,489387,14,5,1,0,0,0,0,0,0,0,0,0,0,56
TXN0006655,2024-03-16T07:41:00,75,M0076,Services,high,C00154,270,10,5468,0.0633,4622.48,wallet,Canara,416638,7,5,1,0,0,0,0,0,0,0,0,0,1,38
TXN0006656,2024-03-16T10:33:00,75,M0095,Food,low,C00723,133,10,2436,0.1886,928.78,card,Canara,462682,10,5,1,12,0,0,0,0,0,0,0,0,0,60
TXN0006657,2024-03-16T06:23:00,75,M0137,B2B,mid,C00149,178,20,6175,0.035,40443.83,wallet,Kotak,556093,6,5,1,0,0,0,1,0,0,0,1,1,0,52
TXN0006658,2024-03-17T15:04:00,76,M0106,Services,high,C00115,8,1,1518,0.0701,3342.93,netbanking,Axis,432360,15,6,1,0,0,1,0,0,0,0,0,0,1,41
TXN0006659,2024-03-17T20:18:00,76,M0110,Food,high,C00564,116,9,1413,0.1264,793.86,netbanking,Yes,508377,20,6,1,0,0,2,0,0,0,0,0,0,0,63
TXN0006660,2024-03-17T08:37:00,76,M0163,Logistics,high,C01469,18,1,1532,0.1089,5863.28,upi,ICICI,489767,8,6,1,11,0,0,1,0,0,0,0,1,1,59
TXN0006661,2024-03-17T11:47:00,76,M0086,Retail,high,C00575,241,8,3584,0.1231,3353.64,upi,HDFC,571745,11,6,1,0,0,1,0,0,0,0,0,0,0,56
TXN0006662,2024-03-17T18:25:00,76,M0033,Logistics,low,C00724,6,3,1676,0.0399,18671.49,netbanking,Axis,417997,18,6,1,0,0,1,0,1,0,1,1,1,0,13
TXN0006663,2024-03-17T23:57:00,76,M0044,Logistics,low,C00766,267,5,7258,0.0094,9099.45,netbanking,Canara,414749,23,6,1,0,0,1,0,0,0,0,0,0,1,58
TXN0006664,2024-03-17T16:33:00,76,M0044,Logistics,low,C01248,819,99,16764,0.0629,24685.09,upi,Axis,415249,16,6,1,0,0,0,0,0,0,0,0,0,0,65
TXN0006665,2024-03-17T20:39:00,76,M0177,Food,low,C01232,24,1,1095,0.0993,566.03,wallet,HDFC,591009,20,6,1,0,0,0,0,0,0,1,0,0,1,64
TXN0006666,2024-03-17T18:28:00,76,M0001,Retail,high,C00679,25,4,888,0.0293,3260.9,card,ICICI,505850,18,6,1,0,0,2,0,0,0,1,0,0,1,58
TXN0006667,2024-03-17T15:37:00,76,M0178,Logistics,low,C00106,22,3,1872,0.0279,10021.24,upi,PNB,483549,15,6,1,0,0,0,0,0,0,1,0,0,0,41
TXN0006668,2024-03-17T14:42:00,76,M0084,B2B,mid,C00677,22,3,664,0.2321,30327.6,upi,Axis,548372,14,6,1,0,0,3,0,0,0,0,1,1,0,51
TXN0006669,2024-03-17T16:17:00,76,M0037,Retail,mid,C01454,216,11,5677,0.16,6446.86,card,ICICI,417513,16,6,1,0,0,1,0,0,0,0,0,0,1,65
TXN0006670,2024-03-17T20:29:00,76,M0181,Food,high,C00667,24,2,1269,0.1222,1651.62,card,PNB,537904,20,6,1,0,0,0,1,0,0,1,1,1,0,67
TXN0006671,2024-03-17T08:57:00,76,M0153,Food,low,C01156,783,61,24286,0.0003,13247.24,netbanking,PNB,516381,8,6,1,0,0,0,0,0,0,0,0,0,0,46
TXN0006672,2024-03-17T06:18:00,76,M0033,Logistics,low,C01352,19,2,636,0.0786,13580.6,card,ICICI,598502,6,6,1,0,0,1,1,0,0,0,1,1,0,65
TXN0006673,2024-03-17T11:15:00,76,M0192,B2B,mid,C00588,76,10,4598,0.0727,2795.54,netbanking,ICICI,495228,11,6,1,0,0,0,1,0,1,0,1,1,0,72
TXN0006674,2024-03-17T07:11:00,76,M0071,Retail,low,C01499,269,17,4703,0.0444,3696.68,card,Axis,578710,7,6,1,0,0,0,0,0,0,0,0,0,0,68
TXN0006675,2024-03-17T11:51:00,76,M0056,Retail,low,C00585,119,12,2891,0.1219,6308.43,upi,PNB,448761,11,6,1,0,0,0,0,0,0,0,0,0,0,32
TXN0006676,2024-03-17T08:59:00,76,M0087,Logistics,mid,C01432,91,8,2195,0.2033,3223.19,netbanking,SBI,493491,8,6,1,0,0,0,0,1,0,0,0,1,0,12
TXN0006677,2024-03-17T14:04:00,76,M0144,Retail,low,C00548,224,15,1904,0.043,1098.84,card,Kotak,499915,14,6,1,0,0,1,0,0,0,1,0,0,0,65
TXN0006678,2024-03-17T22:45:00,76,M0148,SaaS,mid,C01452,137,8,4630,0.0509,1594.76,wallet,SBI,535387,22,6,1,0,0,1,0,1,1,1,1,1,0,34
TXN0006679,2024-03-17T07:10:00,76,M0027,Services,high,C00362,805,65,17714,0.0025,55955.79,netbanking,Kotak,401739,7,6,1,0,0,1,0,0,0,0,1,1,0,64
TXN0006680,2024-03-17T10:03:00,76,M0013,Logistics,high,C00325,126,10,1254,0.1405,6073.12,upi,PNB,426991,10,6,1,0,0,0,1,0,0,1,0,1,1,15
TXN0006681,2024-03-17T13:07:00,76,M0172,Food,mid,C00177,65,7,4221,0.1108,4262.7,wallet,SBI,568393,13,6,1,0,0,0,0,0,0,1,0,0,0,68
TXN0006682,2024-03-17T18:11:00,76,M0186,B2B,mid,C01342,17,4,1571,0.174,7218.94,netbanking,SBI,480098,18,6,1,0,0,0,0,0,0,0,0,0,0,18
TXN0006683,2024-03-17T17:45:00,76,M0127,Food,low,C01370,917,116,3464,0.0555,6714.66,card,PNB,525780,17,6,1,0,0,0,0,0,0,1,0,0,0,41
TXN0006684,2024-03-17T19:30:00,76,M0198,Food,mid,C01003,891,80,14836,0.0225,5969.75,upi,HDFC,410258,19,6,1,0,0,1,0,0,0,0,0,0,0,44
TXN0006685,2024-03-17T20:43:00,76,M0152,Retail,high,C00452,881,68,12766,0.0175,28174.96,card,PNB,426779,20,6,1,0,0,0,0,0,0,0,0,0,0,65
TXN0006686,2024-03-17T14:47:00,76,M0000,Logistics,low,C00500,105,20,3571,0.0765,14637.19,card,SBI,453379,14,6,1,0,0,0,0,0,0,0,0,0,0,48
TXN0006687,2024-03-17T00:06:00,76,M0141,Logistics,low,C00229,11,1,1480,0.1655,1749.16,wallet,PNB,474381,0,6,1,0,0,0,1,0,1,1,0,1,1,39
TXN0006688,2024-03-17T08:04:00,76,M0158,Retail,low,C00779,231,10,1152,0.1462,4859.57,wallet,HDFC,477745,8,6,1,0,0,0,0,0,0,1,0,0,0,66
TXN0006689,2024-03-17T10:37:00,76,M0015,Services,low,C00525,196,14,3844,0.122,2056.61,netbanking,ICICI,476617,10,6,1,0,0,0,1,0,1,0,1,1,0,32
TXN0006690,2024-03-17T15:56:00,76,M0010,SaaS,high,C00195,125,20,2752,0.0288,3393.22,netbanking,HDFC,463457,15,6,1,0,0,0,0,0,0,0,0,0,1,25
TXN0006691,2024-03-17T16:13:00,76,M0191,Logistics,high,C00706,63,18,2785,0.0298,4993.39,card,PNB,453314,16,6,1,0,0,1,0,0,0,0,0,0,0,70
TXN0006692,2024-03-17T09:51:00,76,M0125,Retail,low,C00228,23,2,1481,0.0503,3540.5,card,ICICI,552066,9,6,1,0,0,1,0,0,1,0,0,0,1,42
TXN0006693,2024-03-17T12:56:00,76,M0155,SaaS,mid,C01202,22,1,1225,0.0785,1061.55,upi,Canara,517480,12,6,1,0,0,1,0,0,0,0,0,0,1,27
TXN0006694,2024-03-17T09:45:00,76,M0118,Retail,mid,C00316,98,5,4359,0.0106,2914.95,card,Yes,460672,9,6,1,0,0,1,0,0,0,1,1,1,0,20
TXN0006695,2024-03-17T18:55:00,76,M0055,Services,mid,C01056,190,9,4929,0.0812,2868.34,upi,Kotak,548422,18,6,1,0,0,0,0,0,0,0,0,0,0,54
TXN0006696,2024-03-17T06:11:00,76,M0188,Logistics,mid,C00448,10,3,1642,0.0153,6136.49,wallet,SBI,418111,6,6,1,0,0,1,0,0,0,1,0,0,0,50
TXN0006697,2024-03-17T02:37:00,76,M0086,Retail,high,C00517,15,2,1142,0.0701,3474.09,netbanking,ICICI,596271,2,6,1,0,0,1,0,0,0,0,0,0,1,20
TXN0006698,2024-03-17T05:00:00,76,M0053,Retail,low,C01337,137,13,4759,0.0393,6536.08,upi,HDFC,439427,5,6,1,0,0,0,0,0,0,1,1,1,0,38
TXN0006699,2024-03-17T11:37:00,76,M0049,Services,mid,C01009,228,8,7015,0.0619,6760.83,wallet,SBI,557121,11,6,1,0,0,0,0,0,0,0,0,0,0,26
TXN0006700,2024-03-17T10:26:00,76,M0105,SaaS,high,C00938,118,6,4811,0.096,3670.17,wallet,Kotak,522316,10,6,1,0,0,2,0,0,0,0,0,0,0,71
TXN0006701,2024-03-17T22:16:00,76,M0005,Logistics,high,C00235,294,6,5292,0.0091,10006.75,card,ICICI,424485,22,6,1,0,0,0,0,0,0,0,0,0,0,47
TXN0006702,2024-03-17T04:24:00,76,M0137,B2B,mid,C00665,272,7,1097,0.067,54726.83,wallet,PNB,509510,4,6,1,0,0,1,0,0,0,0,1,1,0,20
TXN0006703,2024-03-17T18:59:00,76,M0149,Services,low,C00321,931,91,13422,0.0134,5994.69,wallet,SBI,427951,18,6,1,0,0,0,0,0,0,1,0,0,0,49
TXN0006704,2024-03-17T14:28:00,76,M0140,Logistics,high,C00652,73,15,5382,0.1701,5840.52,netbanking,HDFC,427608,14,6,1,0,0,1,0,1,0,0,1,1,0,54
TXN0006705,2024-03-17T20:49:00,76,M0170,Logistics,mid,C01174,13,1,894,0.1125,2237.08,upi,HDFC,457049,20,6,1,0,0,0,0,0,0,1,0,0,1,13
TXN0006706,2024-03-17T10:41:00,76,M0163,Logistics,high,C00709,766,99,13908,0.0162,13652.61,netbanking,Axis,480369,10,6,1,0,0,1,0,0,0,0,1,1,0,37
TXN0006707,2024-03-17T10:05:00,76,M0043,Logistics,high,C00642,294,16,1731,0.1075,13775.54,card,SBI,533200,10,6,1,0,0,0,0,0,0,1,0,0,0,28
TXN0006708,2024-03-17T11:19:00,76,M0049,Services,mid,C00776,14,4,962,0.1036,11894.79,wallet,Kotak,401004,11,6,1,0,0,0,0,0,0,0,0,0,0,14
TXN0006709,2024-03-17T18:35:00,76,M0025,Food,mid,C01175,16,1,944,0.0192,1291.95,card,Canara,427208,18,6,1,0,0,0,0,0,0,0,0,0,0,66
TXN0006710,2024-03-17T11:21:00,76,M0079,Retail,high,C00050,180,20,4608,0.0752,4231.7,netbanking,HDFC,509253,11,6,1,0,0,1,0,0,0,0,0,0,0,15
TXN0006711,2024-03-17T16:07:00,76,M0017,B2B,low,C01050,106,16,7603,0.1525,42763.1,card,Yes,529074,16,6,1,0,0,1,0,0,0,0,0,1,0,68
TXN0006712,2024-03-17T17:08:00,76,M0154,Retail,low,C00911,25,1,557,0.0825,1336.45,card,HDFC,468936,17,6,1,0,0,0,0,0,0,0,0,0,0,20
TXN0006713,2024-03-17T14:29:00,76,M0078,B2B,high,C01022,974,77,19220,0.0059,17447.53,card,ICICI,422229,14,6,1,0,0,1,0,0,0,0,0,0,1,29
TXN0006714,2024-03-17T17:34:00,76,M0016,Services,high,C00758,105,5,6522,0.0926,6061.92,card,Kotak,566673,17,6,1,14,0,1,0,0,0,0,0,0,0,17
TXN0006715,2024-03-17T09:46:00,76,M0141,Logistics,low,C00581,174,9,2693,0.1128,7058.77,upi,HDFC,478944,9,6,1,0,0,0,0,0,0,0,0,0,0,52
TXN0006716,2024-03-17T06:32:00,76,M0062,B2B,low,C01363,830,106,14828,0.0184,15890.45,wallet,Canara,579450,6,6,1,0,0,0,0,0,0,1,0,0,0,68
TXN0006717,2024-03-17T13:24:00,76,M0079,Retail,high,C01276,24,3,1037,0.1616,3410.32,wallet,Yes,556553,13,6,1,0,0,0,0,0,0,0,1,1,0,46
TXN0006718,2024-03-17T09:56:00,76,M0074,Services,high,C01200,782,68,18104,0.0362,9211.57,upi,Yes,511747,9,6,1,9,0,0,0,0,0,0,0,0,0,48
TXN0006719,2024-03-17T13:12:00,76,M0088,Food,low,C00053,292,19,3435,0.2456,915.24,wallet,ICICI,567709,13,6,1,0,0,0,0,0,0,0,0,0,0,12
TXN0006720,2024-03-17T08:29:00,76,M0165,Services,low,C00637,199,12,2417,0.0887,1635.85,netbanking,HDFC,482286,8,6,1,0,0,1,1,0,0,1,0,1,1,41
TXN0006721,2024-03-17T03:40:00,76,M0046,SaaS,high,C00102,143,17,5893,0.0911,4074.32,wallet,Yes,471457,3,6,1,0,0,0,0,0,0,1,0,0,0,58
TXN0006722,2024-03-17T20:12:00,76,M0018,SaaS,high,C00142,20,2,1944,0.1027,785.79,card,Yes,562165,20,6,1,0,1,2,0,0,0,0,0,0,1,64
TXN0006723,2024-03-17T20:04:00,76,M0150,Retail,mid,C01422,271,19,2285,0.0622,3021.81,netbanking,Yes,456130,20,6,1,0,0,0,0,0,0,1,0,0,0,31
TXN0006724,2024-03-17T13:28:00,76,M0198,Food,mid,C00952,62,10,3676,0.0357,1542.84,card,PNB,462777,13,6,1,0,0,0,0,0,0,0,0,0,0,67
TXN0006725,2024-03-17T18:53:00,76,M0112,Logistics,mid,C00396,14,4,1990,0.0986,11324.62,upi,SBI,485420,18,6,1,0,0,0,0,0,0,0,0,0,1,55
TXN0006726,2024-03-17T12:55:00,76,M0162,Services,high,C00096,97,5,3271,0.041,2816.32,netbanking,PNB,546715,12,6,1,9,0,0,0,0,0,0,0,0,0,66
TXN0006727,2024-03-17T11:32:00,76,M0074,Services,high,C01177,162,11,3048,0.0283,2280.94,netbanking,SBI,525745,11,6,1,0,0,0,0,0,0,1,0,0,0,22
TXN0006728,2024-03-17T13:38:00,76,M0126,B2B,low,C01141,8,4,1387,0.0482,51612.2,wallet,Kotak,513000,13,6,1,0,0,0,0,0,0,0,1,1,0,60
TXN0006729,2024-03-17T16:49:00,76,M0184,Logistics,high,C00306,139,18,6979,0.0673,11247.28,upi,ICICI,590228,16,6,1,0,0,0,0,0,0,1,0,0,0,42
TXN0006730,2024-03-17T13:33:00,76,M0145,SaaS,low,C00632,930,73,24796,0.0066,26082.43,card,SBI,533964,13,6,1,0,0,1,0,0,0,1,0,0,0,60
TXN0006731,2024-03-17T04:26:00,76,M0054,Retail,mid,C01228,179,16,4503,0.0867,3785.57,netbanking,Axis,429393,4,6,1,0,0,0,0,0,0,1,0,0,0,49
TXN0006732,2024-03-17T18:42:00,76,M0194,Retail,mid,C00168,12,3,1562,0.291,1756.16,netbanking,Yes,437291,18,6,1,0,0,0,0,0,0,0,0,0,1,12
TXN0006733,2024-03-17T22:22:00,76,M0092,Food,low,C00681,6,3,1976,0.0131,370.08,upi,ICICI,581639,22,6,1,0,0,1,0,0,0,0,0,0,0,27
TXN0006734,2024-03-17T11:23:00,76,M0178,Logistics,low,C01111,200,20,5413,0.0781,8422.43,wallet,ICICI,509043,11,6,1,0,0,0,0,0,0,0,0,0,1,47
TXN0006735,2024-03-17T20:06:00,76,M0194,Retail,mid,C01281,736,65,13056,0.0178,6939.12,card,SBI,414400,20,6,1,0,0,0,0,0,0,1,0,0,0,15
TXN0006736,2024-03-17T07:20:00,76,M0025,Food,mid,C00483,25,2,1908,0.2412,1288.44,card,HDFC,451327,7,6,1,0,1,2,0,0,0,0,0,0,0,66
TXN0006737,2024-03-17T09:37:00,76,M0073,SaaS,high,C01196,22,2,1850,0.1106,580.21,wallet,Canara,457746,9,6,1,0,0,0,0,0,0,0,1,1,0,34
TXN0006738,2024-03-17T15:15:00,76,M0004,Logistics,low,C00160,790,83,11529,0.027,29985.09,wallet,Yes,578650,15,6,1,0,0,2,0,0,0,1,0,0,0,71
TXN0006739,2024-03-17T19:19:00,76,M0198,Food,mid,C00453,155,5,5534,0.0173,2346.96,card,Kotak,518038,19,6,1,0,0,0,0,0,0,0,0,0,0,43
TXN0006740,2024-03-17T17:05:00,76,M0020,B2B,low,C00094,229,11,6256,0.1821,15367.23,netbanking,Canara,483144,17,6,1,0,0,1,0,0,0,1,0,0,0,43
TXN0006741,2024-03-17T07:13:00,76,M0012,Food,low,C01118,9,3,1462,0.0622,1391.73,netbanking,ICICI,407782,7,6,1,0,0,0,0,0,0,0,0,0,0,68
TXN0006742,2024-03-17T12:47:00,76,M0145,SaaS,low,C00126,6,4,711,0.1739,1695.36,upi,Canara,484336,12,6,1,0,0,0,1,0,0,0,1,1,0,40
TXN0006743,2024-03-17T12:24:00,76,M0085,SaaS,mid,C01380,83,11,3115,0.0312,1969.87,upi,ICICI,416199,12,6,1,0,0,1,1,0,0,0,1,1,0,47
TXN0006744,2024-03-17T19:20:00,76,M0096,Food,mid,C01486,5,2,1562,0.0303,1443.29,upi,PNB,533886,19,6,1,0,0,0,0,0,1,0,0,0,1,15
TXN0006745,2024-03-17T10:56:00,76,M0029,Retail,high,C01094,932,69,17616,0.0048,9312.27,upi,Axis,444199,10,6,1,8,0,0,0,0,0,1,0,0,0,63
TXN0006746,2024-03-18T14:07:00,77,M0127,Food,low,C01362,246,18,2751,0.1251,761.58,upi,ICICI,510620,14,0,0,0,0,0,0,0,0,0,0,0,0,72
TXN0006747,2024-03-18T21:50:00,77,M0073,SaaS,high,C01225,284,15,7589,0.1303,4266.62,wallet,SBI,439820,21,0,0,0,0,0,0,0,0,0,0,0,0,12
TXN0006748,2024-03-18T12:56:00,77,M0127,Food,low,C00237,75,20,6400,0.086,3006.58,upi,Kotak,534716,12,0,0,0,0,0,0,1,0,0,1,1,0,43
TXN0006749,2024-03-18T08:46:00,77,M0106,Services,high,C00123,211,6,3883,0.0949,8123.05,netbanking,SBI,547740,8,0,0,0,0,0,0,0,0,0,0,0,0,67
TXN0006750,2024-03-18T21:35:00,77,M0136,Logistics,mid,C00941,8,1,1237,0.0191,1745.18,netbanking,Canara,598295,21,0,0,0,0,0,0,0,0,1,0,0,1,25
TXN0006751,2024-03-18T04:49:00,77,M0148,SaaS,mid,C01088,872,67,11861,0.0525,2944.74,netbanking,SBI,576672,4,0,0,0,0,1,0,0,0,0,0,0,0,44
TXN0006752,2024-03-18T20:26:00,77,M0107,SaaS,mid,C00838,827,61,12860,0.0338,4841.44,wallet,ICICI,551871,20,0,0,0,0,1,0,0,0,0,0,0,0,30
TXN0006753,2024-03-18T05:00:00,77,M0034,Retail,high,C01061,20,3,1042,0.0431,3666.83,card,HDFC,583606,5,0,0,0,0,0,0,0,0,0,0,0,1,56
TXN0006754,2024-03-18T11:25:00,77,M0058,B2B,low,C01307,948,86,13577,0.0086,54769.6,wallet,Axis,568889,11,0,0,0,0,0,0,0,0,0,1,1,0,13
TXN0006755,2024-03-18T19:56:00,77,M0093,SaaS,mid,C00737,14,4,754,0.1322,1560.57,card,Yes,438751,19,0,0,0,0,0,0,0,0,0,0,0,1,64
TXN0006756,2024-03-18T19:51:00,77,M0140,Logistics,high,C01115,113,12,1457,0.1206,4972.5,upi,PNB,577165,19,0,0,0,0,0,1,0,0,1,0,1,1,68
TXN0006757,2024-03-18T13:46:00,77,M0065,B2B,high,C00836,932,88,5871,0.004,9570.1,netbanking,Canara,557083,13,0,0,0,0,0,0,0,0,0,0,0,0,66
TXN0006758,2024-03-18T19:06:00,77,M0197,Food,low,C01476,108,9,2688,0.0579,810.64,netbanking,Axis,539513,19,0,0,0,0,0,0,0,0,1,0,0,0,13
TXN0006759,2024-03-18T09:33:00,77,M0110,Food,high,C01446,83,11,7007,0.0191,5702.84,wallet,ICICI,515499,9,0,0,0,0,0,0,0,0,0,0,0,0,18
TXN0006760,2024-03-18T16:30:00,77,M0153,Food,low,C00256,145,18,7680,0.1863,2467.51,upi,Axis,411350,16,0,0,0,0,0,1,0,0,0,1,1,0,40
TXN0006761,2024-03-18T07:50:00,77,M0181,Food,high,C00168,12,3,1562,0.291,1165.5,upi,Axis,441300,7,0,0,11,1,1,0,0,0,1,0,0,1,56
TXN0006762,2024-03-18T14:42:00,77,M0168,Food,high,C01073,216,10,2545,0.126,2674.7,netbanking,Axis,520741,14,0,0,0,0,0,0,0,0,0,0,0,0,34
TXN0006763,2024-03-18T08:49:00,77,M0069,SaaS,high,C00607,277,15,3127,0.1046,1600.37,card,ICICI,579365,8,0,0,0,0,0,0,0,0,0,0,0,0,47
TXN0006764,2024-03-18T09:33:00,77,M0181,Food,high,C01466,15,3,1413,0.1741,529.24,upi,HDFC,449953,9,0,0,0,0,1,0,1,0,1,0,1,1,55
TXN0006765,2024-03-18T07:42:00,77,M0055,Services,mid,C01316,288,6,4550,0.0271,21562.57,upi,Axis,460489,7,0,0,0,0,0,0,0,0,1,1,1,0,12
TXN0006766,2024-03-18T22:44:00,77,M0138,Services,mid,C01333,70,10,3319,0.0482,6468.1,netbanking,ICICI,420435,22,0,0,0,0,0,0,0,0,0,0,0,0,19
TXN0006767,2024-03-18T11:41:00,77,M0187,SaaS,high,C00587,12,1,1336,0.0454,381.31,upi,PNB,459714,11,0,0,0,0,0,0,0,0,0,0,0,1,12
TXN0006768,2024-03-18T04:28:00,77,M0153,Food,low,C01082,907,96,17695,0.0238,12317.58,upi,ICICI,559931,4,0,0,0,0,0,0,0,0,0,0,1,1,43
TXN0006769,2024-03-18T07:30:00,77,M0062,B2B,low,C01483,8,4,533,0.0062,47061.08,netbanking,PNB,474214,7,0,0,0,0,3,1,0,0,0,1,1,0,67
TXN0006770,2024-03-18T08:24:00,77,M0036,Retail,low,C01323,896,81,24706,0.0128,8507.28,wallet,HDFC,554298,8,0,0,0,0,0,0,0,0,1,0,0,0,58
TXN0006771,2024-03-18T08:55:00,77,M0199,SaaS,mid,C01339,5,4,1990,0.0703,2203.04,upi,SBI,428950,8,0,0,0,0,0,0,0,0,1,0,0,0,48
TXN0006772,2024-03-18T06:42:00,77,M0162,Services,high,C00904,204,10,1535,0.1432,2563.93,wallet,ICICI,411375,6,0,0,0,0,0,0,0,0,0,0,0,0,12
TXN0006773,2024-03-18T20:28:00,77,M0188,Logistics,mid,C00942,268,13,2561,0.1229,29841.75,upi,Yes,413944,20,0,0,0,0,0,0,0,0,1,1,1,0,65
TXN0006774,2024-03-18T09:20:00,77,M0162,Services,high,C00851,191,8,6786,0.0145,9166.37,upi,Axis,417449,9,0,0,11,0,1,0,0,0,1,0,0,0,13
TXN0006775,2024-03-18T08:41:00,77,M0194,Retail,mid,C00079,234,12,5076,0.0979,7040.49,upi,Canara,421155,8,0,0,0,0,0,0,0,1,0,0,0,0,34
TXN0006776,2024-03-18T08:08:00,77,M0193,B2B,low,C01294,194,19,3596,0.0608,20145.91,netbanking,HDFC,547290,8,0,0,0,0,0,0,0,0,1,1,1,0,16
TXN0006777,2024-03-18T13:04:00,77,M0047,Logistics,low,C00124,769,61,23152,0.0186,8938.39,wallet,PNB,563096,13,0,0,0,0,0,0,0,0,0,0,0,0,72
TXN0006778,2024-03-18T09:23:00,77,M0127,Food,low,C01142,239,20,1936,0.0703,1948.5,card,SBI,543967,9,0,0,0,0,1,0,0,0,0,0,0,0,51
TXN0006779,2024-03-18T10:14:00,77,M0065,B2B,high,C00210,79,8,1505,0.2364,13223.04,wallet,Kotak,577930,10,0,0,0,0,0,0,0,0,0,0,0,0,18
TXN0006780,2024-03-18T16:54:00,77,M0051,Food,low,C00835,979,88,23266,0.031,11824.06,card,SBI,534509,16,0,0,0,0,1,0,0,0,0,0,0,0,65
TXN0006781,2024-03-18T18:55:00,77,M0103,Services,low,C00591,192,6,2555,0.0639,8246.24,wallet,HDFC,415584,18,0,0,0,0,1,0,0,0,0,0,0,0,24
TXN0006782,2024-03-18T08:01:00,77,M0132,Food,mid,C00920,209,9,2207,0.097,1841.19,upi,SBI,532964,8,0,0,0,0,0,1,0,0,1,1,1,0,48
TXN0006783,2024-03-18T14:03:00,77,M0124,Retail,low,C01381,181,9,4827,0.1171,531.53,netbanking,PNB,433075,14,0,0,0,0,1,0,0,0,1,0,0,0,67
TXN0006784,2024-03-18T05:21:00,77,M0014,Logistics,high,C00414,216,6,1095,0.0964,10454.45,netbanking,Axis,559351,5,0,0,0,0,0,0,0,0,0,1,1,0,62
TXN0006785,2024-03-18T13:13:00,77,M0163,Logistics,high,C00286,272,12,7237,0.0316,7972.93,upi,Yes,540361,13,0,0,0,0,0,0,0,0,1,0,0,1,30
TXN0006786,2024-03-18T14:04:00,77,M0125,Retail,low,C01410,23,4,940,0.1409,2185.26,card,Axis,456679,14,0,0,0,0,0,0,0,0,0,0,0,1,26
TXN0006787,2024-03-18T14:00:00,77,M0159,Services,low,C00353,227,10,5975,0.0345,3003.06,upi,Canara,530812,14,0,0,0,0,1,0,0,0,1,0,0,0,66
TXN0006788,2024-03-18T07:55:00,77,M0146,Food,mid,C00725,15,3,802,0.0878,568.44,card,Axis,591587,7,0,0,0,0,0,0,0,0,0,0,0,0,61
TXN0006789,2024-03-18T16:24:00,77,M0105,SaaS,high,C01056,190,9,4929,0.0812,9904.01,card,PNB,526977,16,0,0,0,1,1,0,0,0,0,0,0,0,57
TXN0006790,2024-03-18T17:33:00,77,M0143,Logistics,mid,C01296,939,96,5611,0.0086,3775.83,wallet,HDFC,591837,17,0,0,0,0,0,0,0,0,0,0,0,1,56
TXN0006791,2024-03-18T15:19:00,77,M0115,Services,high,C00392,15,2,1141,0.0684,2606.03,card,SBI,435554,15,0,0,0,0,0,0,0,0,0,0,0,0,39
TXN0006792,2024-03-18T07:49:00,77,M0031,Food,mid,C00435,845,97,22280,0.0149,5191.81,wallet,Axis,583321,7,0,0,0,0,0,0,0,0,0,1,1,0,43
TXN0006793,2024-03-18T18:16:00,77,M0043,Logistics,high,C00719,167,19,7043,0.1785,9607.88,netbanking,HDFC,529624,18,0,0,0,0,0,0,0,0,0,0,0,0,56
TXN0006794,2024-03-18T12:34:00,77,M0032,Food,low,C00028,842,112,10190,0.0064,2454.14,wallet,PNB,552868,12,0,0,7,0,0,0,0,0,0,0,0,0,28
TXN0006795,2024-03-18T08:39:00,77,M0009,Retail,low,C01469,18,1,1532,0.1089,1215.27,upi,Yes,416277,8,0,0,0,0,1,0,0,0,1,0,0,1,71
TXN0006796,2024-03-18T19:32:00,77,M0035,SaaS,mid,C00824,11,2,1295,0.1478,2049.61,wallet,ICICI,405277,19,0,0,0,0,0,0,0,0,0,0,0,0,29
TXN0006797,2024-03-18T19:34:00,77,M0061,Services,low,C00048,132,8,7820,0.0412,3381.99,upi,ICICI,499803,19,0,0,0,0,1,0,0,0,0,0,0,0,20
TXN0006798,2024-03-18T07:51:00,77,M0119,Retail,high,C00251,10,4,1419,0.1389,2496.63,upi,HDFC,419900,7,0,0,0,0,1,0,0,0,0,0,0,0,28
TXN0006799,2024-03-18T08:10:00,77,M0076,Services,high,C01139,12,1,816,0.0541,483.05,upi,Axis,563768,8,0,0,0,0,1,0,0,0,0,0,0,0,27
TXN0006800,2024-03-18T16:41:00,77,M0188,Logistics,mid,C00913,120,7,7354,0.1533,22186.0,netbanking,Canara,563778,16,0,0,0,0,0,1,0,0,0,1,1,0,71
TXN0006801,2024-03-18T21:09:00,77,M0191,Logistics,high,C00044,254,12,6657,0.0891,8653.96,card,Axis,576809,21,0,0,0,0,0,0,0,0,1,0,0,0,24
TXN0006802,2024-03-18T19:11:00,77,M0176,SaaS,low,C00770,156,16,7278,0.0295,3619.61,card,Axis,585196,19,0,0,0,0,0,0,0,0,1,0,0,0,65
TXN0006803,2024-03-18T21:36:00,77,M0093,SaaS,mid,C00887,8,3,791,0.0813,493.5,card,HDFC,557935,21,0,0,0,0,0,0,0,0,0,0,0,0,60
TXN0006804,2024-03-18T10:24:00,77,M0141,Logistics,low,C00060,7,2,1880,0.1375,8575.56,netbanking,PNB,468721,10,0,0,9,0,1,0,0,0,0,0,0,0,36
TXN0006805,2024-03-18T16:51:00,77,M0005,Logistics,high,C00948,163,14,3671,0.0629,14111.48,card,SBI,557406,16,0,0,0,0,0,0,0,0,0,0,0,0,67
TXN0006806,2024-03-18T13:49:00,77,M0000,Logistics,low,C01024,136,10,1176,0.0902,8080.46,upi,HDFC,539959,13,0,0,0,0,0,1,0,0,0,0,1,0,61
TXN0006807,2024-03-18T06:05:00,77,M0022,Retail,low,C00046,899,95,17868,0.007,1726.34,wallet,PNB,510070,6,0,0,0,0,0,0,0,0,1,0,0,0,19
TXN0006808,2024-03-18T06:47:00,77,M0196,Retail,low,C01186,985,55,11992,0.0131,4589.82,wallet,Axis,420645,6,0,0,0,0,0,0,0,0,0,0,0,0,20
TXN0006809,2024-03-18T23:52:00,77,M0186,B2B,mid,C00146,81,16,1554,0.283,7801.02,upi,SBI,557032,23,0,0,14,0,0,0,0,0,0,0,0,0,34
TXN0006810,2024-03-18T18:59:00,77,M0119,Retail,high,C00580,846,103,10876,0.0172,9640.53,wallet,Yes,410820,18,0,0,0,0,1,0,0,0,1,0,0,0,69
TXN0006811,2024-03-18T01:42:00,77,M0134,Services,low,C00817,276,9,2012,0.075,2656.57,upi,ICICI,546856,1,0,0,0,0,1,0,0,0,0,1,1,0,37
TXN0006812,2024-03-18T21:51:00,77,M0120,Food,low,C01307,948,86,13577,0.0086,3720.12,wallet,Axis,414003,21,0,0,0,1,1,0,0,0,0,0,0,0,36
TXN0006813,2024-03-18T12:34:00,77,M0037,Retail,mid,C01273,226,19,1935,0.0127,1499.07,upi,ICICI,442373,12,0,0,0,0,1,0,0,0,0,0,0,0,21
TXN0006814,2024-03-18T13:28:00,77,M0141,Logistics,low,C01319,7,2,506,0.0739,5306.9,wallet,Kotak,439491,13,0,0,0,0,0,0,0,0,0,0,0,0,25
TXN0006815,2024-03-18T18:07:00,77,M0109,Services,low,C00310,19,3,613,0.0983,2123.13,upi,Kotak,549978,18,0,0,0,0,0,0,0,0,0,0,0,1,59
TXN0006816,2024-03-18T02:03:00,77,M0018,SaaS,high,C01101,22,3,1785,0.1531,2393.64,wallet,Axis,557800,2,0,0,0,0,0,0,0,0,0,0,0,1,40
TXN0006817,2024-03-18T08:16:00,77,M0097,Services,low,C00293,25,3,1986,0.1281,4957.39,upi,PNB,526791,8,0,0,0,0,0,1,0,0,0,1,1,0,19
TXN0006818,2024-03-18T16:28:00,77,M0008,Retail,low,C01495,123,12,3053,0.0454,2378.8,wallet,Axis,486573,16,0,0,0,0,1,0,1,0,0,1,1,0,60
TXN0006819,2024-03-18T12:33:00,77,M0102,Retail,high,C01029,18,2,615,0.0338,2378.23,card,ICICI,438258,12,0,0,0,0,0,0,0,0,0,0,0,1,26
TXN0006820,2024-03-18T10:44:00,77,M0040,SaaS,mid,C00386,913,114,12836,0.0306,19755.5,wallet,ICICI,432889,10,0,0,0,0,0,0,0,0,1,1,1,0,56
TXN0006821,2024-03-18T10:11:00,77,M0180,Food,low,C00384,5,4,1105,0.0554,1683.03,netbanking,Axis,584676,10,0,0,0,0,1,0,0,0,0,0,0,1,60
TXN0006822,2024-03-18T08:18:00,77,M0110,Food,high,C00193,299,13,3357,0.0334,1694.81,wallet,ICICI,573502,8,0,0,0,0,1,0,0,0,0,1,1,0,19
TXN0006823,2024-03-18T20:47:00,77,M0134,Services,low,C00660,137,20,7112,0.0513,7469.45,card,Kotak,466982,20,0,0,0,0,1,1,0,0,0,1,1,0,32
TXN0006824,2024-03-18T12:16:00,77,M0002,B2B,low,C00286,272,12,7237,0.0316,76952.4,netbanking,PNB,409111,12,0,0,1,1,1,0,0,0,0,1,1,0,45
TXN0006825,2024-03-18T18:15:00,77,M0055,Services,mid,C00517,15,2,1142,0.0701,1199.39,wallet,Kotak,461385,18,0,0,13,0,1,0,0,0,0,0,0,0,62
TXN0006826,2024-03-18T10:18:00,77,M0093,SaaS,mid,C00121,79,10,7331,0.1149,8383.2,upi,Kotak,530885,10,0,0,0,0,1,0,0,0,1,0,0,0,64
TXN0006827,2024-03-18T10:33:00,77,M0180,Food,low,C00345,5,4,1662,0.0094,1124.26,wallet,Canara,538655,10,0,0,0,0,0,0,0,0,0,0,0,0,18
TXN0006828,2024-03-18T15:10:00,77,M0038,B2B,mid,C00486,240,17,7027,0.0457,41297.41,card,Canara,599755,15,0,0,0,0,0,0,0,0,0,1,1,0,13
TXN0006829,2024-03-18T11:12:00,77,M0105,SaaS,high,C00568,142,7,1921,0.1432,563.12,netbanking,SBI,435955,11,0,0,0,0,0,0,1,1,1,1,1,0,65
TXN0006830,2024-03-18T20:49:00,77,M0093,SaaS,mid,C00746,139,16,2138,0.1821,1053.2,netbanking,Yes,554078,20,0,0,13,0,2,0,0,0,0,0,0,0,31
TXN0006831,2024-03-18T15:25:00,77,M0058,B2B,low,C00468,210,7,5232,0.0611,18337.06,wallet,Yes,434150,15,0,0,0,0,0,0,1,0,0,1,1,0,53
TXN0006832,2024-03-18T11:09:00,77,M0107,SaaS,mid,C01130,848,77,24437,0.0028,6604.0,card,Canara,504755,11,0,0,13,0,0,0,0,0,1,0,0,1,14
TXN0006833,2024-03-18T13:45:00,77,M0005,Logistics,high,C00738,122,5,1977,0.1778,8919.28,card,Canara,561818,13,0,0,0,0,0,0,0,0,1,0,0,0,70
TXN0006834,2024-03-18T17:19:00,77,M0133,SaaS,mid,C01021,277,6,5906,0.0539,1741.14,upi,HDFC,555026,17,0,0,10,0,0,0,0,0,1,0,0,0,53
TXN0006835,2024-03-18T18:51:00,77,M0099,B2B,low,C00422,8,4,941,0.0724,22865.06,wallet,Yes,427093,18,0,0,0,0,1,0,0,0,1,0,0,1,70
TXN0006836,2024-03-18T03:38:00,77,M0001,Retail,high,C01097,108,7,2175,0.0156,5493.82,upi,SBI,531907,3,0,0,8,0,0,0,0,0,0,0,0,0,47
TXN0006837,2024-03-18T09:10:00,77,M0044,Logistics,low,C01030,903,105,7868,0.0201,8014.52,netbanking,PNB,556876,9,0,0,0,0,0,0,0,0,1,0,0,0,21
TXN0006838,2024-03-19T20:08:00,78,M0004,Logistics,low,C01442,13,1,1831,0.0407,8470.6,upi,HDFC,467140,20,1,0,0,0,0,0,0,0,0,0,0,0,62
TXN0006839,2024-03-19T11:00:00,78,M0083,B2B,low,C00354,246,13,6411,0.0854,22623.75,wallet,SBI,565794,11,1,0,0,0,0,0,0,0,0,0,0,0,38
TXN0006840,2024-03-19T23:25:00,78,M0134,Services,low,C00347,7,3,1414,0.0066,2017.79,netbanking,Canara,550185,23,1,0,0,0,1,0,0,0,0,0,0,0,53
TXN0006841,2024-03-19T11:11:00,78,M0091,Logistics,high,C00291,19,1,1376,0.0577,14452.6,upi,HDFC,527012,11,1,0,0,0,0,0,0,0,1,1,1,0,14
TXN0006842,2024-03-19T19:17:00,78,M0004,Logistics,low,C01355,92,17,3704,0.1002,9334.75,netbanking,Kotak,550874,19,1,0,0,0,0,1,0,0,0,0,1,0,33
TXN0006843,2024-03-19T16:04:00,78,M0094,SaaS,high,C00092,746,97,10119,0.0086,4242.18,card,Kotak,467267,16,1,0,0,0,0,0,0,0,0,0,0,0,45
TXN0006844,2024-03-19T12:17:00,78,M0050,Logistics,high,C00389,144,16,3134,0.1005,9530.34,netbanking,SBI,450172,12,1,0,0,0,0,0,0,0,0,0,0,0,52
TXN0006845,2024-03-19T10:04:00,78,M0181,Food,high,C00425,783,99,24545,0.0148,15942.41,card,PNB,452409,10,1,0,0,0,0,1,0,0,0,1,1,0,36
TXN0006846,2024-03-19T18:34:00,78,M0027,Services,high,C00347,7,3,1414,0.0066,3143.66,upi,HDFC,417765,18,1,0,1,1,2,0,0,0,0,0,0,1,42
TXN0006847,2024-03-19T12:03:00,78,M0073,SaaS,high,C01126,71,20,1374,0.0499,1955.67,wallet,ICICI,511814,12,1,0,0,0,0,0,0,0,0,0,0,0,68
TXN0006848,2024-03-19T13:48:00,78,M0048,SaaS,mid,C00592,168,14,6022,0.124,8399.69,netbanking,Axis,559605,13,1,0,0,0,0,0,0,0,0,0,0,0,36
TXN0006849,2024-03-19T08:59:00,78,M0147,SaaS,mid,C00962,162,11,4249,0.0132,3049.44,upi,HDFC,496631,8,1,0,0,0,1,0,0,0,0,1,1,0,67
TXN0006850,2024-03-19T13:36:00,78,M0038,B2B,mid,C00119,145,10,1625,0.0924,28770.34,upi,Yes,534150,13,1,0,0,0,0,0,0,0,1,1,1,0,63
TXN0006851,2024-03-19T08:19:00,78,M0166,SaaS,mid,C01128,987,62,19455,0.0377,20686.54,upi,HDFC,591357,8,1,0,0,0,0,0,0,0,0,0,0,0,59
TXN0006852,2024-03-19T22:07:00,78,M0117,SaaS,low,C00974,94,15,2436,0.1347,3530.02,upi,PNB,408567,22,1,0,0,0,0,0,0,0,1,0,0,0,41
TXN0006853,2024-03-19T18:10:00,78,M0037,Retail,mid,C00958,823,62,15895,0.0317,10372.63,upi,Canara,509273,18,1,0,0,0,1,0,0,0,0,0,0,0,71
TXN0006854,2024-03-19T16:30:00,78,M0133,SaaS,mid,C00431,101,14,6598,0.0446,3503.68,netbanking,Yes,558936,16,1,0,0,0,0,0,0,0,0,0,0,0,68
TXN0006855,2024-03-19T13:07:00,78,M0050,Logistics,high,C01285,25,1,877,0.1293,5371.73,card,Kotak,533355,13,1,0,0,0,2,0,0,0,0,0,0,1,46
TXN0006856,2024-03-19T14:29:00,78,M0029,Retail,high,C00291,19,1,1376,0.0577,10746.55,netbanking,HDFC,561021,14,1,0,0,1,1,0,0,0,0,0,0,1,21
TXN0006857,2024-03-19T10:55:00,78,M0171,Retail,low,C00606,221,7,4962,0.1239,5458.7,netbanking,HDFC,439679,10,1,0,0,0,0,0,0,0,0,0,0,0,55
TXN0006858,2024-03-19T00:09:00,78,M0173,Food,high,C00943,14,3,1209,0.1824,471.88,card,PNB,421471,0,1,0,0,0,0,0,0,0,1,1,1,0,55
TXN0006859,2024-03-19T05:31:00,78,M0107,SaaS,mid,C01388,776,89,7635,0.0318,3496.93,wallet,Canara,494287,5,1,0,0,0,0,0,0,0,0,1,1,0,28
TXN0006860,2024-03-19T08:48:00,78,M0182,Retail,high,C00757,18,3,1376,0.032,2352.15,netbanking,SBI,594958,8,1,0,0,0,0,0,0,0,1,0,0,0,31
TXN0006861,2024-03-19T09:21:00,78,M0049,Services,mid,C01447,197,6,3612,0.0881,3705.45,upi,Canara,589866,9,1,0,7,0,0,0,0,0,1,0,0,0,51
TXN0006862,2024-03-19T11:57:00,78,M0097,Services,low,C00865,5,3,994,0.0664,1119.06,upi,PNB,446946,11,1,0,0,0,0,0,0,0,0,0,0,0,18
TXN0006863,2024-03-19T16:11:00,78,M0019,Services,mid,C01161,141,15,2396,0.4262,1185.67,card,ICICI,575670,16,1,0,0,0,1,0,0,0,0,0,0,0,18
TXN0006864,2024-03-19T09:15:00,78,M0026,Retail,high,C01354,125,11,1634,0.1324,1325.79,card,ICICI,461343,9,1,0,0,0,0,0,0,0,1,0,0,0,20
TXN0006865,2024-03-19T16:47:00,78,M0083,B2B,low,C00268,238,19,3612,0.0522,12837.32,upi,HDFC,507217,16,1,0,0,0,0,1,0,0,0,1,1,0,47
TXN0006866,2024-03-19T12:03:00,78,M0150,Retail,mid,C00241,746,61,16280,0.0092,6685.25,card,Kotak,556844,12,1,0,0,0,0,0,0,0,0,0,0,0,39
TXN0006867,2024-03-19T19:57:00,78,M0170,Logistics,mid,C00804,23,1,528,0.1041,16085.23,card,Axis,558561,19,1,0,0,0,1,0,0,0,0,0,0,1,59
TXN0006868,2024-03-19T06:13:00,78,M0016,Services,high,C01306,119,14,5041,0.0461,2697.62,wallet,Kotak,468790,6,1,0,0,0,0,0,0,0,1,0,0,0,45
TXN0006869,2024-03-19T19:26:00,78,M0057,Food,high,C01479,922,53,17547,0.0327,11862.15,card,HDFC,593971,19,1,0,0,0,1,0,1,0,1,1,1,0,42
TXN0006870,2024-03-19T20:53:00,78,M0041,B2B,low,C01289,145,18,6341,0.0789,14899.77,upi,ICICI,433495,20,1,0,6,0,0,0,0,0,0,0,0,0,50
TXN0006871,2024-03-19T09:21:00,78,M0101,Food,low,C00697,211,15,4432,0.0478,1446.95,wallet,ICICI,466211,9,1,0,0,0,0,0,0,0,0,0,0,0,70
TXN0006872,2024-03-19T15:27:00,78,M0034,Retail,high,C01319,7,2,506,0.0739,869.86,netbanking,Axis,501274,15,1,0,0,0,1,0,0,0,1,0,0,0,14
TXN0006873,2024-03-19T06:51:00,78,M0101,Food,low,C01021,277,6,5906,0.0539,4649.39,netbanking,Axis,523669,6,1,0,0,1,1,0,0,0,0,0,0,1,22
TXN0006874,2024-03-19T14:47:00,78,M0143,Logistics,mid,C00617,275,10,5677,0.1505,9082.84,netbanking,Yes,415517,14,1,0,12,0,0,0,0,0,1,0,0,0,60
TXN0006875,2024-03-19T10:21:00,78,M0120,Food,low,C01206,243,17,4210,0.0573,9643.52,wallet,PNB,559941,10,1,0,1,0,0,0,0,0,1,1,1,0,61
TXN0006876,2024-03-19T08:04:00,78,M0156,Services,mid,C00687,211,10,3748,0.0173,8304.05,wallet,PNB,467090,8,1,0,0,0,0,1,1,0,0,1,1,0,59
TXN0006877,2024-03-19T22:42:00,78,M0012,Food,low,C00249,12,1,668,0.0436,727.41,netbanking,PNB,571709,22,1,0,0,0,2,0,0,0,0,0,0,1,38
TXN0006878,2024-03-19T12:44:00,78,M0059,Logistics,mid,C00270,170,17,1239,0.1579,9004.01,wallet,ICICI,469538,12,1,0,0,0,1,0,1,0,0,1,1,0,50
TXN0006879,2024-03-19T11:22:00,78,M0197,Food,low,C00787,228,7,4251,0.029,2129.83,wallet,HDFC,408200,11,1,0,0,0,0,0,0,0,0,0,0,0,38
TXN0006880,2024-03-19T11:45:00,78,M0177,Food,low,C00224,141,18,4344,0.0297,1943.56,card,Canara,487128,11,1,0,0,0,0,0,0,0,0,0,0,0,17
TXN0006881,2024-03-19T15:34:00,78,M0169,Food,low,C00856,21,4,967,0.023,933.1,card,Yes,412030,15,1,0,0,0,0,0,0,0,0,0,0,0,38
TXN0006882,2024-03-19T20:00:00,78,M0140,Logistics,high,C00882,253,6,5671,0.095,11216.03,wallet,Axis,502817,20,1,0,0,0,1,1,0,0,0,0,1,1,57
TXN0006883,2024-03-19T07:49:00,78,M0194,Retail,mid,C00157,67,9,7952,0.0952,2477.87,upi,ICICI,544737,7,1,0,6,0,0,0,0,0,0,0,0,0,69
TXN0006884,2024-03-19T17:41:00,78,M0039,Logistics,mid,C00695,18,3,1184,0.1195,12017.1,wallet,ICICI,595019,17,1,0,0,0,0,0,0,0,1,0,0,0,67
TXN0006885,2024-03-19T11:40:00,78,M0169,Food,low,C00438,15,4,1953,0.1344,1783.33,wallet,Kotak,469637,11,1,0,0,0,0,0,0,0,0,1,1,0,31
TXN0006886,2024-03-19T08:54:00,78,M0085,SaaS,mid,C01174,13,1,894,0.1125,1842.37,card,ICICI,445559,8,1,0,0,0,1,0,0,0,0,0,0,1,46
TXN0006887,2024-03-19T22:35:00,78,M0007,Food,mid,C01276,24,3,1037,0.1616,1778.17,card,Yes,512205,22,1,0,0,0,1,0,0,0,1,0,0,1,61
TXN0006888,2024-03-19T11:42:00,78,M0129,Services,low,C00224,141,18,4344,0.0297,7955.75,card,SBI,432844,11,1,0,1,1,1,0,0,0,0,0,0,0,29
TXN0006889,2024-03-19T17:28:00,78,M0191,Logistics,high,C01485,738,85,24212,0.0582,14863.06,netbanking,Yes,558134,17,1,0,0,0,0,0,1,0,0,1,1,0,19
TXN0006890,2024-03-19T11:31:00,78,M0010,SaaS,high,C00072,298,15,2545,0.0745,2413.37,upi,PNB,466452,11,1,0,0,0,1,0,0,0,0,0,0,0,69
TXN0006891,2024-03-19T23:47:00,78,M0044,Logistics,low,C01280,146,17,1316,0.1056,12929.62,card,Axis,590234,23,1,0,0,0,0,0,0,0,1,1,1,0,48
TXN0006892,2024-03-19T19:44:00,78,M0159,Services,low,C00869,17,2,715,0.0491,1133.08,upi,Yes,547965,19,1,0,0,0,0,0,0,0,0,0,0,0,34
TXN0006893,2024-03-19T16:41:00,78,M0163,Logistics,high,C01168,266,17,7311,0.0744,12248.94,upi,SBI,444313,16,1,0,0,0,0,0,0,0,0,0,0,1,59
TXN0006894,2024-03-19T11:14:00,78,M0134,Services,low,C00656,24,3,1063,0.0277,1945.86,netbanking,HDFC,516365,11,1,0,0,0,0,0,0,0,0,0,0,0,21
TXN0006895,2024-03-19T14:45:00,78,M0133,SaaS,mid,C01324,148,17,6773,0.0247,4020.33,upi,Kotak,503435,14,1,0,0,0,0,0,0,1,0,0,0,0,47
TXN0006896,2024-03-19T19:29:00,78,M0053,Retail,low,C01458,18,3,1822,0.165,2024.61,netbanking,ICICI,517827,19,1,0,0,0,0,0,0,0,0,0,0,1,68
TXN0006897,2024-03-19T10:43:00,78,M0183,Retail,mid,C01173,790,93,14363,0.0125,2604.99,wallet,Canara,417326,10,1,0,0,0,0,0,0,0,0,0,0,0,15
TXN0006898,2024-03-19T17:15:00,78,M0029,Retail,high,C00992,126,19,6579,0.0334,8559.77,upi,Kotak,550971,17,1,0,0,0,0,0,1,0,0,1,1,0,51
TXN0006899,2024-03-19T09:08:00,78,M0137,B2B,mid,C01415,250,20,2725,0.1037,21970.21,netbanking,Yes,476172,9,1,0,0,0,0,0,0,0,0,0,0,0,43
TXN0006900,2024-03-19T14:19:00,78,M0020,B2B,low,C01184,214,11,5319,0.0395,30453.29,upi,PNB,568762,14,1,0,0,0,0,0,0,0,0,0,0,0,33
TXN0006901,2024-03-19T15:06:00,78,M0181,Food,high,C00850,147,16,7302,0.0202,1376.68,card,Kotak,516135,15,1,0,0,0,1,0,0,0,0,0,0,0,68
TXN0006902,2024-03-19T17:53:00,78,M0107,SaaS,mid,C00343,979,90,8708,0.0234,4847.86,upi,Yes,451605,17,1,0,0,0,0,0,0,0,1,0,0,0,62
TXN0006903,2024-03-19T19:07:00,78,M0078,B2B,high,C00374,295,16,6772,0.0438,23063.58,netbanking,HDFC,580628,19,1,0,0,0,0,0,0,0,0,0,0,0,33
TXN0006904,2024-03-19T11:05:00,78,M0179,Services,low,C00300,215,14,7381,0.2502,884.51,wallet,Kotak,589823,11,1,0,0,0,1,0,0,0,0,0,0,0,68
TXN0006905,2024-03-19T10:39:00,78,M0051,Food,low,C00812,82,15,6818,0.1273,4397.55,wallet,Kotak,460361,10,1,0,0,0,0,0,0,0,1,1,1,0,66
TXN0006906,2024-03-19T19:01:00,78,M0164,Logistics,high,C00144,25,4,628,0.0275,3775.08,card,HDFC,519604,19,1,0,0,0,0,0,1,0,0,1,1,0,52
TXN0006907,2024-03-19T15:09:00,78,M0049,Services,mid,C00190,104,19,5367,0.0534,3158.23,card,HDFC,556792,15,1,0,0,0,0,1,0,0,0,1,1,0,34
TXN0006908,2024-03-19T05:22:00,78,M0060,Services,high,C00422,8,4,941,0.0724,3049.58,upi,Yes,528037,5,1,0,0,1,2,0,0,0,1,0,0,0,19
TXN0006909,2024-03-19T13:05:00,78,M0183,Retail,mid,C00215,256,18,4067,0.245,2849.46,netbanking,Canara,426525,13,1,0,0,0,0,0,0,0,0,0,0,0,12
TXN0006910,2024-03-19T20:55:00,78,M0150,Retail,mid,C00498,261,12,6545,0.1476,3094.11,upi,ICICI,432398,20,1,0,0,0,1,0,0,0,0,0,0,0,40
TXN0006911,2024-03-19T13:06:00,78,M0020,B2B,low,C00423,297,8,7325,0.0946,89500.14,card,Canara,521235,13,1,0,0,0,0,1,0,0,0,1,1,0,39
TXN0006912,2024-03-19T14:13:00,78,M0103,Services,low,C01432,91,8,2195,0.2033,7751.17,upi,Yes,432229,14,1,0,0,0,1,0,0,0,0,1,1,0,39
TXN0006913,2024-03-19T19:31:00,78,M0125,Retail,low,C01054,25,1,1125,0.0641,1638.14,upi,Kotak,553482,19,1,0,0,0,1,0,0,0,0,0,0,1,65
TXN0006914,2024-03-19T12:42:00,78,M0024,B2B,mid,C00417,187,5,1840,0.0718,42558.07,upi,HDFC,419888,12,1,0,1,0,0,0,0,0,0,1,1,0,35
TXN0006915,2024-03-19T20:54:00,78,M0160,Services,mid,C00880,231,19,7028,0.0694,5353.23,upi,HDFC,440806,20,1,0,0,0,0,0,0,0,0,0,0,0,64
TXN0006916,2024-03-19T21:56:00,78,M0007,Food,mid,C00154,270,10,5468,0.0633,4846.2,netbanking,Canara,520528,21,1,0,0,0,1,0,0,0,0,0,0,0,45
TXN0006917,2024-03-19T21:27:00,78,M0045,Food,high,C00177,65,7,4221,0.1108,650.4,upi,PNB,501480,21,1,0,0,0,1,0,0,0,0,0,0,0,57
TXN0006918,2024-03-19T16:26:00,78,M0001,Retail,high,C00093,16,3,624,0.0975,1963.52,upi,SBI,545797,16,1,0,0,0,0,0,0,0,0,0,0,0,67
TXN0006919,2024-03-20T17:11:00,79,M0133,SaaS,mid,C01482,942,74,9892,0.0683,7715.9,wallet,ICICI,430336,17,2,0,0,0,0,0,0,0,0,0,0,1,62
TXN0006920,2024-03-20T19:54:00,79,M0028,Retail,mid,C00668,824,82,12652,0.0095,5390.01,card,PNB,595949,19,2,0,0,0,0,0,0,0,1,0,0,0,50
TXN0006921,2024-03-20T18:29:00,79,M0019,Services,mid,C01488,807,73,14962,0.0496,26429.25,netbanking,Axis,410729,18,2,0,0,0,0,1,0,0,0,1,1,0,33
TXN0006922,2024-03-20T14:57:00,79,M0006,Food,low,C01037,264,15,2007,0.014,1045.12,netbanking,SBI,567199,14,2,0,0,0,1,0,1,0,0,1,1,0,61
TXN0006923,2024-03-20T12:54:00,79,M0040,SaaS,mid,C00909,174,15,1042,0.0534,1140.38,netbanking,Axis,579436,12,2,0,13,0,0,0,0,0,0,0,0,0,52
TXN0006924,2024-03-20T18:39:00,79,M0035,SaaS,mid,C01028,11,1,1241,0.1348,3850.46,card,Canara,448264,18,2,0,0,0,0,0,0,0,0,0,0,0,27
TXN0006925,2024-03-20T20:47:00,79,M0087,Logistics,mid,C00505,18,4,1607,0.0104,13809.92,upi,Axis,552682,20,2,0,0,0,0,0,0,0,0,1,1,0,61
TXN0006926,2024-03-20T07:23:00,79,M0096,Food,mid,C00513,906,52,16492,0.0021,4891.89,netbanking,Yes,490448,7,2,0,0,0,0,0,0,0,0,0,0,0,41
TXN0006927,2024-03-20T15:54:00,79,M0006,Food,low,C00280,751,106,20902,0.0051,5444.34,upi,SBI,530755,15,2,0,0,0,0,0,0,0,1,0,0,0,54
TXN0006928,2024-03-20T17:31:00,79,M0021,SaaS,mid,C01043,200,13,3135,0.0747,5619.26,wallet,Yes,558255,17,2,0,0,0,0,0,0,0,0,0,0,0,23
TXN0006929,2024-03-20T18:11:00,79,M0193,B2B,low,C00145,121,9,3386,0.0925,24868.79,wallet,PNB,545037,18,2,0,0,0,0,0,0,0,1,0,0,0,56
TXN0006930,2024-03-20T09:28:00,79,M0170,Logistics,mid,C01083,194,5,2367,0.1078,6586.39,netbanking,SBI,536758,9,2,0,0,0,0,1,0,0,0,0,1,1,49
TXN0006931,2024-03-20T04:22:00,79,M0038,B2B,mid,C00045,17,2,1127,0.1252,17375.91,netbanking,ICICI,456068,4,2,0,0,0,3,0,0,0,0,1,1,0,61
TXN0006932,2024-03-20T21:05:00,79,M0020,B2B,low,C00540,122,5,1344,0.0962,20248.31,upi,Kotak,470748,21,2,0,0,0,0,0,0,0,0,0,0,0,19
TXN0006933,2024-03-20T11:36:00,79,M0129,Services,low,C00875,184,5,7481,0.036,1784.77,card,PNB,457000,11,2,0,0,0,0,0,0,0,1,0,0,0,38
TXN0006934,2024-03-20T09:25:00,79,M0158,Retail,low,C01077,24,1,1382,0.0444,1927.81,upi,Yes,497084,9,2,0,0,0,0,0,0,0,0,0,0,1,47
TXN0006935,2024-03-20T14:39:00,79,M0186,B2B,mid,C01028,11,1,1241,0.1348,17557.23,wallet,Axis,520587,14,2,0,1,1,1,0,0,0,0,1,1,0,47
TXN0006936,2024-03-20T09:22:00,79,M0116,Services,low,C00217,967,119,16897,0.0128,4607.0,card,Axis,414600,9,2,0,0,0,1,0,0,0,0,0,0,0,65
TXN0006937,2024-03-20T11:13:00,79,M0128,B2B,high,C00516,902,103,23685,0.0193,24527.57,card,Axis,416099,11,2,0,0,0,0,0,0,0,0,0,0,1,17
TXN0006938,2024-03-20T22:32:00,79,M0079,Retail,high,C00190,104,19,5367,0.0534,6644.24,wallet,Canara,572199,22,2,0,0,0,1,0,0,0,0,0,0,0,62
TXN0006939,2024-03-20T14:44:00,79,M0110,Food,high,C01154,150,18,5285,0.0879,1665.78,upi,ICICI,438853,14,2,0,0,0,0,1,0,0,1,1,1,0,58
TXN0006940,2024-03-20T10:52:00,79,M0144,Retail,low,C00362,805,65,17714,0.0025,3374.66,netbanking,Canara,579515,10,2,0,7,0,2,0,0,0,0,0,0,0,50
TXN0006941,2024-03-20T19:20:00,79,M0111,Logistics,low,C01392,141,9,4275,0.1374,22826.06,upi,PNB,556647,19,2,0,0,0,0,0,0,0,1,0,0,0,13
TXN0006942,2024-03-20T04:20:00,79,M0017,B2B,low,C00384,5,4,1105,0.0554,29161.84,upi,Yes,527462,4,2,0,0,0,1,0,0,0,1,1,1,0,33
TXN0006943,2024-03-20T08:46:00,79,M0198,Food,mid,C01018,211,11,7939,0.0595,5409.5,wallet,SBI,479801,8,2,0,0,0,0,0,0,0,0,0,0,0,38
TXN0006944,2024-03-20T11:56:00,79,M0069,SaaS,high,C01287,12,3,723,0.0232,589.12,wallet,Canara,400156,11,2,0,0,0,0,0,0,0,0,0,0,0,64
TXN0006945,2024-03-20T18:21:00,79,M0144,Retail,low,C00482,125,11,1044,0.1372,3185.53,wallet,SBI,438743,18,2,0,0,0,1,0,0,0,0,1,1,0,49
TXN0006946,2024-03-20T09:08:00,79,M0085,SaaS,mid,C00281,123,14,1264,0.0655,679.44,netbanking,Axis,418022,9,2,0,0,0,0,0,0,0,0,0,0,0,31
TXN0006947,2024-03-20T13:07:00,79,M0066,Food,mid,C01489,138,17,6122,0.0641,1737.6,netbanking,Canara,520402,13,2,0,0,0,0,1,0,0,1,1,1,0,13
TXN0006948,2024-03-20T08:03:00,79,M0082,B2B,high,C01493,217,8,4914,0.0859,12033.59,card,HDFC,450083,8,2,0,0,0,0,0,0,0,0,0,0,0,36
TXN0006949,2024-03-20T11:45:00,79,M0176,SaaS,low,C00015,18,4,1887,0.0832,529.95,wallet,HDFC,408923,11,2,0,0,0,1,0,0,0,0,0,0,1,19
TXN0006950,2024-03-20T12:19:00,79,M0152,Retail,high,C00414,216,6,1095,0.0964,2472.21,card,Canara,513379,12,2,0,0,0,1,0,0,0,0,0,0,0,55
TXN0006951,2024-03-20T21:19:00,79,M0048,SaaS,mid,C00657,266,10,3140,0.067,1615.27,upi,HDFC,410296,21,2,0,0,0,0,0,0,0,0,0,0,0,41
TXN0006952,2024-03-20T08:14:00,79,M0081,Logistics,high,C01426,201,11,7965,0.1505,38992.93,wallet,ICICI,563340,8,2,0,0,0,0,1,0,0,1,1,1,0,28
TXN0006953,2024-03-20T17:00:00,79,M0040,SaaS,mid,C00020,162,12,2208,0.21,1939.81,card,ICICI,554296,17,2,0,0,0,0,0,0,0,0,0,0,0,52
TXN0006954,2024-03-20T11:13:00,79,M0006,Food,low,C01139,12,1,816,0.0541,796.8,wallet,ICICI,475762,11,2,0,0,0,2,0,0,0,1,0,0,1,34
TXN0006955,2024-03-20T11:39:00,79,M0177,Food,low,C01480,19,4,906,0.0555,358.59,upi,Yes,467820,11,2,0,0,0,1,0,1,0,0,1,1,0,50
TXN0006956,2024-03-20T20:53:00,79,M0124,Retail,low,C00677,22,3,664,0.2321,5305.96,card,Yes,487926,20,2,0,0,0,2,0,0,0,1,0,0,0,23
TXN0006957,2024-03-20T13:57:00,79,M0175,Food,low,C00754,16,4,1368,0.0617,1879.27,card,Axis,418332,13,2,0,0,0,0,0,0,0,0,0,0,1,28
TXN0006958,2024-03-20T12:51:00,79,M0140,Logistics,high,C01199,175,11,7389,0.0768,22020.33,wallet,ICICI,594862,12,2,0,0,0,1,1,0,0,0,1,1,0,63
TXN0006959,2024-03-20T14:17:00,79,M0046,SaaS,high,C01337,137,13,4759,0.0393,2701.68,card,ICICI,598263,14,2,0,0,0,1,0,0,0,0,0,0,0,42
TXN0006960,2024-03-20T19:03:00,79,M0099,B2B,low,C01418,16,4,1350,0.0837,17972.31,wallet,SBI,477291,19,2,0,0,0,0,0,0,0,0,0,0,0,12
TXN0006961,2024-03-20T14:54:00,79,M0166,SaaS,mid,C00220,162,19,2919,0.0824,2366.27,upi,HDFC,458938,14,2,0,0,0,0,0,0,0,1,0,0,0,47
TXN0006962,2024-03-20T10:20:00,79,M0171,Retail,low,C01490,5,4,570,0.0627,1988.77,netbanking,Kotak,509680,10,2,0,0,0,0,0,0,0,1,0,0,0,66
TXN0006963,2024-03-20T13:01:00,79,M0171,Retail,low,C00548,224,15,1904,0.043,2024.07,netbanking,Yes,495259,13,2,0,0,0,2,0,0,0,0,0,0,0,30
TXN0006964,2024-03-20T10:16:00,79,M0003,SaaS,low,C00990,18,3,1979,0.06,2134.93,wallet,Canara,593481,10,2,0,0,0,0,0,0,0,0,0,0,0,63
TXN0006965,2024-03-20T05:28:00,79,M0008,Retail,low,C00421,155,8,1375,0.2041,2090.48,netbanking,Axis,570019,5,2,0,0,0,0,0,0,0,0,0,0,0,61
TXN0006966,2024-03-20T09:03:00,79,M0006,Food,low,C01391,114,20,6475,0.0823,3481.87,upi,ICICI,462019,9,2,0,0,0,0,1,0,0,1,1,1,0,69
TXN0006967,2024-03-20T11:52:00,79,M0055,Services,mid,C00851,191,8,6786,0.0145,7947.06,card,HDFC,457272,11,2,0,11,0,1,0,0,1,0,0,0,1,34
TXN0006968,2024-03-20T06:06:00,79,M0143,Logistics,mid,C00373,259,5,2423,0.0326,9968.86,netbanking,ICICI,587913,6,2,0,0,0,0,0,0,0,0,0,0,0,51
TXN0006969,2024-03-20T06:51:00,79,M0035,SaaS,mid,C01209,15,4,790,0.0451,451.35,card,Kotak,534251,6,2,0,0,0,0,0,1,0,0,1,1,0,30
TXN0006970,2024-03-20T21:29:00,79,M0190,Services,low,C00536,12,4,1407,0.0616,3656.82,netbanking,ICICI,522832,21,2,0,0,0,1,0,0,0,0,0,0,0,22
TXN0006971,2024-03-20T20:51:00,79,M0016,Services,high,C00236,165,9,7902,0.1522,3948.17,netbanking,ICICI,468372,20,2,0,0,0,0,0,0,0,0,0,0,0,24
TXN0006972,2024-03-20T16:34:00,79,M0158,Retail,low,C00718,996,52,12606,0.0099,9866.18,upi,Canara,401463,16,2,0,6,0,0,0,0,0,0,0,0,0,20
TXN0006973,2024-03-20T15:00:00,79,M0049,Services,mid,C00318,944,112,4962,0.0793,3580.55,card,ICICI,516327,15,2,0,0,0,0,0,0,0,0,1,1,0,71
TXN0006974,2024-03-20T15:54:00,79,M0137,B2B,mid,C00807,97,5,3377,0.078,20325.7,upi,ICICI,492374,15,2,0,0,0,0,0,0,0,1,0,0,0,64
TXN0006975,2024-03-20T07:52:00,79,M0193,B2B,low,C00802,160,17,7837,0.0897,9154.16,card,SBI,498219,7,2,0,0,0,0,0,0,0,0,0,0,0,14
TXN0006976,2024-03-20T01:52:00,79,M0155,SaaS,mid,C01245,822,114,24591,0.0177,24667.61,netbanking,Yes,451301,1,2,0,0,0,0,0,0,0,1,1,1,0,17
TXN0006977,2024-03-20T09:42:00,79,M0182,Retail,high,C00634,92,8,4323,0.2108,2140.37,wallet,Axis,519132,9,2,0,0,0,0,0,0,0,0,0,0,0,20
TXN0006978,2024-03-20T19:03:00,79,M0151,Food,low,C01050,106,16,7603,0.1525,2371.41,card,HDFC,544493,19,2,0,0,0,1,0,0,0,0,0,0,0,62
TXN0006979,2024-03-20T18:36:00,79,M0047,Logistics,low,C01491,8,1,1214,0.0663,7311.27,card,Yes,520475,18,2,0,0,0,1,0,0,0,0,0,0,0,29
TXN0006980,2024-03-20T19:56:00,79,M0127,Food,low,C00252,212,15,4155,0.0065,4587.43,wallet,Canara,411498,19,2,0,0,0,0,0,0,0,0,0,0,0,66
TXN0006981,2024-03-20T16:24:00,79,M0065,B2B,high,C01033,8,1,749,0.0884,36471.01,card,Axis,587441,16,2,0,0,0,0,0,1,0,0,1,1,0,62
TXN0006982,2024-03-20T10:24:00,79,M0194,Retail,mid,C00870,18,4,667,0.0349,2485.4,netbanking,Canara,515072,10,2,0,0,0,0,0,0,0,1,0,0,1,21
TXN0006983,2024-03-20T15:55:00,79,M0128,B2B,high,C00485,260,20,2464,0.0804,14345.92,card,PNB,589009,15,2,0,0,0,0,1,0,0,0,1,1,0,55
TXN0006984,2024-03-20T11:05:00,79,M0074,Services,high,C01490,5,4,570,0.0627,1347.8,upi,Axis,514694,11,2,0,1,1,1,0,0,0,0,0,0,1,27
TXN0006985,2024-03-20T08:47:00,79,M0016,Services,high,C00937,921,82,21040,0.0016,10929.0,upi,Canara,583015,8,2,0,0,0,0,0,0,0,0,0,0,0,27
TXN0006986,2024-03-20T18:16:00,79,M0127,Food,low,C01402,178,14,1326,0.0337,1828.09,card,Axis,586111,18,2,0,13,0,1,0,0,0,1,0,0,0,18
TXN0006987,2024-03-20T19:18:00,79,M0094,SaaS,high,C01441,104,20,4111,0.0095,1783.63,card,ICICI,424471,19,2,0,0,0,0,0,0,0,1,0,0,0,34
TXN0006988,2024-03-20T01:18:00,79,M0051,Food,low,C00179,255,17,3997,0.1177,1265.44,wallet,Axis,560700,1,2,0,0,0,0,0,0,0,0,0,0,0,56
TXN0006989,2024-03-20T16:51:00,79,M0181,Food,high,C00305,112,9,5394,0.0518,4050.91,card,Kotak,443184,16,2,0,0,0,0,0,0,0,0,0,0,0,55
TXN0006990,2024-03-20T13:18:00,79,M0181,Food,high,C00395,123,12,6681,0.0316,9254.39,netbanking,Canara,522958,13,2,0,0,0,0,0,1,0,0,0,1,0,57
TXN0006991,2024-03-20T23:33:00,79,M0050,Logistics,high,C01304,94,10,6928,0.1232,14907.33,netbanking,SBI,538194,23,2,0,0,0,0,0,0,0,1,0,0,0,14
TXN0006992,2024-03-20T18:06:00,79,M0193,B2B,low,C00200,274,10,1297,0.0557,43667.94,netbanking,Axis,487047,18,2,0,0,0,0,1,0,0,0,1,1,0,23
TXN0006993,2024-03-20T13:40:00,79,M0055,Services,mid,C00967,289,8,4199,0.1297,13156.5,upi,Kotak,406876,13,2,0,0,0,0,0,0,0,0,1,1,0,27
TXN0006994,2024-03-20T07:00:00,79,M0056,Retail,low,C01275,228,18,5362,0.0179,6091.94,netbanking,ICICI,589517,7,2,0,0,0,0,0,0,0,1,0,0,0,42
TXN0006995,2024-03-20T21:43:00,79,M0137,B2B,mid,C00954,139,11,5116,0.1756,15334.71,wallet,Yes,484014,21,2,0,0,0,0,0,0,0,1,0,0,0,44
TXN0006996,2024-03-20T16:48:00,79,M0194,Retail,mid,C01023,277,12,6737,0.1289,1450.33,netbanking,PNB,497099,16,2,0,14,0,0,0,0,0,0,0,0,0,66
TXN0006997,2024-03-20T23:05:00,79,M0111,Logistics,low,C01152,17,2,1212,0.0396,9801.02,card,PNB,448063,23,2,0,8,0,1,0,0,0,0,0,0,1,65
TXN0006998,2024-03-20T21:59:00,79,M0070,Services,low,C01259,95,11,5481,0.2295,2045.16,wallet,SBI,511742,21,2,0,0,0,0,0,0,0,1,0,0,1,23
TXN0006999,2024-03-20T21:31:00,79,M0189,SaaS,mid,C00521,13,2,672,0.1413,1684.5,card,ICICI,588091,21,2,0,0,0,0,0,0,0,0,0,0,1,68
TXN0007000,2024-03-20T14:31:00,79,M0055,Services,mid,C00513,906,52,16492,0.0021,17982.9,wallet,HDFC,556285,14,2,0,0,1,1,0,0,0,1,0,0,0,41
TXN0007001,2024-03-20T13:20:00,79,M0191,Logistics,high,C00878,273,9,7241,0.0281,14630.6,card,PNB,478674,13,2,0,0,0,1,0,0,0,1,0,0,0,34
TXN0007002,2024-03-20T07:29:00,79,M0147,SaaS,mid,C00411,20,1,1342,0.0729,1503.47,wallet,Canara,458757,7,2,0,0,0,0,0,0,0,0,0,0,0,33
TXN0007003,2024-03-20T14:45:00,79,M0185,Food,high,C01069,740,66,8096,0.0128,4812.86,upi,Canara,488659,14,2,0,0,0,0,0,0,0,0,0,0,1,15
TXN0007004,2024-03-20T07:25:00,79,M0127,Food,low,C01246,908,101,5214,0.0008,2441.85,card,Axis,573063,7,2,0,10,0,0,0,0,0,1,0,0,0,41
TXN0007005,2024-03-20T09:21:00,79,M0012,Food,low,C01499,269,17,4703,0.0444,5883.82,card,PNB,438626,9,2,0,0,0,1,0,0,0,1,0,0,0,17
TXN0007006,2024-03-20T17:03:00,79,M0197,Food,low,C00711,292,16,1422,0.0271,1116.44,netbanking,SBI,521071,17,2,0,0,0,0,0,0,0,1,0,0,0,14
TXN0007007,2024-03-20T09:29:00,79,M0050,Logistics,high,C01063,16,2,1323,0.0664,9390.19,netbanking,Yes,543217,9,2,0,0,0,1,0,0,0,0,0,0,0,55
TXN0007008,2024-03-20T08:56:00,79,M0188,Logistics,mid,C00557,161,5,6949,0.0163,41630.88,netbanking,Axis,571128,8,2,0,0,0,1,0,0,0,1,1,1,0,59
TXN0007009,2024-03-20T12:01:00,79,M0009,Retail,low,C00912,124,12,1883,0.0678,1060.0,card,SBI,532000,12,2,0,0,0,0,0,0,0,0,0,0,0,71
TXN0007010,2024-03-20T13:18:00,79,M0145,SaaS,low,C01009,228,8,7015,0.0619,4705.6,netbanking,Yes,545768,13,2,0,0,0,1,1,0,0,1,1,1,0,15
TXN0007011,2024-03-20T14:56:00,79,M0090,Logistics,mid,C00102,143,17,5893,0.0911,11441.69,upi,PNB,432285,14,2,0,0,0,1,0,0,0,0,0,0,0,40
TXN0007012,2024-03-20T05:45:00,79,M0146,Food,mid,C00633,76,20,1924,0.0829,860.88,card,Kotak,510975,5,2,0,0,0,0,0,1,1,0,1,1,0,52
TXN0007013,2024-03-20T11:47:00,79,M0075,Retail,mid,C00800,21,2,1716,0.1505,3181.82,upi,PNB,557275,11,2,0,0,0,1,0,0,0,0,0,0,0,27
TXN0007014,2024-03-20T18:44:00,79,M0065,B2B,high,C01134,289,7,5087,0.0305,35404.45,netbanking,ICICI,408356,18,2,0,0,0,0,0,0,0,0,1,1,0,59
TXN0007015,2024-03-20T07:47:00,79,M0154,Retail,low,C00879,15,1,1779,0.1522,1414.87,upi,Kotak,573374,7,2,0,0,0,1,1,0,0,1,1,1,0,23
TXN0007016,2024-03-20T15:35:00,79,M0092,Food,low,C01459,135,16,1193,0.0681,1501.87,upi,ICICI,591800,15,2,0,0,0,0,0,0,0,0,0,0,0,34
TXN0007017,2024-03-21T15:29:00,80,M0108,Food,high,C00904,204,10,1535,0.1432,2400.22,upi,PNB,516762,15,3,0,0,0,1,0,0,0,0,0,0,0,70
TXN0007018,2024-03-21T17:08:00,80,M0161,Services,mid,C00979,877,53,10504,0.0387,5646.56,card,Canara,504194,17,3,0,0,0,1,0,0,0,1,0,0,0,62
TXN0007019,2024-03-21T18:41:00,80,M0082,B2B,high,C00079,234,12,5076,0.0979,6441.25,wallet,ICICI,531064,18,3,0,0,0,1,0,0,0,0,0,0,0,18
TXN0007020,2024-03-21T18:15:00,80,M0108,Food,high,C00674,731,115,19078,0.0133,10297.31,wallet,Canara,478248,18,3,0,0,0,0,0,0,0,1,1,1,0,51
TXN0007021,2024-03-21T12:09:00,80,M0138,Services,mid,C01172,822,88,3332,0.0419,7260.01,netbanking,Yes,547417,12,3,0,0,0,0,0,0,0,0,0,0,0,65
TXN0007022,2024-03-21T10:28:00,80,M0017,B2B,low,C01090,81,13,6915,0.0376,45428.9,upi,Axis,578964,10,3,0,0,0,0,0,0,0,0,1,1,0,35
TXN0007023,2024-03-21T05:18:00,80,M0133,SaaS,mid,C01031,20,3,1908,0.0954,814.34,netbanking,HDFC,487232,5,3,0,0,0,0,0,0,0,0,1,1,0,40
TXN0007024,2024-03-21T17:36:00,80,M0099,B2B,low,C00256,145,18,7680,0.1863,29511.68,upi,SBI,458869,17,3,0,0,0,1,0,0,0,1,1,1,0,25
TXN0007025,2024-03-21T15:16:00,80,M0151,Food,low,C01498,12,2,1312,0.0618,2497.93,card,Yes,504883,15,3,0,0,0,1,0,0,0,0,0,0,1,15
TXN0007026,2024-03-21T16:08:00,80,M0129,Services,low,C01219,19,3,1090,0.1517,1194.46,wallet,ICICI,490648,16,3,0,0,0,0,0,0,0,0,0,0,1,48
TXN0007027,2024-03-21T18:13:00,80,M0071,Retail,low,C01496,193,13,7225,0.0594,13732.6,netbanking,HDFC,576094,18,3,0,0,0,1,0,0,0,1,0,0,0,13
TXN0007028,2024-03-21T09:01:00,80,M0026,Retail,high,C00802,160,17,7837,0.0897,5018.34,netbanking,Canara,450080,9,3,0,0,0,1,0,0,0,0,0,0,0,25
TXN0007029,2024-03-21T07:49:00,80,M0119,Retail,high,C00800,21,2,1716,0.1505,1238.7,wallet,HDFC,443690,7,3,0,0,1,2,0,0,0,1,0,0,0,51
TXN0007030,2024-03-21T19:49:00,80,M0070,Services,low,C01031,20,3,1908,0.0954,2326.29,card,HDFC,522465,19,3,0,8,1,1,0,0,0,0,0,0,0,66
TXN0007031,2024-03-21T22:55:00,80,M0114,Logistics,mid,C00105,83,7,1763,0.0849,14343.37,upi,Kotak,486635,22,3,0,13,0,0,0,0,0,0,0,0,0,29
TXN0007032,2024-03-21T18:37:00,80,M0136,Logistics,mid,C00856,21,4,967,0.023,7283.92,wallet,HDFC,567773,18,3,0,0,0,1,0,0,0,0,0,0,1,21
TXN0007033,2024-03-21T11:50:00,80,M0134,Services,low,C00694,235,20,5075,0.0632,4624.5,upi,Kotak,449035,11,3,0,0,0,0,0,0,0,0,0,0,0,27
TXN0007034,2024-03-21T11:33:00,80,M0057,Food,high,C00040,183,19,4568,0.2166,2467.81,wallet,SBI,557067,11,3,0,0,0,0,0,1,0,1,1,1,0,31
TXN0007035,2024-03-21T15:36:00,80,M0176,SaaS,low,C00621,888,91,7695,0.0354,7217.21,netbanking,Canara,453533,15,3,0,0,0,0,1,0,1,1,1,1,0,52
TXN0007036,2024-03-21T19:05:00,80,M0155,SaaS,mid,C00382,183,7,3754,0.1617,1978.8,wallet,Yes,531074,19,3,0,0,0,0,0,0,0,0,0,0,0,45
TXN0007037,2024-03-21T16:55:00,80,M0151,Food,low,C00490,819,113,17384,0.0002,15478.05,upi,ICICI,439055,16,3,0,0,0,1,0,0,0,0,0,0,0,25
TXN0007038,2024-03-21T16:28:00,80,M0040,SaaS,mid,C00256,145,18,7680,0.1863,3843.32,card,Axis,442002,16,3,0,1,1,2,0,0,1,1,0,0,0,27
TXN0007039,2024-03-21T16:21:00,80,M0103,Services,low,C00822,175,15,6992,0.2517,8818.77,wallet,SBI,582482,16,3,0,0,0,0,0,0,0,0,0,0,0,23
TXN0007040,2024-03-21T08:24:00,80,M0118,Retail,mid,C00560,15,4,854,0.0782,2979.81,wallet,PNB,439759,8,3,0,0,0,0,0,0,0,1,0,0,1,61
TXN0007041,2024-03-21T20:13:00,80,M0087,Logistics,mid,C00830,18,3,1664,0.0177,4125.44,upi,HDFC,416909,20,3,0,0,0,0,0,0,0,0,0,0,1,29
TXN0007042,2024-03-21T18:02:00,80,M0064,Food,high,C00405,14,3,1450,0.0132,529.73,wallet,SBI,420070,18,3,0,0,0,0,0,0,0,0,0,0,0,30
TXN0007043,2024-03-21T19:25:00,80,M0120,Food,low,C00861,1000,68,16236,0.0134,3804.01,card,Kotak,403221,19,3,0,0,0,0,0,0,0,0,0,0,0,71
TXN0007044,2024-03-21T04:47:00,80,M0182,Retail,high,C00583,15,2,1989,0.0074,1544.41,wallet,PNB,430585,4,3,0,0,0,0,1,0,0,0,1,1,0,41
TXN0007045,2024-03-21T19:00:00,80,M0108,Food,high,C01117,9,1,1001,0.0185,307.88,card,HDFC,556836,19,3,0,0,0,1,0,0,0,1,0,0,0,20
TXN0007046,2024-03-21T09:01:00,80,M0133,SaaS,mid,C01101,22,3,1785,0.1531,2908.93,upi,PNB,469989,9,3,0,0,0,1,0,0,0,0,0,0,0,13
TXN0007047,2024-03-21T05:30:00,80,M0138,Services,mid,C00375,745,80,15204,0.0135,12367.04,netbanking,Axis,475587,5,3,0,0,0,0,0,0,0,1,0,1,0,46
TXN0007048,2024-03-21T11:46:00,80,M0187,SaaS,high,C00159,9,3,1315,0.0747,972.94,wallet,PNB,548968,11,3,0,0,0,0,0,1,0,1,0,1,1,15
TXN0007049,2024-03-21T10:41:00,80,M0188,Logistics,mid,C01185,768,103,17260,0.0082,16642.17,netbanking,HDFC,588980,10,3,0,0,0,0,0,0,0,0,0,0,0,46
TXN0007050,2024-03-21T18:46:00,80,M0097,Services,low,C01279,17,4,987,0.2452,2493.9,wallet,Canara,427428,18,3,0,0,0,0,0,0,0,0,0,0,1,56
TXN0007051,2024-03-21T18:47:00,80,M0020,B2B,low,C00064,69,19,1721,0.0594,35171.77,upi,Axis,572329,18,3,0,0,0,0,0,0,0,1,0,1,0,68
TXN0007052,2024-03-21T10:06:00,80,M0191,Logistics,high,C01003,891,80,14836,0.0225,14667.89,card,Kotak,498829,10,3,0,11,0,1,0,0,1,1,0,0,0,70
TXN0007053,2024-03-21T11:54:00,80,M0122,Retail,low,C01425,25,4,1901,0.0218,2163.08,card,Axis,402216,11,3,0,0,0,0,0,0,0,0,0,0,0,39
TXN0007054,2024-03-21T18:15:00,80,M0049,Services,mid,C01184,214,11,5319,0.0395,4275.92,netbanking,SBI,557914,18,3,0,0,0,1,0,0,0,1,0,0,0,60
TXN0007055,2024-03-21T21:42:00,80,M0089,Food,low,C00621,888,91,7695,0.0354,1774.35,netbanking,SBI,522334,21,3,0,0,1,1,0,0,0,1,0,0,0,26
TXN0007056,2024-03-21T11:37:00,80,M0008,Retail,low,C00586,214,20,6832,0.1332,1622.16,card,HDFC,481138,11,3,0,0,0,0,0,0,0,0,0,0,0,53
TXN0007057,2024-03-21T22:08:00,80,M0115,Services,high,C00304,220,18,4469,0.1126,5071.95,upi,HDFC,438602,22,3,0,0,0,0,0,1,0,0,1,1,0,48
TXN0007058,2024-03-21T21:47:00,80,M0010,SaaS,high,C01348,868,116,13563,0.0197,6554.33,upi,PNB,423363,21,3,0,0,0,1,0,0,0,1,0,0,0,67
TXN0007059,2024-03-21T08:45:00,80,M0117,SaaS,low,C00667,24,2,1269,0.1222,1647.4,card,Kotak,489259,8,3,0,0,0,1,1,1,0,0,1,1,0,55
TXN0007060,2024-03-21T14:29:00,80,M0122,Retail,low,C01096,246,10,6304,0.0403,2925.11,netbanking,ICICI,465232,14,3,0,0,0,0,0,0,0,0,0,0,0,32
TXN0007061,2024-03-21T11:10:00,80,M0037,Retail,mid,C00466,11,3,1294,0.1314,4791.16,upi,Axis,405059,11,3,0,1,0,0,0,0,0,0,1,1,0,62
TXN0007062,2024-03-21T18:13:00,80,M0160,Services,mid,C00846,300,16,7520,0.1088,3659.01,netbanking,ICICI,503940,18,3,0,0,0,0,0,0,0,0,0,0,0,52
TXN0007063,2024-03-21T09:50:00,80,M0008,Retail,low,C01475,230,11,7307,0.1466,4429.26,netbanking,HDFC,510228,9,3,0,0,0,0,0,0,0,0,0,0,0,56
TXN0007064,2024-03-21T20:54:00,80,M0032,Food,low,C00843,25,4,1469,0.0275,698.63,netbanking,HDFC,423387,20,3,0,0,0,0,0,0,0,0,0,0,0,20
TXN0007065,2024-03-21T14:56:00,80,M0157,SaaS,mid,C01130,848,77,24437,0.0028,9994.64,netbanking,Yes,553406,14,3,0,0,0,1,0,0,0,0,0,0,0,63
TXN0007066,2024-03-21T11:34:00,80,M0006,Food,low,C01203,13,3,700,0.0223,1042.43,wallet,Yes,559806,11,3,0,0,0,0,1,0,0,1,0,1,0,30
TXN0007067,2024-03-21T20:19:00,80,M0194,Retail,mid,C00479,950,116,16784,0.0125,6598.98,netbanking,HDFC,481634,20,3,0,0,0,0,0,0,0,0,0,0,0,69
TXN0007068,2024-03-21T08:40:00,80,M0193,B2B,low,C00286,272,12,7237,0.0316,54806.88,upi,Kotak,565023,8,3,0,0,0,2,1,0,0,0,1,1,0,13
TXN0007069,2024-03-21T10:04:00,80,M0127,Food,low,C01074,6,4,1334,0.1,357.27,card,Yes,510926,10,3,0,0,0,0,1,0,0,0,1,1,0,60
TXN0007070,2024-03-21T14:53:00,80,M0137,B2B,mid,C00477,21,4,806,0.0824,10342.38,upi,Axis,579894,14,3,0,0,0,0,0,0,0,0,0,0,1,57
TXN0007071,2024-03-21T19:47:00,80,M0069,SaaS,high,C00764,925,91,8004,0.0068,4681.77,card,ICICI,496808,19,3,0,0,0,0,0,0,0,0,0,0,0,32
TXN0007072,2024-03-21T19:49:00,80,M0122,Retail,low,C01003,891,80,14836,0.0225,7301.37,upi,PNB,405623,19,3,0,0,1,2,0,0,0,0,0,0,0,65
TXN0007073,2024-03-21T15:42:00,80,M0058,B2B,low,C00134,24,2,1976,0.0714,36917.89,card,Kotak,585760,15,3,0,0,0,0,0,0,0,1,0,1,1,71
TXN0007074,2024-03-21T19:08:00,80,M0021,SaaS,mid,C01281,736,65,13056,0.0178,3455.17,card,Axis,411686,19,3,0,0,0,1,0,0,0,0,0,0,0,61
TXN0007075,2024-03-21T18:14:00,80,M0180,Food,low,C00190,104,19,5367,0.0534,842.91,netbanking,HDFC,464415,18,3,0,0,1,2,0,0,0,0,0,0,1,66
TXN0007076,2024-03-21T09:27:00,80,M0094,SaaS,high,C00786,74,7,3571,0.0818,1079.86,upi,Kotak,553192,9,3,0,0,0,0,0,0,0,1,0,0,0,42
TXN0007077,2024-03-21T23:01:00,80,M0181,Food,high,C00817,276,9,2012,0.075,1211.7,wallet,Yes,459249,23,3,0,0,0,2,0,0,0,0,0,0,0,59
TXN0007078,2024-03-21T10:57:00,80,M0172,Food,mid,C00024,184,12,3249,0.0951,3850.29,netbanking,Axis,547865,10,3,0,0,0,0,0,0,0,0,0,0,0,34
TXN0007079,2024-03-21T14:42:00,80,M0117,SaaS,low,C00594,111,19,1738,0.0355,2386.67,wallet,ICICI,558246,14,3,0,0,0,0,0,0,0,0,0,0,0,49
TXN0007080,2024-03-21T06:24:00,80,M0191,Logistics,high,C01162,25,4,605,0.233,8663.5,netbanking,Axis,598127,6,3,0,0,0,0,0,0,0,0,0,0,0,27
TXN0007081,2024-03-21T08:02:00,80,M0063,SaaS,high,C00752,85,5,5332,0.0525,1722.03,netbanking,ICICI,459272,8,3,0,0,0,0,0,0,0,1,0,0,0,69
TXN0007082,2024-03-21T04:48:00,80,M0077,Services,high,C00433,25,4,986,0.0824,4389.43,upi,ICICI,587459,4,3,0,0,0,0,0,0,0,0,0,0,1,42
TXN0007083,2024-03-21T04:52:00,80,M0181,Food,high,C01113,181,9,1902,0.0152,2829.86,card,Canara,466780,4,3,0,0,0,0,0,0,0,0,1,1,0,37
TXN0007084,2024-03-21T21:36:00,80,M0122,Retail,low,C00628,6,1,1373,0.0525,617.13,upi,HDFC,584828,21,3,0,0,0,0,1,0,0,0,1,1,0,37
TXN0007085,2024-03-21T11:51:00,80,M0164,Logistics,high,C00072,298,15,2545,0.0745,11260.3,wallet,SBI,582456,11,3,0,6,0,2,0,0,0,1,0,0,0,42
TXN0007086,2024-03-21T16:50:00,80,M0167,SaaS,low,C00547,197,17,2555,0.0928,1639.49,wallet,PNB,453092,16,3,0,0,0,0,0,0,0,0,0,0,0,50
TXN0007087,2024-03-21T05:07:00,80,M0186,B2B,mid,C00137,101,11,7563,0.169,14188.28,card,SBI,506495,5,3,0,0,0,0,0,0,0,0,1,1,0,37
TXN0007088,2024-03-21T18:01:00,80,M0035,SaaS,mid,C00817,276,9,2012,0.075,3334.82,netbanking,Axis,435276,18,3,0,1,1,3,1,0,0,0,1,1,0,25
TXN0007089,2024-03-21T15:21:00,80,M0142,Retail,mid,C01035,242,10,4320,0.0826,2890.52,wallet,PNB,573986,15,3,0,0,0,0,0,0,0,1,0,0,0,15
TXN0007090,2024-03-21T19:48:00,80,M0155,SaaS,mid,C00948,163,14,3671,0.0629,4699.7,upi,Canara,521377,19,3,0,0,0,1,0,0,0,1,0,0,0,69
TXN0007091,2024-03-21T02:51:00,80,M0012,Food,low,C00002,22,2,1057,0.0607,1306.04,wallet,SBI,593671,2,3,0,0,0,0,0,0,0,0,0,0,0,72
TXN0007092,2024-03-21T18:42:00,80,M0041,B2B,low,C00007,283,18,6084,0.1851,68141.45,wallet,Axis,400871,18,3,0,0,0,0,1,0,0,0,1,1,0,59
TXN0007093,2024-03-21T21:00:00,80,M0167,SaaS,low,C00152,16,4,1319,0.1659,1690.38,card,ICICI,433057,21,3,0,0,0,0,0,0,0,1,0,0,1,47
TXN0007094,2024-03-21T16:57:00,80,M0129,Services,low,C00758,105,5,6522,0.0926,3370.54,wallet,Axis,437423,16,3,0,0,0,2,0,0,0,1,0,0,0,37
TXN0007095,2024-03-21T06:04:00,80,M0131,Logistics,high,C00248,151,17,4537,0.044,12993.86,upi,SBI,568685,6,3,0,0,0,1,1,0,0,1,1,1,0,44
TXN0007096,2024-03-21T15:24:00,80,M0161,Services,mid,C01185,768,103,17260,0.0082,18078.18,card,Yes,400683,15,3,0,0,1,1,1,0,0,0,1,1,0,23
TXN0007097,2024-03-21T15:00:00,80,M0091,Logistics,high,C00243,1000,55,10528,0.0039,14747.42,card,Canara,517989,15,3,0,0,0,0,0,0,0,0,0,0,0,62
TXN0007098,2024-03-21T12:25:00,80,M0124,Retail,low,C01087,13,1,850,0.0532,1458.03,wallet,HDFC,403808,12,3,0,0,0,0,0,0,0,0,0,0,0,37
TXN0007099,2024-03-21T12:58:00,80,M0190,Services,low,C00442,734,64,24919,0.0094,7611.21,netbanking,Canara,454079,12,3,0,0,0,0,0,1,0,1,1,1,0,27
TXN0007100,2024-03-21T09:43:00,80,M0070,Services,low,C00548,224,15,1904,0.043,3449.06,card,Canara,406955,9,3,0,0,1,3,0,0,0,0,0,0,0,34
TXN0007101,2024-03-21T21:26:00,80,M0042,Logistics,mid,C00635,196,19,4283,0.129,14237.4,wallet,Canara,492346,21,3,0,12,0,1,0,0,0,0,0,0,0,34
TXN0007102,2024-03-21T07:35:00,80,M0151,Food,low,C00454,11,3,933,0.0749,519.08,upi,Axis,558439,7,3,0,0,0,0,0,1,0,0,1,1,0,31
TXN0007103,2024-03-21T18:07:00,80,M0139,Logistics,low,C00021,21,4,602,0.1356,7265.37,wallet,Kotak,458998,18,3,0,0,0,0,0,0,0,0,0,0,1,20
TXN0007104,2024-03-21T15:58:00,80,M0045,Food,high,C01013,873,78,11441,0.016,6295.13,wallet,HDFC,538266,15,3,0,0,0,0,0,0,0,1,0,0,0,34
TXN0007105,2024-03-21T20:56:00,80,M0012,Food,low,C00497,964,108,22229,0.0384,20758.65,card,ICICI,414193,20,3,0,0,0,0,0,0,0,0,1,1,0,51
TXN0007106,2024-03-21T19:18:00,80,M0176,SaaS,low,C01134,289,7,5087,0.0305,5371.0,upi,Canara,598126,19,3,0,0,0,1,0,0,0,0,0,0,0,52
TXN0007107,2024-03-21T10:22:00,80,M0177,Food,low,C00792,275,6,6658,0.0466,7533.03,card,Axis,492783,10,3,0,0,0,0,0,0,0,0,0,0,0,49
TXN0007108,2024-03-21T22:24:00,80,M0035,SaaS,mid,C00481,9,3,1477,0.2252,1083.8,upi,Axis,401423,22,3,0,0,0,0,0,0,0,1,0,0,0,70
TXN0007109,2024-03-22T07:21:00,81,M0183,Retail,mid,C00543,202,16,7598,0.0093,15145.34,netbanking,HDFC,458256,7,4,0,0,0,0,0,0,0,0,0,0,0,67
TXN0007110,2024-03-22T19:22:00,81,M0167,SaaS,low,C00250,152,8,1749,0.0053,3610.55,wallet,Axis,511766,19,4,0,0,0,0,0,0,0,0,1,1,0,19
TXN0007111,2024-03-22T04:20:00,81,M0163,Logistics,high,C01472,807,92,5392,0.0039,8994.32,card,ICICI,568226,4,4,0,10,0,0,0,0,0,0,0,1,0,64
TXN0007112,2024-03-22T14:00:00,81,M0164,Logistics,high,C00482,125,11,1044,0.1372,11541.67,upi,Kotak,452996,14,4,0,0,0,1,0,0,0,1,0,0,0,45
TXN0007113,2024-03-22T17:08:00,81,M0113,Services,high,C01141,8,4,1387,0.0482,1930.13,card,Kotak,434420,17,4,0,0,0,1,0,0,0,1,0,0,1,14
TXN0007114,2024-03-22T21:42:00,81,M0060,Services,high,C00996,298,17,6726,0.0867,6614.84,wallet,Canara,440288,21,4,0,0,0,0,0,0,0,0,0,0,1,67
TXN0007115,2024-03-22T09:23:00,81,M0089,Food,low,C01434,25,1,1438,0.0566,822.01,card,HDFC,554680,9,4,0,0,0,0,0,0,0,0,0,0,1,65
TXN0007116,2024-03-22T23:04:00,81,M0135,Retail,low,C01053,172,16,7541,0.0741,4287.49,upi,HDFC,521062,23,4,0,0,0,0,0,0,0,0,0,0,0,54
TXN0007117,2024-03-22T08:13:00,81,M0090,Logistics,mid,C00621,888,91,7695,0.0354,8762.19,netbanking,SBI,543162,8,4,0,0,2,2,0,0,0,0,1,1,0,30
TXN0007118,2024-03-22T09:02:00,81,M0027,Services,high,C00648,18,1,1683,0.0793,3507.42,netbanking,SBI,527312,9,4,0,0,0,0,0,0,0,0,0,0,0,49
TXN0007119,2024-03-22T11:55:00,81,M0078,B2B,high,C01406,854,117,21647,0.0155,15699.29,wallet,Kotak,433154,11,4,0,0,0,0,0,0,0,0,0,0,0,31
TXN0007120,2024-03-22T15:25:00,81,M0139,Logistics,low,C00186,244,6,5780,0.0759,14667.91,wallet,PNB,470078,15,4,0,1,0,0,0,0,0,0,1,1,0,33
TXN0007121,2024-03-22T20:10:00,81,M0025,Food,mid,C00557,161,5,6949,0.0163,6235.86,netbanking,Kotak,565027,20,4,0,0,0,1,0,0,0,0,0,0,0,49
TXN0007122,2024-03-22T11:40:00,81,M0012,Food,low,C00628,6,1,1373,0.0525,948.51,wallet,HDFC,409210,11,4,0,0,1,1,0,0,0,0,0,0,1,15
TXN0007123,2024-03-22T05:36:00,81,M0188,Logistics,mid,C00808,20,2,1162,0.047,6473.42,wallet,Kotak,489620,5,4,0,0,0,0,0,1,0,1,1,1,0,32
TXN0007124,2024-03-22T09:53:00,81,M0120,Food,low,C00190,104,19,5367,0.0534,1359.88,upi,Canara,431068,9,4,0,12,1,3,0,0,0,0,0,0,0,17
TXN0007125,2024-03-22T20:24:00,81,M0089,Food,low,C00786,74,7,3571,0.0818,2095.09,wallet,Canara,438333,20,4,0,0,0,1,0,0,0,0,0,0,0,70
TXN0007126,2024-03-22T09:15:00,81,M0118,Retail,mid,C00093,16,3,624,0.0975,1409.05,card,PNB,427362,9,4,0,14,0,1,0,0,0,0,0,0,0,61
TXN0007127,2024-03-22T10:38:00,81,M0071,Retail,low,C00641,110,11,6582,0.129,5714.2,upi,HDFC,465196,10,4,0,0,0,1,0,0,0,1,0,0,0,60
TXN0007128,2024-03-22T10:05:00,81,M0171,Retail,low,C01283,80,13,5999,0.1048,4828.38,card,PNB,487034,10,4,0,0,0,0,1,0,0,0,1,1,0,69
TXN0007129,2024-03-22T02:51:00,81,M0100,Retail,low,C00001,266,5,6471,0.1662,2794.07,wallet,HDFC,512579,2,4,0,0,0,0,0,0,0,0,1,1,0,30
TXN0007130,2024-03-22T00:54:00,81,M0026,Retail,high,C01132,288,17,2958,0.0648,1186.98,wallet,ICICI,497166,0,4,0,0,0,0,0,0,0,0,0,0,0,45
TXN0007131,2024-03-22T23:06:00,81,M0118,Retail,mid,C00300,215,14,7381,0.2502,4977.15,card,Yes,484832,23,4,0,0,0,1,0,0,0,0,0,0,0,48
TXN0007132,2024-03-22T14:40:00,81,M0190,Services,low,C00723,133,10,2436,0.1886,4352.32,wallet,Kotak,472032,14,4,0,0,0,1,0,0,0,1,1,1,0,29
TXN0007133,2024-03-22T16:48:00,81,M0170,Logistics,mid,C01193,262,17,3211,0.1334,9018.9,card,Yes,528948,16,4,0,14,0,0,0,0,0,0,0,0,0,37
TXN0007134,2024-03-22T03:15:00,81,M0051,Food,low,C00229,11,1,1480,0.1655,726.4,netbanking,PNB,561741,3,4,0,0,0,1,0,0,0,0,1,1,0,28
TXN0007135,2024-03-22T18:27:00,81,M0005,Logistics,high,C01483,8,4,533,0.0062,11311.24,card,Canara,541722,18,4,0,0,0,1,0,0,0,0,1,1,0,35
TXN0007136,2024-03-22T15:58:00,81,M0012,Food,low,C01104,912,59,23175,0.0085,17887.46,netbanking,Yes,428716,15,4,0,0,0,0,0,0,0,0,0,0,0,62
TXN0007137,2024-03-22T09:38:00,81,M0191,Logistics,high,C00900,793,109,15139,0.0533,39220.61,upi,PNB,445544,9,4,0,0,0,0,0,0,0,0,1,1,0,56
TXN0007138,2024-03-22T16:12:00,81,M0106,Services,high,C00635,196,19,4283,0.129,2713.08,card,Yes,557275,16,4,0,11,1,1,0,0,0,0,0,0,0,57
TXN0007139,2024-03-22T16:34:00,81,M0159,Services,low,C00879,15,1,1779,0.1522,4330.89,wallet,Axis,572514,16,4,0,0,0,1,0,0,0,0,0,0,0,72
TXN0007140,2024-03-22T16:20:00,81,M0140,Logistics,high,C01155,18,3,1937,0.0906,4298.98,wallet,ICICI,561278,16,4,0,14,0,1,0,0,0,0,0,0,0,57
TXN0007141,2024-03-22T07:58:00,81,M0124,Retail,low,C00572,739,98,22103,0.0447,3942.72,card,Yes,420976,7,4,0,0,0,0,0,0,0,0,0,0,0,52
TXN0007142,2024-03-22T18:03:00,81,M0186,B2B,mid,C00193,299,13,3357,0.0334,22461.44,netbanking,Yes,511070,18,4,0,0,0,1,0,0,0,0,1,1,0,25
TXN0007143,2024-03-22T11:19:00,81,M0006,Food,low,C00701,19,4,1356,0.0281,1574.16,netbanking,Axis,517786,11,4,0,0,0,0,0,0,0,0,0,0,1,58
TXN0007144,2024-03-22T18:09:00,81,M0147,SaaS,mid,C01427,9,3,632,0.0787,399.9,wallet,Kotak,413109,18,4,0,0,0,0,0,0,0,0,0,0,1,30
TXN0007145,2024-03-22T12:00:00,81,M0074,Services,high,C00163,25,2,1240,0.1129,2636.47,card,ICICI,401874,12,4,0,0,0,0,0,0,0,1,0,0,0,33
TXN0007146,2024-03-22T14:44:00,81,M0110,Food,high,C01176,13,4,908,0.0867,583.06,upi,HDFC,452298,14,4,0,0,0,0,0,0,0,1,0,0,0,33
TXN0007147,2024-03-22T16:45:00,81,M0093,SaaS,mid,C01428,178,8,7583,0.1156,5519.28,upi,Axis,470279,16,4,0,0,0,1,0,0,0,0,0,0,1,20
TXN0007148,2024-03-22T15:17:00,81,M0070,Services,low,C00543,202,16,7598,0.0093,2519.74,card,ICICI,534833,15,4,0,0,1,1,0,0,0,0,0,0,0,26
TXN0007149,2024-03-22T17:37:00,81,M0033,Logistics,low,C01440,21,3,1571,0.0698,7533.59,netbanking,HDFC,538814,17,4,0,0,0,0,0,0,0,0,0,0,0,46
TXN0007150,2024-03-22T15:38:00,81,M0044,Logistics,low,C00734,20,3,635,0.1512,16047.63,card,HDFC,550287,15,4,0,0,0,0,0,0,0,1,0,0,0,17
TXN0007151,2024-03-22T12:34:00,81,M0143,Logistics,mid,C00933,21,4,928,0.1246,3100.86,netbanking,Yes,553963,12,4,0,0,0,0,0,0,0,1,0,0,1,59
TXN0007152,2024-03-22T16:05:00,81,M0175,Food,low,C00341,65,9,5805,0.1874,4629.12,card,ICICI,585795,16,4,0,0,0,0,0,0,0,0,0,0,1,46
TXN0007153,2024-03-22T06:07:00,81,M0083,B2B,low,C00729,83,15,1450,0.1125,20457.84,wallet,Axis,565925,6,4,0,0,0,0,0,0,0,0,0,0,0,30
TXN0007154,2024-03-22T07:37:00,81,M0121,Food,low,C00848,982,88,10691,0.0038,8480.0,card,SBI,549017,7,4,0,0,0,0,0,0,0,0,0,0,0,53
TXN0007155,2024-03-22T06:53:00,81,M0159,Services,low,C00863,773,54,20610,0.0073,12664.6,netbanking,SBI,499771,6,4,0,0,0,0,0,0,0,0,0,0,0,38
TXN0007156,2024-03-22T13:04:00,81,M0123,Logistics,high,C00565,261,17,2212,0.0312,13774.17,wallet,Canara,491225,13,4,0,14,0,1,0,0,0,0,0,0,0,21
TXN0007157,2024-03-22T14:35:00,81,M0086,Retail,high,C00312,117,15,3033,0.0879,3839.02,upi,HDFC,430783,14,4,0,11,0,1,0,0,0,0,0,0,0,32
TXN0007158,2024-03-22T13:39:00,81,M0056,Retail,low,C00475,116,18,5922,0.0285,1975.1,netbanking,SBI,431820,13,4,0,0,0,0,0,0,0,1,0,0,0,35
TXN0007159,2024-03-22T12:46:00,81,M0130,Food,low,C00237,75,20,6400,0.086,5237.28,upi,SBI,500977,12,4,0,0,0,1,0,0,0,0,0,0,0,16
TXN0007160,2024-03-22T09:21:00,81,M0079,Retail,high,C00670,6,4,1295,0.065,4158.85,upi,ICICI,514462,9,4,0,0,0,0,0,0,0,0,0,0,1,15
TXN0007161,2024-03-22T10:10:00,81,M0189,SaaS,mid,C00278,116,14,1267,0.0687,1370.99,upi,Axis,495170,10,4,0,0,0,0,0,0,0,0,0,0,0,40
TXN0007162,2024-03-22T20:06:00,81,M0040,SaaS,mid,C01362,246,18,2751,0.1251,3524.66,card,SBI,457625,20,4,0,0,0,1,0,0,0,0,0,0,0,14
TXN0007163,2024-03-22T18:06:00,81,M0033,Logistics,low,C00803,10,1,1321,0.1485,12912.45,netbanking,Canara,501590,18,4,0,0,0,0,0,0,0,1,0,0,1,33
TXN0007164,2024-03-22T13:08:00,81,M0159,Services,low,C00352,777,93,22465,0.0638,5262.18,netbanking,SBI,584419,13,4,0,0,0,0,0,0,0,0,0,0,0,51
TXN0007165,2024-03-22T05:05:00,81,M0103,Services,low,C00804,23,1,528,0.1041,2358.32,card,PNB,448674,5,4,0,0,0,2,0,0,0,0,1,1,0,57
TXN0007166,2024-03-22T10:56:00,81,M0032,Food,low,C00279,256,20,5503,0.1075,16387.97,wallet,Yes,493097,10,4,0,0,0,0,0,0,0,0,0,0,0,17
TXN0007167,2024-03-22T19:03:00,81,M0091,Logistics,high,C00426,215,12,3241,0.083,22544.07,upi,Kotak,579416,19,4,0,0,0,0,0,0,0,0,0,0,0,24
TXN0007168,2024-03-22T10:32:00,81,M0190,Services,low,C01353,870,86,16964,0.0187,16948.82,upi,HDFC,487894,10,4,0,0,0,0,0,0,0,0,0,0,0,17
TXN0007169,2024-03-22T07:15:00,81,M0145,SaaS,low,C00849,21,1,630,0.0762,1588.42,wallet,Yes,524314,7,4,0,0,0,0,0,0,0,0,1,1,0,45
TXN0007170,2024-03-22T15:02:00,81,M0127,Food,low,C00470,118,7,5215,0.1511,4278.09,wallet,PNB,528070,15,4,0,0,0,1,0,0,0,0,0,0,0,46
TXN0007171,2024-03-22T07:07:00,81,M0016,Services,high,C00824,11,2,1295,0.1478,2603.48,wallet,Kotak,458507,7,4,0,0,0,1,1,0,0,0,0,1,1,26
TXN0007172,2024-03-22T23:03:00,81,M0112,Logistics,mid,C00411,20,1,1342,0.0729,4372.63,netbanking,SBI,467908,23,4,0,0,0,1,0,0,0,0,1,1,0,36
TXN0007173,2024-03-22T17:21:00,81,M0022,Retail,low,C01469,18,1,1532,0.1089,1167.08,wallet,PNB,484538,17,4,0,0,0,2,0,0,0,1,0,0,0,44
TXN0007174,2024-03-22T13:26:00,81,M0087,Logistics,mid,C00833,176,19,6110,0.0399,11437.43,wallet,Canara,513377,13,4,0,0,0,0,0,0,0,0,0,0,0,36
TXN0007175,2024-03-22T10:29:00,81,M0095,Food,low,C01116,73,8,6429,0.1022,4911.72,upi,Axis,493097,10,4,0,0,0,0,0,0,0,0,1,1,0,59
TXN0007176,2024-03-22T15:13:00,81,M0126,B2B,low,C00941,8,1,1237,0.0191,6417.58,wallet,SBI,455759,15,4,0,0,0,1,0,0,0,0,0,0,1,70
TXN0007177,2024-03-22T02:17:00,81,M0062,B2B,low,C00198,25,4,1477,0.1421,26242.88,netbanking,PNB,514445,2,4,0,0,0,0,0,0,0,0,1,1,0,67
TXN0007178,2024-03-22T08:15:00,81,M0151,Food,low,C00286,272,12,7237,0.0316,6466.33,netbanking,Axis,401957,8,4,0,0,1,3,1,0,0,0,1,1,0,46
TXN0007179,2024-03-22T20:12:00,81,M0197,Food,low,C00397,20,3,885,0.0456,663.56,wallet,PNB,513134,20,4,0,0,0,0,0,0,0,0,0,0,0,40
TXN0007180,2024-03-22T22:40:00,81,M0158,Retail,low,C00681,6,3,1976,0.0131,3420.47,upi,PNB,448424,22,4,0,1,0,1,0,0,0,0,1,1,0,15
TXN0007181,2024-03-22T16:01:00,81,M0030,B2B,high,C00333,64,17,7405,0.1213,31386.8,card,Axis,519737,16,4,0,0,0,0,0,0,0,0,1,1,0,69
TXN0007182,2024-03-22T16:16:00,81,M0078,B2B,high,C00306,139,18,6979,0.0673,45800.72,netbanking,Yes,421078,16,4,0,0,0,1,0,0,0,0,0,1,1,47
TXN0007183,2024-03-22T15:15:00,81,M0051,Food,low,C01333,70,10,3319,0.0482,1900.89,netbanking,Kotak,473580,15,4,0,0,0,1,0,0,0,1,0,0,0,28
TXN0007184,2024-03-22T09:12:00,81,M0008,Retail,low,C00622,93,11,6935,0.0169,3207.35,netbanking,SBI,545945,9,4,0,0,0,0,0,0,0,0,0,0,0,32
TXN0007185,2024-03-22T17:59:00,81,M0118,Retail,mid,C00932,108,14,7468,0.0324,3090.69,upi,HDFC,532704,17,4,0,0,0,0,0,0,0,0,0,0,0,54
TXN0007186,2024-03-22T16:41:00,81,M0137,B2B,mid,C00378,11,3,1834,0.062,36545.7,netbanking,Kotak,431881,16,4,0,0,0,0,0,1,0,0,1,1,0,51
TXN0007187,2024-03-22T10:25:00,81,M0010,SaaS,high,C00607,277,15,3127,0.1046,2991.84,wallet,ICICI,481944,10,4,0,0,0,1,0,1,0,0,1,1,0,59
TXN0007188,2024-03-22T18:42:00,81,M0074,Services,high,C01160,13,3,1349,0.0094,1472.78,upi,Axis,539793,18,4,0,7,0,0,0,0,0,1,0,0,1,43
TXN0007189,2024-03-22T18:23:00,81,M0134,Services,low,C00757,18,3,1376,0.032,695.82,card,Axis,504303,18,4,0,6,0,1,0,0,0,0,0,0,0,27
TXN0007190,2024-03-22T06:55:00,81,M0026,Retail,high,C00830,18,3,1664,0.0177,4994.0,upi,Yes,480769,6,4,0,0,1,1,0,0,0,0,0,0,1,45
TXN0007191,2024-03-22T11:25:00,81,M0109,Services,low,C00601,218,11,1400,0.0448,3259.88,card,Axis,528628,11,4,0,0,0,0,0,0,0,0,0,0,0,44
TXN0007192,2024-03-22T07:11:00,81,M0051,Food,low,C00249,12,1,668,0.0436,1963.39,upi,Canara,401791,7,4,0,0,0,3,0,0,0,1,0,0,1,50
TXN0007193,2024-03-22T08:35:00,81,M0199,SaaS,mid,C00017,816,60,12299,0.0135,11435.91,upi,HDFC,593684,8,4,0,0,0,0,0,0,0,1,0,0,0,62
TXN0007194,2024-03-22T16:50:00,81,M0110,Food,high,C00392,15,2,1141,0.0684,733.74,netbanking,SBI,553185,16,4,0,0,0,1,1,0,0,0,1,1,0,69
TXN0007195,2024-03-22T13:12:00,81,M0078,B2B,high,C00384,5,4,1105,0.0554,19061.62,card,PNB,439709,13,4,0,0,0,2,0,0,0,0,0,0,1,72
TXN0007196,2024-03-22T22:10:00,81,M0114,Logistics,mid,C01355,92,17,3704,0.1002,2314.41,wallet,ICICI,435084,22,4,0,0,0,1,0,0,0,0,0,0,0,15
TXN0007197,2024-03-22T20:30:00,81,M0088,Food,low,C01203,13,3,700,0.0223,896.48,upi,Yes,457925,20,4,0,0,0,1,0,0,0,1,0,0,0,42
TXN0007198,2024-03-22T19:04:00,81,M0199,SaaS,mid,C00367,165,13,4137,0.1283,1205.63,wallet,Axis,576529,19,4,0,0,0,0,0,0,0,1,0,0,0,14
TXN0007199,2024-03-23T18:14:00,82,M0028,Retail,mid,C01420,162,18,3883,0.1507,4789.68,card,Canara,471323,18,5,1,0,0,0,1,0,0,0,1,1,0,71
TXN0007200,2024-03-23T20:29:00,82,M0015,Services,low,C00457,92,12,1819,0.0688,4332.86,card,Yes,496618,20,5,1,0,0,0,0,0,0,0,0,0,0,35
TXN0007201,2024-03-23T11:56:00,82,M0055,Services,mid,C01364,5,3,568,0.1317,458.93,card,ICICI,513825,11,5,1,0,0,0,0,0,0,0,0,0,0,12
TXN0007202,2024-03-23T20:35:00,82,M0169,Food,low,C01118,9,3,1462,0.0622,1309.1,card,Axis,585344,20,5,1,0,0,1,0,1,0,0,0,1,1,29
TXN0007203,2024-03-23T10:00:00,82,M0110,Food,high,C00761,187,13,7265,0.1654,4078.14,wallet,ICICI,456389,10,5,1,0,0,0,0,0,0,1,0,0,0,61
TXN0007204,2024-03-23T09:13:00,82,M0109,Services,low,C00091,198,18,5811,0.0763,1570.15,netbanking,Axis,589963,9,5,1,0,0,0,0,0,0,1,0,0,0,24
TXN0007205,2024-03-23T02:58:00,82,M0026,Retail,high,C01172,822,88,3332,0.0419,1627.81,upi,Kotak,494196,2,5,1,0,0,1,0,0,0,0,1,1,0,30
TXN0007206,2024-03-23T19:28:00,82,M0089,Food,low,C00786,74,7,3571,0.0818,1930.75,upi,ICICI,487609,19,5,1,0,1,2,0,0,0,0,0,0,0,56
TXN0007207,2024-03-23T17:41:00,82,M0115,Services,high,C01477,9,3,641,0.0741,1237.13,wallet,HDFC,509348,17,5,1,0,0,0,0,0,0,1,0,0,0,71
TXN0007208,2024-03-23T13:55:00,82,M0012,Food,low,C00552,270,13,5333,0.0504,2265.38,card,Kotak,597576,13,5,1,0,0,0,0,0,0,0,0,0,0,70
TXN0007209,2024-03-23T17:27:00,82,M0043,Logistics,high,C00882,253,6,5671,0.095,18726.0,netbanking,HDFC,511793,17,5,1,0,0,1,0,0,0,1,0,0,0,61
TXN0007210,2024-03-23T12:40:00,82,M0101,Food,low,C01314,82,9,3281,0.0539,3067.21,netbanking,SBI,445448,12,5,1,0,0,0,0,0,0,0,0,0,0,18
TXN0007211,2024-03-23T16:49:00,82,M0088,Food,low,C00986,197,9,5528,0.1525,7065.42,card,Yes,472362,16,5,1,0,0,0,0,0,0,1,0,0,0,61
TXN0007212,2024-03-23T18:28:00,82,M0138,Services,mid,C00107,756,86,22674,0.0092,7869.63,upi,ICICI,421613,18,5,1,0,0,0,0,0,0,0,0,0,0,14
TXN0007213,2024-03-23T18:21:00,82,M0081,Logistics,high,C00903,25,4,727,0.0815,3340.38,card,Axis,538749,18,5,1,0,0,0,0,0,0,0,0,0,0,23
TXN0007214,2024-03-23T12:52:00,82,M0172,Food,mid,C00065,198,19,4385,0.0174,1329.65,netbanking,HDFC,538498,12,5,1,0,0,0,0,0,0,0,0,0,0,19
TXN0007215,2024-03-23T18:41:00,82,M0072,SaaS,high,C00980,292,12,7565,0.1281,8742.86,upi,Axis,407559,18,5,1,0,0,0,0,0,0,1,0,0,0,51
TXN0007216,2024-03-23T11:56:00,82,M0011,Food,low,C00157,67,9,7952,0.0952,3582.45,netbanking,PNB,526846,11,5,1,0,0,1,0,0,1,0,0,0,0,37
TXN0007217,2024-03-23T07:17:00,82,M0070,Services,low,C00184,241,14,4890,0.1259,4354.23,upi,HDFC,571510,7,5,1,0,0,0,0,0,0,1,0,0,0,18
TXN0007218,2024-03-23T05:54:00,82,M0108,Food,high,C01071,123,9,6974,0.0782,5026.25,netbanking,PNB,434381,5,5,1,0,0,0,0,0,0,0,0,0,0,66
TXN0007219,2024-03-23T08:14:00,82,M0008,Retail,low,C00515,925,86,18196,0.0233,15089.56,netbanking,SBI,513764,8,5,1,0,0,0,0,1,0,1,1,1,0,54
TXN0007220,2024-03-23T17:47:00,82,M0148,SaaS,mid,C00666,124,11,1278,0.1892,574.33,netbanking,PNB,491991,17,5,1,0,0,0,0,0,0,0,1,1,0,64
TXN0007221,2024-03-23T16:07:00,82,M0134,Services,low,C00244,71,7,6606,0.0884,4490.7,upi,PNB,561273,16,5,1,0,0,0,1,0,0,1,1,1,0,62
TXN0007222,2024-03-23T11:27:00,82,M0060,Services,high,C01332,12,1,573,0.2078,1770.72,upi,Yes,432806,11,5,1,0,0,0,0,0,0,0,0,0,0,29
TXN0007223,2024-03-23T22:01:00,82,M0165,Services,low,C01488,807,73,14962,0.0496,6166.31,netbanking,Axis,423311,22,5,1,0,0,1,0,0,0,0,0,0,0,70
TXN0007224,2024-03-23T08:45:00,82,M0035,SaaS,mid,C01024,136,10,1176,0.0902,1314.09,netbanking,ICICI,451762,8,5,1,0,0,1,0,0,0,0,0,0,0,17
TXN0007225,2024-03-23T09:40:00,82,M0047,Logistics,low,C01378,23,4,818,0.0869,15910.33,card,Canara,403692,9,5,1,0,0,0,0,0,0,0,1,1,0,27
TXN0007226,2024-03-23T22:52:00,82,M0181,Food,high,C00680,76,14,5093,0.1005,4930.53,netbanking,Axis,587383,22,5,1,8,0,0,0,0,0,0,0,0,0,33
TXN0007227,2024-03-23T14:35:00,82,M0006,Food,low,C01158,19,4,734,0.057,614.8,upi,HDFC,572670,14,5,1,0,0,0,0,0,0,0,0,0,0,23
TXN0007228,2024-03-23T01:25:00,82,M0000,Logistics,low,C00859,229,9,5706,0.017,6116.18,netbanking,SBI,531575,1,5,1,0,0,0,0,0,0,0,0,0,0,54
TXN0007229,2024-03-23T00:09:00,82,M0141,Logistics,low,C00291,19,1,1376,0.0577,5764.73,card,Canara,582080,0,5,1,0,0,2,0,0,0,0,0,0,0,30
TXN0007230,2024-03-23T17:35:00,82,M0146,Food,mid,C01188,22,1,1190,0.1683,1192.24,card,SBI,495983,17,5,1,0,0,0,0,0,0,1,0,0,1,45
TXN0007231,2024-03-23T10:46:00,82,M0054,Retail,mid,C01490,5,4,570,0.0627,692.98,card,PNB,534714,10,5,1,0,0,2,0,0,0,0,0,0,1,39
TXN0007232,2024-03-23T09:25:00,82,M0176,SaaS,low,C00145,121,9,3386,0.0925,2402.77,card,ICICI,585641,9,5,1,0,0,1,1,0,0,0,0,1,0,66
TXN0007233,2024-03-23T13:28:00,82,M0090,Logistics,mid,C01154,150,18,5285,0.0879,24484.24,wallet,ICICI,542903,13,5,1,0,0,1,0,0,0,0,0,0,1,23
TXN0007234,2024-03-23T14:50:00,82,M0085,SaaS,mid,C01059,819,59,15027,0.0351,3540.6,upi,Kotak,402182,14,5,1,0,0,0,0,0,0,0,0,0,0,46
TXN0007235,2024-03-23T10:02:00,82,M0145,SaaS,low,C00400,99,11,6695,0.0759,1234.5,netbanking,Axis,470052,10,5,1,11,0,0,0,0,0,0,0,0,0,48
TXN0007236,2024-03-23T23:03:00,82,M0067,Food,mid,C01061,20,3,1042,0.0431,1300.8,wallet,Canara,492842,23,5,1,0,0,1,0,0,0,0,0,0,0,68
TXN0007237,2024-03-23T11:30:00,82,M0075,Retail,mid,C00473,288,9,1458,0.0375,755.3,card,ICICI,433313,11,5,1,0,0,0,0,0,0,1,0,0,0,24
TXN0007238,2024-03-23T05:31:00,82,M0091,Logistics,high,C00680,76,14,5093,0.1005,14502.57,wallet,Kotak,474779,5,5,1,1,1,1,1,0,0,0,1,1,0,12
TXN0007239,2024-03-23T19:06:00,82,M0123,Logistics,high,C01177,162,11,3048,0.0283,20008.23,upi,Canara,415637,19,5,1,0,0,1,0,0,0,0,0,0,0,14
TXN0007240,2024-03-23T16:33:00,82,M0126,B2B,low,C00043,285,13,5553,0.0103,37463.49,card,ICICI,427980,16,5,1,0,0,0,0,0,0,0,1,1,0,30
TXN0007241,2024-03-23T18:46:00,82,M0131,Logistics,high,C00078,122,18,5636,0.166,9548.74,netbanking,ICICI,599363,18,5,1,0,0,0,1,0,0,0,0,1,1,41
TXN0007242,2024-03-23T12:33:00,82,M0104,Food,low,C00920,209,9,2207,0.097,1049.68,wallet,SBI,561167,12,5,1,0,0,1,0,0,0,0,0,0,0,51
TXN0007243,2024-03-23T13:42:00,82,M0081,Logistics,high,C00481,9,3,1477,0.2252,12140.14,upi,Kotak,430913,13,5,1,0,0,1,1,0,0,1,1,1,0,27
TXN0007244,2024-03-23T06:02:00,82,M0103,Services,low,C00351,767,93,8574,0.0491,7106.1,wallet,Canara,404290,6,5,1,0,0,0,0,0,0,0,0,0,0,72
TXN0007245,2024-03-23T14:10:00,82,M0188,Logistics,mid,C01457,175,14,4484,0.2094,3562.73,wallet,PNB,471816,14,5,1,9,0,0,0,0,0,0,0,0,0,45
TXN0007246,2024-03-23T08:16:00,82,M0188,Logistics,mid,C00735,294,9,2632,0.0396,15182.84,netbanking,SBI,579999,8,5,1,0,0,0,0,0,0,1,1,1,0,69
TXN0007247,2024-03-23T12:00:00,82,M0166,SaaS,mid,C00730,110,5,1684,0.0888,897.33,upi,HDFC,426715,12,5,1,13,0,1,0,0,0,1,0,0,0,20
TXN0007248,2024-03-23T00:42:00,82,M0063,SaaS,high,C00159,9,3,1315,0.0747,1697.39,upi,ICICI,521223,0,5,1,0,0,1,0,0,0,0,1,1,0,36
TXN0007249,2024-03-23T23:34:00,82,M0148,SaaS,mid,C00074,19,1,1979,0.0283,438.94,wallet,PNB,566155,23,5,1,0,0,0,0,0,0,1,0,0,0,55
TXN0007250,2024-03-23T19:15:00,82,M0164,Logistics,high,C00845,903,109,7297,0.0375,12100.27,wallet,PNB,476282,19,5,1,0,0,0,0,0,0,1,0,0,1,42
TXN0007251,2024-03-23T16:17:00,82,M0111,Logistics,low,C00795,954,90,24116,0.0144,37361.75,card,ICICI,522328,16,5,1,0,0,0,0,0,0,0,1,1,0,69
TXN0007252,2024-03-23T11:26:00,82,M0143,Logistics,mid,C00848,982,88,10691,0.0038,15103.98,card,Yes,536699,11,5,1,0,0,1,0,0,0,0,0,0,0,51
TXN0007253,2024-03-23T16:04:00,82,M0167,SaaS,low,C00276,281,16,1078,0.0943,1467.11,wallet,PNB,565861,16,5,1,0,0,0,0,0,0,0,0,0,0,26
TXN0007254,2024-03-23T21:05:00,82,M0075,Retail,mid,C00944,180,9,4256,0.0575,3031.74,card,PNB,461541,21,5,1,0,0,0,0,0,0,1,0,0,0,51
TXN0007255,2024-03-23T14:32:00,82,M0113,Services,high,C01495,123,12,3053,0.0454,6553.76,card,SBI,505528,14,5,1,0,0,1,0,0,0,1,0,0,0,35
TXN0007256,2024-03-23T07:45:00,82,M0039,Logistics,mid,C00861,1000,68,16236,0.0134,18837.09,wallet,HDFC,458828,7,5,1,0,0,1,0,0,0,0,1,1,0,38
TXN0007257,2024-03-23T03:27:00,82,M0168,Food,high,C00870,18,4,667,0.0349,1741.86,upi,PNB,444447,3,5,1,0,0,1,0,0,0,0,1,1,0,49
TXN0007258,2024-03-23T11:12:00,82,M0042,Logistics,mid,C01442,13,1,1831,0.0407,6973.25,upi,HDFC,449171,11,5,1,0,0,1,0,0,0,0,1,1,0,16
TXN0007259,2024-03-23T11:36:00,82,M0165,Services,low,C01050,106,16,7603,0.1525,3672.46,upi,Yes,430091,11,5,1,0,0,2,0,0,0,0,0,0,0,67
TXN0007260,2024-03-23T13:48:00,82,M0008,Retail,low,C00488,73,10,4187,0.0391,4513.9,netbanking,Axis,401477,13,5,1,0,0,0,0,0,1,1,0,0,0,71
TXN0007261,2024-03-23T16:51:00,82,M0113,Services,high,C00158,205,6,5956,0.039,3369.54,card,HDFC,470047,16,5,1,0,0,0,0,0,0,0,0,0,0,61
TXN0007262,2024-03-23T11:32:00,82,M0074,Services,high,C00902,20,3,575,0.048,3813.29,netbanking,HDFC,519916,11,5,1,0,0,0,0,0,0,0,0,0,0,20
TXN0007263,2024-03-23T14:37:00,82,M0138,Services,mid,C01436,16,3,1961,0.0725,5573.83,netbanking,HDFC,530739,14,5,1,0,0,0,1,0,0,1,1,1,0,12
TXN0007264,2024-03-23T16:27:00,82,M0003,SaaS,low,C00649,917,54,4240,0.0152,4387.09,upi,Yes,526903,16,5,1,0,0,0,0,0,0,1,0,0,0,48
TXN0007265,2024-03-23T09:54:00,82,M0124,Retail,low,C00090,885,113,6805,0.0021,5220.12,wallet,Kotak,484529,9,5,1,0,0,0,0,0,0,0,0,0,0,13
TXN0007266,2024-03-23T19:44:00,82,M0153,Food,low,C00926,78,16,1245,0.1055,614.65,netbanking,ICICI,598975,19,5,1,0,0,0,0,0,1,1,0,0,0,24
TXN0007267,2024-03-23T18:10:00,82,M0148,SaaS,mid,C00170,24,3,1654,0.0234,2933.01,wallet,HDFC,402308,18,5,1,0,0,0,0,0,0,1,0,0,0,43
TXN0007268,2024-03-23T00:09:00,82,M0113,Services,high,C01143,141,6,5924,0.2209,7439.09,upi,ICICI,577082,0,5,1,0,0,0,0,0,0,1,0,0,0,64
TXN0007269,2024-03-23T03:08:00,82,M0153,Food,low,C00459,61,15,3016,0.1617,2273.39,card,Yes,450196,3,5,1,0,0,0,0,0,0,0,0,0,0,25
TXN0007270,2024-03-23T11:15:00,82,M0088,Food,low,C00257,237,11,4924,0.0529,1484.1,card,ICICI,549896,11,5,1,0,0,0,0,0,0,1,0,0,0,35
TXN0007271,2024-03-23T11:56:00,82,M0150,Retail,mid,C01050,106,16,7603,0.1525,4963.9,wallet,SBI,499004,11,5,1,1,1,3,0,0,0,1,0,0,0,57
TXN0007272,2024-03-23T21:34:00,82,M0197,Food,low,C00518,19,3,1702,0.1195,774.86,netbanking,SBI,425788,21,5,1,0,0,0,0,0,0,0,0,0,0,21
TXN0007273,2024-03-23T09:23:00,82,M0072,SaaS,high,C00566,81,17,5110,0.0665,1928.96,card,Axis,532919,9,5,1,12,0,0,0,0,1,0,0,0,0,43
TXN0007274,2024-03-23T20:48:00,82,M0154,Retail,low,C00647,25,4,1433,0.0659,5528.4,wallet,Axis,472762,20,5,1,0,0,0,0,0,0,0,0,0,1,44
TXN0007275,2024-03-23T08:35:00,82,M0088,Food,low,C01270,194,13,3612,0.2041,4626.37,card,PNB,408308,8,5,1,0,0,0,0,0,0,1,0,0,0,66
TXN0007276,2024-03-23T08:38:00,82,M0119,Retail,high,C00173,100,19,4404,0.0825,5036.86,card,ICICI,577881,8,5,1,0,0,0,0,1,0,0,1,1,0,68
TXN0007277,2024-03-23T08:35:00,82,M0040,SaaS,mid,C00070,765,85,16596,0.0072,4653.92,wallet,Canara,537217,8,5,1,0,0,0,0,0,0,1,0,0,0,22
TXN0007278,2024-03-23T19:36:00,82,M0151,Food,low,C00328,25,4,763,0.0207,564.32,netbanking,PNB,463764,19,5,1,0,0,0,0,0,0,0,0,0,0,55
TXN0007279,2024-03-23T09:47:00,82,M0179,Services,low,C01361,202,18,6341,0.0707,4263.07,upi,Axis,555828,9,5,1,0,0,0,0,0,0,0,0,0,0,13
TXN0007280,2024-03-23T22:08:00,82,M0075,Retail,mid,C00615,233,15,5548,0.0875,6113.04,wallet,Axis,559352,22,5,1,0,0,0,1,0,0,0,1,1,0,30
TXN0007281,2024-03-23T10:15:00,82,M0108,Food,high,C01098,21,2,1988,0.0213,1356.57,card,SBI,488034,10,5,1,0,0,0,0,1,0,1,1,1,0,28
TXN0007282,2024-03-23T15:43:00,82,M0034,Retail,high,C00856,21,4,967,0.023,3218.57,wallet,SBI,521064,15,5,1,0,0,2,0,0,0,0,0,0,0,14
TXN0007283,2024-03-23T09:40:00,82,M0161,Services,mid,C00388,901,61,10282,0.0078,39229.01,upi,SBI,512945,9,5,1,10,0,0,0,0,0,0,0,1,0,70
TXN0007284,2024-03-23T09:03:00,82,M0167,SaaS,low,C00598,256,19,3365,0.1542,2496.07,netbanking,Kotak,562751,9,5,1,0,0,0,0,0,0,0,0,0,0,43
TXN0007285,2024-03-23T21:10:00,82,M0147,SaaS,mid,C01306,119,14,5041,0.0461,4056.25,upi,Kotak,498619,21,5,1,0,0,1,0,0,0,1,0,0,0,12
TXN0007286,2024-03-23T10:19:00,82,M0176,SaaS,low,C00106,22,3,1872,0.0279,282.71,wallet,Kotak,510261,10,5,1,0,0,1,0,0,0,1,0,0,0,47
TXN0007287,2024-03-23T20:21:00,82,M0008,Retail,low,C00501,292,11,5087,0.1788,3307.49,upi,PNB,403778,20,5,1,0,0,0,0,0,0,1,0,0,0,44
TXN0007288,2024-03-24T07:21:00,83,M0095,Food,low,C00641,110,11,6582,0.129,1968.89,netbanking,Canara,537775,7,6,1,0,0,1,1,0,0,1,0,1,1,67
TXN0007289,2024-03-24T12:19:00,83,M0025,Food,mid,C00601,218,11,1400,0.0448,766.03,wallet,Kotak,502722,12,6,1,0,0,1,0,0,0,0,0,0,0,25
TXN0007290,2024-03-24T11:13:00,83,M0074,Services,high,C01303,959,102,23671,0.0101,25232.6,upi,Axis,414100,11,6,1,0,0,0,0,0,0,1,1,1,0,16
TXN0007291,2024-03-24T11:06:00,83,M0050,Logistics,high,C00011,15,3,642,0.1639,4735.08,upi,HDFC,567826,11,6,1,0,0,0,0,0,0,0,0,0,0,14
TXN0007292,2024-03-24T10:35:00,83,M0111,Logistics,low,C01176,13,4,908,0.0867,5022.15,netbanking,Axis,586661,10,6,1,0,0,1,0,0,0,0,0,0,1,42
TXN0007293,2024-03-24T11:21:00,83,M0128,B2B,high,C01427,9,3,632,0.0787,67522.42,wallet,HDFC,509413,11,6,1,0,0,1,0,0,0,0,1,1,0,35
TXN0007294,2024-03-24T13:18:00,83,M0010,SaaS,high,C01416,206,7,6172,0.1246,3345.99,wallet,HDFC,523847,13,6,1,0,0,0,0,0,0,0,0,0,0,61
TXN0007295,2024-03-24T13:11:00,83,M0010,SaaS,high,C00208,9,4,813,0.0891,1089.58,wallet,SBI,430875,13,6,1,0,0,0,0,0,0,1,0,0,1,69
TXN0007296,2024-03-24T02:38:00,83,M0079,Retail,high,C00346,23,1,1516,0.0407,1133.18,wallet,Kotak,403430,2,6,1,0,0,0,0,0,0,0,1,1,0,23
TXN0007297,2024-03-24T08:41:00,83,M0048,SaaS,mid,C01063,16,2,1323,0.0664,3329.51,netbanking,PNB,455115,8,6,1,0,0,1,0,0,0,1,0,0,0,20
TXN0007298,2024-03-24T15:34:00,83,M0062,B2B,low,C01026,84,9,3649,0.1314,56860.55,wallet,ICICI,569223,15,6,1,0,0,0,0,0,0,0,1,1,0,63
TXN0007299,2024-03-24T23:14:00,83,M0040,SaaS,mid,C01462,24,4,621,0.0321,396.44,netbanking,ICICI,455919,23,6,1,0,0,0,0,0,0,0,0,0,1,37
TXN0007300,2024-03-24T16:48:00,83,M0067,Food,mid,C00643,761,97,20985,0.0702,17013.99,upi,ICICI,436726,16,6,1,0,0,0,0,0,0,0,0,0,0,33
TXN0007301,2024-03-24T10:42:00,83,M0038,B2B,mid,C00135,132,19,2916,0.0791,6098.91,upi,Canara,476310,10,6,1,0,0,0,0,0,0,1,0,0,0,22
TXN0007302,2024-03-24T22:11:00,83,M0125,Retail,low,C00630,19,2,690,0.1924,1070.09,netbanking,SBI,570992,22,6,1,0,0,0,0,0,0,0,1,1,0,39
TXN0007303,2024-03-24T20:30:00,83,M0135,Retail,low,C00532,185,11,3626,0.1331,5524.74,card,ICICI,511689,20,6,1,11,0,0,0,0,0,0,0,0,0,36
TXN0007304,2024-03-24T16:41:00,83,M0060,Services,high,C00871,21,4,1704,0.0778,4043.18,wallet,HDFC,477584,16,6,1,0,0,0,0,0,0,0,0,0,0,21
TXN0007305,2024-03-24T21:40:00,83,M0078,B2B,high,C01025,160,7,5324,0.1057,150286.08,wallet,ICICI,590849,21,6,1,0,0,0,0,0,0,0,1,1,0,21
TXN0007306,2024-03-24T12:05:00,83,M0082,B2B,high,C00045,17,2,1127,0.1252,18178.05,wallet,Kotak,447717,12,6,1,0,0,1,0,0,0,1,0,0,1,23
TXN0007307,2024-03-24T19:39:00,83,M0042,Logistics,mid,C01178,209,14,2357,0.1801,6757.39,netbanking,PNB,532247,19,6,1,0,0,0,0,0,0,1,0,0,0,33
TXN0007308,2024-03-24T14:36:00,83,M0007,Food,mid,C00650,236,7,2163,0.1174,2530.75,card,Yes,591455,14,6,1,0,0,0,1,0,0,0,1,1,0,71
TXN0007309,2024-03-24T15:18:00,83,M0164,Logistics,high,C00771,123,12,6309,0.0529,9594.9,card,HDFC,588065,15,6,1,0,0,0,0,0,0,1,0,0,0,12
TXN0007310,2024-03-24T09:15:00,83,M0169,Food,low,C00975,145,5,5985,0.0929,3825.83,upi,Axis,446527,9,6,1,0,0,0,1,0,0,0,0,1,1,48
TXN0007311,2024-03-24T19:45:00,83,M0164,Logistics,high,C00543,202,16,7598,0.0093,7987.57,wallet,HDFC,508283,19,6,1,10,0,2,1,0,0,0,0,1,1,26
TXN0007312,2024-03-24T11:56:00,83,M0042,Logistics,mid,C01359,892,117,5562,0.035,8170.6,netbanking,SBI,449819,11,6,1,14,0,0,0,0,0,0,0,0,0,55
TXN0007313,2024-03-24T12:22:00,83,M0090,Logistics,mid,C00462,163,11,1300,0.0846,8937.01,card,Yes,598586,12,6,1,0,0,0,0,0,0,1,0,0,0,20
TXN0007314,2024-03-24T06:36:00,83,M0025,Food,mid,C00688,102,19,2995,0.0255,907.06,wallet,Axis,404662,6,6,1,0,0,0,0,0,0,0,0,0,0,57
TXN0007315,2024-03-24T11:16:00,83,M0157,SaaS,mid,C01234,278,9,3464,0.0809,1533.19,upi,Yes,505341,11,6,1,0,0,0,0,0,0,1,0,0,0,51
TXN0007316,2024-03-24T19:08:00,83,M0161,Services,mid,C00393,255,7,2060,0.1223,3349.01,upi,Kotak,534684,19,6,1,0,0,0,1,0,0,1,1,1,0,41
TXN0007317,2024-03-24T08:56:00,83,M0068,B2B,low,C00923,237,15,7979,0.1001,58571.88,netbanking,Canara,537750,8,6,1,0,0,0,0,0,0,0,1,1,0,23
TXN0007318,2024-03-24T01:21:00,83,M0069,SaaS,high,C00186,244,6,5780,0.0759,2623.87,netbanking,SBI,461461,1,6,1,0,0,1,0,0,0,0,1,1,0,54
TXN0007319,2024-03-24T15:19:00,83,M0115,Services,high,C01189,130,15,7174,0.0537,2355.13,wallet,SBI,452879,15,6,1,0,0,0,0,0,0,0,0,0,0,13
TXN0007320,2024-03-24T19:09:00,83,M0021,SaaS,mid,C00629,174,16,3559,0.0527,1150.27,netbanking,SBI,442344,19,6,1,0,0,0,0,0,0,1,0,0,0,57
TXN0007321,2024-03-24T09:20:00,83,M0196,Retail,low,C00378,11,3,1834,0.062,4529.3,netbanking,SBI,497076,9,6,1,0,0,1,0,0,0,0,1,1,0,61
TXN0007322,2024-03-24T08:55:00,83,M0102,Retail,high,C00507,22,3,985,0.0587,1831.1,netbanking,PNB,599800,8,6,1,0,0,0,0,0,0,1,0,0,0,50
TXN0007323,2024-03-24T00:09:00,83,M0060,Services,high,C01390,12,2,1902,0.1392,2996.83,netbanking,Kotak,556946,0,6,1,11,0,0,0,0,0,1,0,0,0,67
TXN0007324,2024-03-24T16:56:00,83,M0141,Logistics,low,C00014,91,14,5154,0.0628,17549.24,wallet,SBI,424307,16,6,1,0,0,0,0,0,0,0,0,0,0,48
TXN0007325,2024-03-24T21:24:00,83,M0066,Food,mid,C00910,845,104,5439,0.0542,3948.46,card,Yes,552058,21,6,1,0,0,0,0,0,0,1,0,0,0,43
TXN0007326,2024-03-24T18:38:00,83,M0037,Retail,mid,C01072,856,104,9501,0.0112,4029.63,upi,HDFC,470938,18,6,1,0,0,0,0,0,0,0,0,0,0,21
TXN0007327,2024-03-24T15:41:00,83,M0139,Logistics,low,C01196,22,2,1850,0.1106,17258.41,netbanking,Yes,547371,15,6,1,0,0,0,0,0,0,0,0,0,0,35
TXN0007328,2024-03-24T05:03:00,83,M0105,SaaS,high,C00463,23,3,774,0.0897,1425.34,card,Kotak,416175,5,6,1,0,0,0,0,0,0,0,0,0,0,56
TXN0007329,2024-03-24T09:00:00,83,M0094,SaaS,high,C01003,891,80,14836,0.0225,8718.77,upi,ICICI,547157,9,6,1,0,0,3,0,0,0,0,0,0,0,50
TXN0007330,2024-03-24T15:29:00,83,M0163,Logistics,high,C00288,208,5,7341,0.1152,3066.49,card,Axis,583473,15,6,1,0,0,0,0,1,0,0,0,1,0,63
TXN0007331,2024-03-24T09:54:00,83,M0079,Retail,high,C00033,253,5,3025,0.0321,4298.0,upi,Axis,440005,9,6,1,12,0,0,0,0,0,0,0,0,0,59
TXN0007332,2024-03-24T21:50:00,83,M0129,Services,low,C00809,22,1,606,0.0443,4589.28,card,Kotak,504221,21,6,1,0,0,0,0,0,0,0,0,0,0,32
TXN0007333,2024-03-24T18:00:00,83,M0008,Retail,low,C00156,171,13,6238,0.025,3889.66,wallet,Axis,539894,18,6,1,0,0,0,0,0,0,0,0,0,0,15
TXN0007334,2024-03-24T14:37:00,83,M0137,B2B,mid,C01479,922,53,17547,0.0327,38421.05,upi,ICICI,404770,14,6,1,0,0,1,0,0,0,0,1,1,0,35
TXN0007335,2024-03-24T19:33:00,83,M0078,B2B,high,C00746,139,16,2138,0.1821,11535.48,wallet,ICICI,440066,19,6,1,0,0,1,0,0,0,1,1,1,0,20
TXN0007336,2024-03-24T13:27:00,83,M0080,Logistics,low,C01389,9,2,852,0.0691,7112.25,wallet,Axis,403099,13,6,1,0,0,0,0,0,0,0,0,0,1,20
TXN0007337,2024-03-24T08:07:00,83,M0125,Retail,low,C00338,744,95,21600,0.0159,19011.93,upi,Yes,483065,8,6,1,0,0,0,0,0,0,1,0,0,0,42
TXN0007338,2024-03-24T21:49:00,83,M0032,Food,low,C00637,199,12,2417,0.0887,2382.61,upi,HDFC,460228,21,6,1,8,0,0,0,0,0,0,0,0,0,54
TXN0007339,2024-03-24T11:15:00,83,M0176,SaaS,low,C01495,123,12,3053,0.0454,3321.64,wallet,SBI,414796,11,6,1,0,1,2,0,1,0,0,1,1,0,17
TXN0007340,2024-03-24T07:30:00,83,M0092,Food,low,C00318,944,112,4962,0.0793,2390.86,card,Yes,407856,7,6,1,0,0,1,0,0,1,0,0,0,0,19
TXN0007341,2024-03-24T17:56:00,83,M0079,Retail,high,C00360,253,12,5535,0.0199,4789.0,upi,PNB,427284,17,6,1,0,0,0,0,0,0,0,1,1,0,26
TXN0007342,2024-03-24T21:16:00,83,M0127,Food,low,C00435,845,97,22280,0.0149,7911.39,upi,Yes,429563,21,6,1,0,0,1,0,0,0,0,0,0,0,36
TXN0007343,2024-03-24T09:48:00,83,M0053,Retail,low,C00576,741,55,11106,0.0526,10108.6,upi,Kotak,406495,9,6,1,0,0,0,1,0,0,0,1,1,0,41
TXN0007344,2024-03-24T18:11:00,83,M0009,Retail,low,C00915,220,18,1538,0.0196,3008.59,card,PNB,464726,18,6,1,13,0,0,0,0,0,0,0,0,0,23
TXN0007345,2024-03-24T12:35:00,83,M0067,Food,mid,C00704,116,9,5699,0.0142,7155.72,upi,ICICI,589143,12,6,1,8,0,0,0,0,0,1,0,0,0,16
TXN0007346,2024-03-24T09:20:00,83,M0015,Services,low,C00072,298,15,2545,0.0745,1546.67,upi,Kotak,486581,9,6,1,0,0,2,0,0,0,0,0,0,0,17
TXN0007347,2024-03-24T07:19:00,83,M0120,Food,low,C01028,11,1,1241,0.1348,3304.08,wallet,Yes,411536,7,6,1,0,0,2,0,0,0,1,0,0,1,66
TXN0007348,2024-03-24T23:17:00,83,M0152,Retail,high,C00483,25,2,1908,0.2412,5419.99,wallet,Yes,414418,23,6,1,0,0,0,0,0,0,0,0,0,1,47
TXN0007349,2024-03-24T11:13:00,83,M0098,Retail,mid,C00587,12,1,1336,0.0454,1166.29,card,Yes,400957,11,6,1,0,0,1,0,0,0,0,0,0,0,41
TXN0007350,2024-03-24T08:12:00,83,M0007,Food,mid,C00097,5,3,987,0.1265,437.97,card,SBI,491495,8,6,1,0,0,0,0,0,0,0,0,0,1,12
TXN0007351,2024-03-24T12:43:00,83,M0105,SaaS,high,C00737,14,4,754,0.1322,1326.44,wallet,Axis,474324,12,6,1,0,0,1,0,0,0,0,0,0,0,24
TXN0007352,2024-03-24T19:52:00,83,M0129,Services,low,C01211,878,79,20212,0.0123,15549.07,wallet,Yes,430459,19,6,1,0,0,0,0,1,0,1,0,1,1,20
TXN0007353,2024-03-24T08:46:00,83,M0040,SaaS,mid,C00282,851,76,22265,0.0191,7933.74,upi,Kotak,406079,8,6,1,0,0,0,1,0,0,1,1,1,0,57
TXN0007354,2024-03-24T10:21:00,83,M0087,Logistics,mid,C00063,86,10,3701,0.0681,6856.76,upi,HDFC,534671,10,6,1,0,0,0,0,0,0,1,0,0,0,49
TXN0007355,2024-03-24T12:44:00,83,M0169,Food,low,C00019,767,108,16580,0.0404,4731.27,netbanking,ICICI,448358,12,6,1,0,0,0,0,0,0,0,0,0,0,46
TXN0007356,2024-03-24T08:30:00,83,M0099,B2B,low,C00115,8,1,1518,0.0701,22352.77,card,ICICI,413615,8,6,1,10,0,1,0,0,0,0,0,0,1,65
TXN0007357,2024-03-24T21:08:00,83,M0026,Retail,high,C00530,869,86,24248,0.023,10069.7,netbanking,SBI,439140,21,6,1,0,0,0,1,1,0,0,1,1,0,35
TXN0007358,2024-03-24T14:16:00,83,M0182,Retail,high,C00702,223,10,5735,0.0252,1399.5,card,PNB,450702,14,6,1,0,0,0,0,0,0,0,0,0,0,58
TXN0007359,2024-03-24T19:00:00,83,M0166,SaaS,mid,C00869,17,2,715,0.0491,595.33,netbanking,Yes,539044,19,6,1,0,0,1,0,0,0,0,0,0,0,69
TXN0007360,2024-03-24T18:04:00,83,M0150,Retail,mid,C01129,210,6,3376,0.0541,1819.51,upi,Yes,476358,18,6,1,0,0,0,0,0,0,1,0,0,0,50
TXN0007361,2024-03-24T01:18:00,83,M0072,SaaS,high,C00799,224,9,1025,0.0824,1409.8,upi,SBI,412558,1,6,1,0,0,0,0,0,0,1,0,0,0,66
TXN0007362,2024-03-24T22:13:00,83,M0059,Logistics,mid,C01241,62,14,1279,0.1155,4247.4,wallet,ICICI,474322,22,6,1,0,0,0,0,0,0,0,1,1,0,69
TXN0007363,2024-03-24T15:48:00,83,M0090,Logistics,mid,C01419,11,2,726,0.1334,6656.57,wallet,ICICI,443503,15,6,1,0,0,0,0,1,0,0,1,1,0,50
TXN0007364,2024-03-24T16:30:00,83,M0038,B2B,mid,C00225,883,68,18172,0.0458,33440.14,card,PNB,598093,16,6,1,0,0,0,0,0,0,1,0,0,0,24
TXN0007365,2024-03-24T17:27:00,83,M0109,Services,low,C01329,214,5,6916,0.0088,5097.15,wallet,Canara,429502,17,6,1,0,0,0,0,0,0,0,0,0,0,24
TXN0007366,2024-03-24T13:41:00,83,M0100,Retail,low,C00951,107,11,1569,0.0432,2847.75,card,Yes,553484,13,6,1,0,0,0,0,0,0,0,0,0,0,16
TXN0007367,2024-03-24T18:38:00,83,M0017,B2B,low,C00818,270,13,5614,0.1067,66944.1,netbanking,Canara,549627,18,6,1,0,0,0,0,1,0,0,1,1,0,65
TXN0007368,2024-03-24T00:39:00,83,M0001,Retail,high,C00643,761,97,20985,0.0702,32420.57,card,ICICI,489274,0,6,1,1,1,1,0,0,0,1,1,1,0,52
TXN0007369,2024-03-24T09:41:00,83,M0133,SaaS,mid,C00780,270,19,3194,0.1202,2893.6,card,Canara,529564,9,6,1,0,0,0,0,0,0,0,0,0,1,45
TXN0007370,2024-03-24T17:40:00,83,M0094,SaaS,high,C00759,9,4,1320,0.1197,1651.85,card,Yes,547309,17,6,1,0,0,0,0,0,0,0,0,0,0,65
TXN0007371,2024-03-24T10:49:00,83,M0042,Logistics,mid,C00586,214,20,6832,0.1332,5314.94,wallet,Yes,556962,10,6,1,0,0,1,0,0,0,0,1,1,0,28
TXN0007372,2024-03-24T08:19:00,83,M0000,Logistics,low,C01447,197,6,3612,0.0881,8701.19,upi,Axis,442958,8,6,1,0,0,1,0,0,0,0,0,0,0,69
TXN0007373,2024-03-24T20:14:00,83,M0125,Retail,low,C00961,21,1,1446,0.011,725.17,netbanking,PNB,577263,20,6,1,0,0,0,0,0,0,0,0,0,0,36
TXN0007374,2024-03-24T20:43:00,83,M0096,Food,mid,C00826,159,20,3199,0.088,2309.18,wallet,ICICI,513799,20,6,1,0,0,0,0,0,0,0,0,0,0,39
TXN0007375,2024-03-24T18:34:00,83,M0001,Retail,high,C00838,827,61,12860,0.0338,6968.17,upi,Yes,550183,18,6,1,0,0,1,0,0,0,0,0,0,0,69
TXN0007376,2024-03-24T07:05:00,83,M0188,Logistics,mid,C00628,6,1,1373,0.0525,7345.08,wallet,PNB,427957,7,6,1,0,0,2,0,0,0,0,0,0,1,27
TXN0007377,2024-03-24T11:38:00,83,M0005,Logistics,high,C00533,246,5,2907,0.0373,21118.98,upi,Kotak,554746,11,6,1,0,0,0,0,0,0,0,1,1,0,29
TXN0007378,2024-03-24T18:24:00,83,M0090,Logistics,mid,C01147,236,10,6707,0.0762,2952.11,wallet,Yes,472844,18,6,1,0,0,0,0,0,0,0,0,0,0,66
TXN0007379,2024-03-24T08:37:00,83,M0171,Retail,low,C01261,22,4,765,0.0873,1826.06,card,ICICI,452562,8,6,1,0,0,0,0,0,1,0,0,0,0,67
TXN0007380,2024-03-25T22:09:00,84,M0106,Services,high,C00007,283,18,6084,0.1851,8994.63,wallet,Axis,471963,22,0,0,0,0,1,0,0,0,0,0,0,0,55
TXN0007381,2024-03-25T19:48:00,84,M0043,Logistics,high,C01468,266,20,7538,0.0121,25658.72,card,ICICI,413678,19,0,0,0,0,0,0,0,0,1,0,0,0,55
TXN0007382,2024-03-25T13:34:00,84,M0047,Logistics,low,C01347,944,101,3303,0.0072,21948.8,netbanking,Kotak,597239,13,0,0,6,0,0,0,0,0,0,0,0,0,44
TXN0007383,2024-03-25T20:41:00,84,M0094,SaaS,high,C00446,25,2,1903,0.0756,1694.32,wallet,Kotak,566393,20,0,0,0,0,0,0,0,0,0,1,1,0,35
TXN0007384,2024-03-25T13:01:00,84,M0108,Food,high,C00125,751,107,21732,0.0222,3654.1,card,Axis,464266,13,0,0,0,0,0,0,0,0,0,0,0,0,50
TXN0007385,2024-03-25T16:55:00,84,M0091,Logistics,high,C00723,133,10,2436,0.1886,15928.84,upi,Canara,492134,16,0,0,0,0,1,0,0,0,0,0,0,0,23
TXN0007386,2024-03-25T18:58:00,84,M0093,SaaS,mid,C00107,756,86,22674,0.0092,4363.02,card,HDFC,528856,18,0,0,0,0,1,0,0,0,0,0,0,0,27
TXN0007387,2024-03-25T08:53:00,84,M0025,Food,mid,C00143,1000,104,6643,0.0326,1597.48,card,HDFC,581034,8,0,0,0,0,0,0,0,0,0,0,0,0,16
TXN0007388,2024-03-25T11:00:00,84,M0032,Food,low,C00070,765,85,16596,0.0072,14600.57,wallet,Kotak,523257,11,0,0,0,0,1,0,0,0,0,0,0,0,38
TXN0007389,2024-03-25T09:49:00,84,M0186,B2B,mid,C00043,285,13,5553,0.0103,15563.29,card,Axis,537331,9,0,0,0,0,1,0,0,0,0,0,0,1,24
TXN0007390,2024-03-25T13:41:00,84,M0064,Food,high,C00531,823,67,12489,0.0024,13989.43,card,Yes,547909,13,0,0,7,0,0,0,0,0,0,0,0,0,63
TXN0007391,2024-03-25T18:09:00,84,M0132,Food,mid,C00111,21,2,1270,0.0829,2704.73,netbanking,SBI,413677,18,0,0,0,0,0,0,0,0,1,0,0,0,35
TXN0007392,2024-03-25T07:26:00,84,M0166,SaaS,mid,C00770,156,16,7278,0.0295,3157.65,upi,ICICI,438204,7,0,0,0,0,1,0,0,0,0,0,0,0,64
TXN0007393,2024-03-25T07:07:00,84,M0134,Services,low,C00439,200,16,1597,0.205,17370.95,card,Kotak,581939,7,0,0,0,0,0,0,0,0,0,0,0,0,15
TXN0007394,2024-03-25T21:44:00,84,M0185,Food,high,C00565,261,17,2212,0.0312,1727.9,netbanking,SBI,530423,21,0,0,0,0,1,0,0,0,0,0,0,0,43
TXN0007395,2024-03-25T11:08:00,84,M0017,B2B,low,C00482,125,11,1044,0.1372,9080.12,upi,Canara,451597,11,0,0,0,0,2,0,0,0,1,0,0,0,59
TXN0007396,2024-03-25T08:04:00,84,M0089,Food,low,C00852,87,8,7747,0.1301,1993.3,card,SBI,408454,8,0,0,0,0,0,0,0,0,0,1,1,0,66
TXN0007397,2024-03-25T04:29:00,84,M0114,Logistics,mid,C01178,209,14,2357,0.1801,16673.97,wallet,HDFC,597392,4,0,0,0,1,1,1,0,0,1,1,1,0,26
TXN0007398,2024-03-25T11:25:00,84,M0178,Logistics,low,C01483,8,4,533,0.0062,10165.85,wallet,ICICI,421863,11,0,0,0,0,1,1,0,0,1,1,1,0,60
TXN0007399,2024-03-25T21:38:00,84,M0187,SaaS,high,C01017,211,11,7099,0.0344,5171.94,netbanking,ICICI,532499,21,0,0,0,0,0,0,0,0,0,0,0,0,61
TXN0007400,2024-03-25T19:44:00,84,M0197,Food,low,C01360,872,68,17327,0.0162,5279.78,card,Axis,482037,19,0,0,0,0,0,0,0,0,1,0,0,0,49
TXN0007401,2024-03-25T10:07:00,84,M0148,SaaS,mid,C01021,277,6,5906,0.0539,5472.85,wallet,Yes,596233,10,0,0,0,0,2,0,0,0,0,0,0,0,29
TXN0007402,2024-03-25T11:01:00,84,M0048,SaaS,mid,C01352,19,2,636,0.0786,1566.17,netbanking,SBI,474960,11,0,0,0,0,0,0,1,0,0,1,1,0,31
TXN0007403,2024-03-25T06:55:00,84,M0111,Logistics,low,C01479,922,53,17547,0.0327,11074.22,netbanking,Canara,437469,6,0,0,0,1,2,0,0,0,1,0,0,0,15
TXN0007404,2024-03-25T11:02:00,84,M0087,Logistics,mid,C00839,9,4,1493,0.0814,21366.19,netbanking,Canara,501371,11,0,0,0,0,0,0,0,1,1,0,0,0,22
TXN0007405,2024-03-25T07:40:00,84,M0135,Retail,low,C00455,13,2,734,0.0307,4900.2,upi,PNB,552773,7,0,0,0,0,0,0,0,0,1,0,0,0,21
TXN0007406,2024-03-25T13:01:00,84,M0033,Logistics,low,C01356,217,20,2714,0.0307,9291.06,card,Kotak,408544,13,0,0,0,0,0,0,1,0,0,1,1,0,47
TXN0007407,2024-03-25T11:37:00,84,M0033,Logistics,low,C01312,5,3,916,0.0576,26616.04,upi,SBI,488084,11,0,0,0,0,0,0,0,0,0,1,1,0,36
TXN0007408,2024-03-25T21:54:00,84,M0139,Logistics,low,C00326,91,5,1505,0.2531,7215.08,upi,HDFC,484864,21,0,0,0,0,0,0,0,0,0,0,0,0,33
TXN0007409,2024-03-25T21:13:00,84,M0195,Food,high,C00565,261,17,2212,0.0312,1206.07,wallet,SBI,529493,21,0,0,1,1,2,0,0,0,0,0,0,0,60
TXN0007410,2024-03-25T20:49:00,84,M0131,Logistics,high,C00418,218,14,5164,0.1062,9909.47,netbanking,ICICI,471269,20,0,0,0,0,0,0,0,0,1,0,0,0,60
TXN0007411,2024-03-25T14:40:00,84,M0135,Retail,low,C00543,202,16,7598,0.0093,10122.86,wallet,SBI,503711,14,0,0,0,1,3,0,0,0,0,0,0,0,67
TXN0007412,2024-03-25T09:02:00,84,M0035,SaaS,mid,C00973,124,8,5914,0.0658,4325.56,netbanking,Yes,452441,9,0,0,0,0,0,0,0,0,0,0,0,0,24
TXN0007413,2024-03-25T09:55:00,84,M0139,Logistics,low,C00928,10,3,1635,0.0628,11689.82,card,Axis,542284,9,0,0,0,0,0,0,0,0,0,0,0,0,42
TXN0007414,2024-03-25T08:38:00,84,M0113,Services,high,C00371,246,18,5955,0.1486,4929.88,netbanking,Kotak,536023,8,0,0,0,0,0,0,0,0,1,0,0,0,65
TXN0007415,2024-03-25T16:36:00,84,M0004,Logistics,low,C00468,210,7,5232,0.0611,9827.51,netbanking,PNB,528163,16,0,0,0,0,0,0,0,0,0,0,0,0,61
TXN0007416,2024-03-25T07:31:00,84,M0110,Food,high,C00333,64,17,7405,0.1213,9204.42,netbanking,Yes,439464,7,0,0,0,0,1,1,0,0,0,0,1,1,26
TXN0007417,2024-03-25T12:08:00,84,M0087,Logistics,mid,C00332,9,4,908,0.1434,11241.33,upi,SBI,556894,12,0,0,0,0,0,0,0,0,0,0,0,0,23
TXN0007418,2024-03-25T02:57:00,84,M0021,SaaS,mid,C00358,107,16,4124,0.0797,2790.45,card,SBI,525032,2,0,0,0,0,0,0,0,0,0,0,0,0,60
TXN0007419,2024-03-25T15:34:00,84,M0182,Retail,high,C00108,20,2,721,0.0884,1470.78,upi,Canara,463886,15,0,0,0,0,0,0,0,0,0,0,0,0,15
TXN0007420,2024-03-25T13:21:00,84,M0061,Services,low,C00470,118,7,5215,0.1511,3841.79,netbanking,Kotak,469056,13,0,0,0,0,1,0,0,0,0,0,0,0,20
TXN0007421,2024-03-25T18:26:00,84,M0018,SaaS,high,C00644,211,17,6121,0.065,2895.38,upi,Axis,539267,18,0,0,0,0,0,0,0,0,0,0,0,0,31
TXN0007422,2024-03-25T10:10:00,84,M0096,Food,mid,C00718,996,52,12606,0.0099,5090.46,wallet,Yes,505871,10,0,0,0,0,1,0,0,0,0,0,0,1,64
TXN0007423,2024-03-25T17:10:00,84,M0110,Food,high,C01303,959,102,23671,0.0101,8007.01,wallet,SBI,469272,17,0,0,0,0,1,0,0,0,1,0,0,0,51
TXN0007424,2024-03-25T03:51:00,84,M0083,B2B,low,C01163,818,101,13424,0.0147,25122.38,wallet,Yes,402658,3,0,0,0,0,0,0,0,0,1,1,1,0,23
TXN0007425,2024-03-25T20:54:00,84,M0164,Logistics,high,C00571,11,2,917,0.0974,11919.17,upi,HDFC,466720,20,0,0,0,0,0,0,0,0,0,0,0,0,64
TXN0007426,2024-03-25T16:29:00,84,M0075,Retail,mid,C00153,187,16,7531,0.082,3068.42,wallet,Axis,435395,16,0,0,0,0,0,0,0,0,1,0,0,0,34
TXN0007427,2024-03-25T12:23:00,84,M0022,Retail,low,C00038,277,18,7736,0.0967,5788.33,netbanking,Axis,556206,12,0,0,0,0,0,0,0,0,0,0,0,0,15
TXN0007428,2024-03-25T21:54:00,84,M0164,Logistics,high,C01116,73,8,6429,0.1022,35395.5,wallet,SBI,483551,21,0,0,0,0,1,0,0,0,0,1,1,0,15
TXN0007429,2024-03-25T05:06:00,84,M0129,Services,low,C00691,6,2,1968,0.0842,5186.15,card,Canara,469174,5,0,0,0,0,0,0,1,0,0,1,1,0,67
TXN0007430,2024-03-25T03:10:00,84,M0073,SaaS,high,C01119,9,1,1815,0.0138,1298.11,wallet,SBI,445193,3,0,0,0,0,0,0,0,0,0,1,1,0,61
TXN0007431,2024-03-25T10:18:00,84,M0121,Food,low,C00529,159,17,2807,0.0622,1621.43,upi,Yes,482134,10,0,0,0,0,0,0,0,0,0,0,0,0,50
TXN0007432,2024-03-25T13:36:00,84,M0028,Retail,mid,C00811,93,6,5755,0.0401,1792.13,wallet,SBI,494564,13,0,0,0,0,0,0,0,0,0,0,0,0,53
TXN0007433,2024-03-25T21:52:00,84,M0047,Logistics,low,C01274,81,6,3286,0.0105,4985.41,netbanking,Canara,533011,21,0,0,0,0,0,0,0,0,0,0,0,0,71
TXN0007434,2024-03-25T10:57:00,84,M0036,Retail,low,C00288,208,5,7341,0.1152,3425.47,netbanking,ICICI,447914,10,0,0,0,1,1,0,0,0,0,0,0,0,26
TXN0007435,2024-03-25T12:56:00,84,M0123,Logistics,high,C01106,884,86,14415,0.044,3272.87,netbanking,Canara,502488,12,0,0,0,0,0,0,0,0,0,1,1,0,17
TXN0007436,2024-03-25T12:42:00,84,M0061,Services,low,C00013,300,11,3983,0.0544,2863.21,card,Canara,400748,12,0,0,0,0,0,0,0,0,0,0,0,0,48
TXN0007437,2024-03-25T13:07:00,84,M0005,Logistics,high,C00756,89,17,3323,0.0739,4844.23,card,Canara,529331,13,0,0,0,0,0,0,0,0,0,0,0,1,61
TXN0007438,2024-03-25T09:01:00,84,M0121,Food,low,C01019,794,116,24749,0.0205,14784.4,upi,SBI,426374,9,0,0,0,0,0,0,0,0,0,1,1,0,19
TXN0007439,2024-03-25T11:56:00,84,M0138,Services,mid,C01309,14,3,1496,0.0911,913.09,netbanking,HDFC,469583,11,0,0,0,0,0,0,0,0,0,0,0,0,62
TXN0007440,2024-03-25T14:22:00,84,M0002,B2B,low,C00920,209,9,2207,0.097,77944.22,netbanking,Axis,560048,14,0,0,0,0,1,0,0,0,0,1,1,0,52
TXN0007441,2024-03-25T12:40:00,84,M0197,Food,low,C00150,11,1,908,0.0473,750.91,card,PNB,413110,12,0,0,0,0,0,0,0,0,0,0,0,0,35
TXN0007442,2024-03-25T11:40:00,84,M0198,Food,mid,C00745,236,8,4418,0.0669,3556.17,upi,Kotak,521319,11,0,0,0,0,0,0,0,0,0,0,0,0,16
TXN0007443,2024-03-25T18:27:00,84,M0056,Retail,low,C01207,103,11,3847,0.1379,4234.46,netbanking,Kotak,507215,18,0,0,0,0,0,0,0,0,0,0,0,0,48
TXN0007444,2024-03-25T18:19:00,84,M0058,B2B,low,C00636,76,15,2705,0.1601,12115.24,netbanking,Yes,495824,18,0,0,0,0,0,0,0,0,1,1,1,0,43
TXN0007445,2024-03-25T22:49:00,84,M0001,Retail,high,C00066,73,11,3187,0.1045,9751.13,card,SBI,557162,22,0,0,0,0,0,1,0,0,1,1,1,0,60
TXN0007446,2024-03-25T11:05:00,84,M0198,Food,mid,C01030,903,105,7868,0.0201,4938.52,card,Canara,513494,11,0,0,0,0,0,1,0,0,1,1,1,0,43
TXN0007447,2024-03-25T09:02:00,84,M0048,SaaS,mid,C01180,289,7,4681,0.1057,1343.64,card,ICICI,501395,9,0,0,0,0,0,0,0,0,0,0,0,0,39
TXN0007448,2024-03-25T09:42:00,84,M0198,Food,mid,C00425,783,99,24545,0.0148,12646.67,card,SBI,582828,9,0,0,0,0,1,0,0,0,0,0,0,0,17
TXN0007449,2024-03-25T15:41:00,84,M0109,Services,low,C00635,196,19,4283,0.129,5196.37,card,PNB,553398,15,0,0,0,0,2,0,0,0,1,0,0,0,24
TXN0007450,2024-03-25T22:35:00,84,M0048,SaaS,mid,C00303,64,7,1112,0.0787,1484.04,upi,Kotak,420661,22,0,0,0,0,0,0,0,0,1,0,0,0,65
TXN0007451,2024-03-25T15:21:00,84,M0167,SaaS,low,C00336,12,3,1592,0.2711,1193.35,upi,Axis,546069,15,0,0,0,0,0,0,0,0,0,0,0,0,13
TXN0007452,2024-03-25T13:47:00,84,M0179,Services,low,C00132,64,16,3530,0.0483,2434.89,netbanking,ICICI,592514,13,0,0,0,0,0,0,0,0,1,0,0,0,34
TXN0007453,2024-03-25T14:05:00,84,M0031,Food,mid,C01472,807,92,5392,0.0039,5616.93,wallet,ICICI,572088,14,0,0,0,0,1,0,0,0,0,0,0,0,30
TXN0007454,2024-03-25T20:13:00,84,M0178,Logistics,low,C00930,952,58,6882,0.0024,30748.41,netbanking,PNB,445974,20,0,0,0,0,0,0,0,0,1,0,0,0,32
TXN0007455,2024-03-25T11:28:00,84,M0194,Retail,mid,C00304,220,18,4469,0.1126,2934.64,upi,Kotak,480780,11,0,0,0,0,1,0,0,0,0,1,1,0,23
TXN0007456,2024-03-25T20:04:00,84,M0146,Food,mid,C00281,123,14,1264,0.0655,2763.59,netbanking,SBI,401123,20,0,0,0,0,1,0,0,0,0,0,0,0,72
TXN0007457,2024-03-25T19:54:00,84,M0109,Services,low,C01391,114,20,6475,0.0823,2407.77,upi,Yes,521484,19,0,0,0,0,1,0,0,0,0,0,0,0,24
TXN0007458,2024-03-25T15:52:00,84,M0127,Food,low,C00878,273,9,7241,0.0281,3119.19,card,SBI,408499,15,0,0,0,0,1,0,0,0,1,0,0,0,34
TXN0007459,2024-03-25T07:25:00,84,M0104,Food,low,C00962,162,11,4249,0.0132,2511.62,upi,Canara,451624,7,0,0,0,0,1,0,0,0,0,0,0,0,45
TXN0007460,2024-03-25T19:21:00,84,M0197,Food,low,C00337,17,3,855,0.0316,2528.22,upi,ICICI,424029,19,0,0,0,0,0,1,1,0,0,1,1,0,32
TXN0007461,2024-03-25T19:58:00,84,M0142,Retail,mid,C01116,73,8,6429,0.1022,3047.52,wallet,ICICI,408396,19,0,0,8,1,2,0,0,0,1,0,0,0,41
TXN0007462,2024-03-25T07:32:00,84,M0074,Services,high,C00422,8,4,941,0.0724,3051.26,card,PNB,547881,7,0,0,0,0,2,1,0,0,1,1,1,0,39
TXN0007463,2024-03-25T15:28:00,84,M0040,SaaS,mid,C00202,287,9,7971,0.0742,1982.38,wallet,Kotak,454170,15,0,0,0,0,0,0,0,0,0,1,1,0,45
TXN0007464,2024-03-25T06:55:00,84,M0002,B2B,low,C01110,168,20,6680,0.0808,59233.39,wallet,Canara,463652,6,0,0,0,0,0,0,0,0,0,0,1,1,67
TXN0007465,2024-03-25T08:32:00,84,M0037,Retail,mid,C00604,289,17,7719,0.0208,3263.58,netbanking,Axis,431382,8,0,0,0,0,0,1,0,0,0,1,1,0,28
TXN0007466,2024-03-25T23:13:00,84,M0183,Retail,mid,C01271,219,20,3291,0.0181,1234.59,netbanking,Kotak,565737,23,0,0,0,0,0,0,0,0,0,0,0,0,48
TXN0007467,2024-03-25T05:10:00,84,M0108,Food,high,C00136,918,106,18128,0.0252,20263.07,netbanking,Canara,478776,5,0,0,0,0,0,0,0,0,1,1,1,0,53
TXN0007468,2024-03-25T13:45:00,84,M0076,Services,high,C01305,226,19,4107,0.0527,4935.2,upi,PNB,589342,13,0,0,0,0,0,0,0,0,1,0,0,0,57
TXN0007469,2024-03-25T13:29:00,84,M0111,Logistics,low,C00461,24,1,1074,0.0982,5305.39,wallet,PNB,527399,13,0,0,0,0,0,1,0,0,0,1,1,0,68
TXN0007470,2024-03-25T08:38:00,84,M0161,Services,mid,C00055,7,2,505,0.0761,1687.39,wallet,PNB,430530,8,0,0,0,0,0,0,0,0,1,0,0,1,69
TXN0007471,2024-03-25T10:45:00,84,M0199,SaaS,mid,C01166,199,7,5684,0.0932,5861.09,wallet,PNB,586324,10,0,0,0,0,0,0,0,0,0,0,0,0,32
TXN0007472,2024-03-25T12:12:00,84,M0033,Logistics,low,C01437,172,14,2265,0.197,13363.78,wallet,SBI,412562,12,0,0,0,0,0,0,0,0,1,0,0,0,21
TXN0007473,2024-03-25T14:46:00,84,M0032,Food,low,C00562,943,65,10429,0.0226,6907.22,wallet,SBI,563102,14,0,0,0,0,0,0,0,0,1,0,0,0,54
TXN0007474,2024-03-25T19:31:00,84,M0015,Services,low,C00739,126,20,6687,0.0675,7175.59,card,ICICI,582003,19,0,0,0,0,0,0,0,0,0,0,0,0,52
TXN0007475,2024-03-25T11:07:00,84,M0023,Services,low,C00333,64,17,7405,0.1213,1480.05,wallet,Axis,451420,11,0,0,0,1,2,0,0,0,0,0,0,0,37
TXN0007476,2024-03-25T12:59:00,84,M0048,SaaS,mid,C01314,82,9,3281,0.0539,1217.96,netbanking,Kotak,436702,12,0,0,0,0,1,0,0,0,0,0,0,0,19
TXN0007477,2024-03-25T14:12:00,84,M0046,SaaS,high,C00114,71,12,4237,0.0363,3468.76,upi,SBI,520506,14,0,0,0,0,0,0,0,0,0,0,0,0,59
TXN0007478,2024-03-26T09:08:00,85,M0026,Retail,high,C01316,288,6,4550,0.0271,4114.16,netbanking,Canara,554444,9,1,0,0,0,0,0,0,0,0,0,0,1,58
TXN0007479,2024-03-26T20:13:00,85,M0112,Logistics,mid,C00396,14,4,1990,0.0986,2976.5,wallet,Kotak,438205,20,1,0,0,0,0,0,0,0,0,0,0,0,58
TXN0007480,2024-03-26T19:01:00,85,M0188,Logistics,mid,C01392,141,9,4275,0.1374,3193.83,upi,PNB,453774,19,1,0,0,0,1,0,0,0,0,0,0,0,37
TXN0007481,2024-03-26T22:43:00,85,M0170,Logistics,mid,C01273,226,19,1935,0.0127,4034.62,netbanking,Axis,448052,22,1,0,7,0,0,0,0,0,0,0,0,0,18
TXN0007482,2024-03-26T06:46:00,85,M0001,Retail,high,C00201,734,88,21610,0.0185,21185.04,upi,ICICI,464856,6,1,0,0,0,0,0,0,0,0,1,1,0,50
TXN0007483,2024-03-26T11:52:00,85,M0112,Logistics,mid,C01142,239,20,1936,0.0703,10333.41,wallet,ICICI,530699,11,1,0,0,0,0,1,0,0,0,0,1,0,17
TXN0007484,2024-03-26T12:12:00,85,M0141,Logistics,low,C00914,6,1,1272,0.0413,10169.16,netbanking,Canara,584600,12,1,0,0,0,0,0,0,0,0,0,0,1,18
TXN0007485,2024-03-26T01:41:00,85,M0054,Retail,mid,C00428,11,3,1906,0.0571,3035.76,upi,ICICI,523796,1,1,0,0,0,0,0,0,0,0,1,1,0,47
TXN0007486,2024-03-26T00:21:00,85,M0061,Services,low,C00311,23,1,967,0.0137,4813.11,wallet,HDFC,522247,0,1,0,0,0,0,0,0,0,0,0,0,0,25
TXN0007487,2024-03-26T00:50:00,85,M0047,Logistics,low,C00651,21,1,1571,0.0791,3310.94,card,Yes,578692,0,1,0,0,0,0,0,0,0,0,0,0,1,39
TXN0007488,2024-03-26T10:07:00,85,M0059,Logistics,mid,C00329,755,71,21805,0.0102,34756.34,upi,Axis,542380,10,1,0,0,0,0,0,0,0,1,1,1,0,17
TXN0007489,2024-03-26T08:29:00,85,M0162,Services,high,C01010,988,54,7189,0.0172,5704.1,wallet,Axis,578926,8,1,0,0,0,0,0,0,0,0,0,0,0,69
TXN0007490,2024-03-26T22:09:00,85,M0111,Logistics,low,C00029,264,17,6932,0.0507,9055.85,wallet,PNB,431351,22,1,0,0,0,0,0,0,0,1,1,1,0,45
TXN0007491,2024-03-26T10:26:00,85,M0026,Retail,high,C01453,12,2,1129,0.0896,2072.6,wallet,Yes,494911,10,1,0,0,0,0,0,0,0,0,0,0,0,48
TXN0007492,2024-03-26T11:31:00,85,M0087,Logistics,mid,C01112,167,12,6759,0.0311,9565.2,upi,Axis,567564,11,1,0,0,0,0,0,0,0,1,0,0,0,70
TXN0007493,2024-03-26T14:45:00,85,M0100,Retail,low,C00823,200,17,1758,0.0443,4761.53,wallet,Yes,414596,14,1,0,0,0,0,0,0,0,1,0,0,0,23
TXN0007494,2024-03-26T18:51:00,85,M0003,SaaS,low,C00988,21,3,1506,0.0789,982.75,wallet,Axis,425746,18,1,0,0,0,0,0,0,0,0,0,0,0,19
TXN0007495,2024-03-26T15:33:00,85,M0115,Services,high,C00863,773,54,20610,0.0073,26160.4,upi,Kotak,560637,15,1,0,0,0,1,0,0,0,0,0,0,0,72
TXN0007496,2024-03-26T16:16:00,85,M0179,Services,low,C00213,741,100,11338,0.0295,10105.85,upi,Yes,558563,16,1,0,0,0,0,0,0,0,0,0,0,0,40
TXN0007497,2024-03-26T09:27:00,85,M0075,Retail,mid,C01312,5,3,916,0.0576,1423.37,wallet,ICICI,402471,9,1,0,0,1,1,0,0,0,1,0,0,1,25
TXN0007498,2024-03-26T13:04:00,85,M0049,Services,mid,C00469,906,112,18797,0.0674,16870.97,netbanking,HDFC,411596,13,1,0,0,0,0,0,0,0,0,0,0,0,59
TXN0007499,2024-03-26T19:35:00,85,M0195,Food,high,C00182,15,4,1563,0.0823,427.72,card,Yes,594857,19,1,0,0,0,0,1,0,0,0,1,1,0,15
TXN0007500,2024-03-26T08:15:00,85,M0022,Retail,low,C00291,19,1,1376,0.0577,3408.71,netbanking,SBI,544236,8,1,0,0,0,3,0,0,0,0,0,0,0,26
TXN0007501,2024-03-26T14:39:00,85,M0006,Food,low,C00692,61,12,2572,0.0428,797.76,netbanking,HDFC,432581,14,1,0,0,0,0,0,0,0,1,0,0,0,28
TXN0007502,2024-03-26T13:21:00,85,M0182,Retail,high,C00196,24,2,996,0.022,2481.61,card,SBI,447493,13,1,0,0,0,0,0,0,0,0,0,0,1,61
TXN0007503,2024-03-26T21:09:00,85,M0045,Food,high,C00357,887,100,18431,0.0124,7484.77,upi,SBI,518050,21,1,0,0,0,0,0,0,0,0,1,1,0,41
TXN0007504,2024-03-26T11:29:00,85,M0102,Retail,high,C00815,98,19,1435,0.0519,552.63,netbanking,Kotak,432975,11,1,0,0,0,0,0,0,0,0,0,0,0,39
TXN0007505,2024-03-26T12:41:00,85,M0186,B2B,mid,C01298,215,13,7519,0.0801,25790.46,netbanking,HDFC,415762,12,1,0,0,0,0,0,0,0,0,0,0,0,71
TXN0007506,2024-03-26T11:15:00,85,M0130,Food,low,C01432,91,8,2195,0.2033,4698.26,wallet,Axis,457026,11,1,0,0,0,1,0,0,0,0,0,0,0,25
TXN0007507,2024-03-26T19:20:00,85,M0180,Food,low,C00025,771,67,7942,0.0048,4380.3,wallet,Yes,567313,19,1,0,0,0,0,0,0,0,1,0,0,0,63
TXN0007508,2024-03-26T10:42:00,85,M0188,Logistics,mid,C01158,19,4,734,0.057,8726.54,netbanking,Yes,437873,10,1,0,0,0,1,0,0,0,1,0,0,0,55
TXN0007509,2024-03-26T15:42:00,85,M0023,Services,low,C01455,10,2,1166,0.1054,2089.0,wallet,Canara,485285,15,1,0,0,0,0,0,0,0,0,0,0,1,27
TXN0007510,2024-03-26T13:59:00,85,M0108,Food,high,C00765,193,20,7494,0.0847,1798.86,netbanking,Axis,553933,13,1,0,0,0,0,0,0,0,0,1,1,0,24
TXN0007511,2024-03-26T08:38:00,85,M0081,Logistics,high,C01314,82,9,3281,0.0539,5014.83,wallet,Kotak,478072,8,1,0,0,1,2,0,0,0,0,0,0,0,60
TXN0007512,2024-03-26T14:59:00,85,M0016,Services,high,C01277,952,104,4871,0.0312,2956.73,wallet,SBI,558904,14,1,0,0,0,0,0,0,0,0,0,0,0,50
TXN0007513,2024-03-26T06:00:00,85,M0155,SaaS,mid,C00613,294,20,7531,0.0191,2623.68,upi,Yes,506480,6,1,0,8,0,0,0,0,0,0,0,0,0,53
TXN0007514,2024-03-26T18:53:00,85,M0138,Services,mid,C00139,21,2,1395,0.0205,4074.53,upi,Yes,564849,18,1,0,0,0,0,0,0,0,1,0,0,1,66
TXN0007515,2024-03-26T12:57:00,85,M0177,Food,low,C01169,23,1,727,0.1133,961.19,upi,PNB,449057,12,1,0,0,0,0,0,0,0,0,0,0,0,28
TXN0007516,2024-03-26T08:55:00,85,M0039,Logistics,mid,C00728,70,9,6554,0.1071,14853.43,card,ICICI,407763,8,1,0,0,0,0,0,0,0,0,0,0,0,57
TXN0007517,2024-03-26T12:36:00,85,M0176,SaaS,low,C00883,196,10,1155,0.0425,3578.97,wallet,SBI,402357,12,1,0,0,0,0,0,0,0,0,0,0,0,46
TXN0007518,2024-03-26T05:26:00,85,M0106,Services,high,C00140,942,56,15991,0.0155,16562.89,netbanking,Yes,437946,5,1,0,0,0,0,0,0,0,0,1,1,0,34
TXN0007519,2024-03-26T11:29:00,85,M0138,Services,mid,C00450,253,6,6741,0.0816,3601.95,card,PNB,593152,11,1,0,0,0,0,0,0,0,0,0,0,0,45
TXN0007520,2024-03-26T12:55:00,85,M0053,Retail,low,C00297,803,58,20383,0.0156,28014.0,upi,Canara,446925,12,1,0,0,0,0,0,0,0,0,1,1,0,67
TXN0007521,2024-03-26T14:49:00,85,M0006,Food,low,C00070,765,85,16596,0.0072,12701.01,netbanking,Kotak,529965,14,1,0,0,0,2,0,0,0,0,0,0,0,25
TXN0007522,2024-03-26T10:43:00,85,M0106,Services,high,C00336,12,3,1592,0.2711,1775.8,card,ICICI,514675,10,1,0,0,1,1,0,1,0,1,1,1,0,51
TXN0007523,2024-03-26T15:21:00,85,M0121,Food,low,C00955,271,17,5954,0.1364,7626.23,card,Yes,517629,15,1,0,0,0,0,1,0,0,0,1,1,0,20
TXN0007524,2024-03-26T19:48:00,85,M0049,Services,mid,C01034,206,20,3242,0.1247,3062.88,card,SBI,446303,19,1,0,0,0,0,0,0,0,0,0,0,0,43
TXN0007525,2024-03-26T16:39:00,85,M0031,Food,mid,C01205,6,1,1678,0.0732,904.68,card,PNB,588888,16,1,0,0,0,0,0,1,0,0,0,1,0,72
TXN0007526,2024-03-26T18:32:00,85,M0029,Retail,high,C00457,92,12,1819,0.0688,1589.24,card,Yes,428615,18,1,0,0,0,1,0,0,0,1,0,0,0,28
TXN0007527,2024-03-26T10:59:00,85,M0070,Services,low,C00164,66,16,5538,0.1122,1482.7,wallet,Kotak,596158,10,1,0,0,0,0,0,0,0,0,0,0,0,63
TXN0007528,2024-03-26T20:59:00,85,M0160,Services,mid,C00551,20,1,1458,0.1078,1220.14,wallet,ICICI,410929,20,1,0,0,0,0,0,0,0,0,0,0,0,68
TXN0007529,2024-03-26T19:12:00,85,M0132,Food,mid,C01084,249,17,5055,0.1159,4728.74,upi,SBI,516011,19,1,0,0,0,0,0,0,0,1,0,0,0,22
TXN0007530,2024-03-26T14:16:00,85,M0154,Retail,low,C01269,294,12,4633,0.1214,2290.81,upi,PNB,417088,14,1,0,0,0,0,0,0,0,0,0,0,0,23
TXN0007531,2024-03-26T06:17:00,85,M0041,B2B,low,C01371,76,11,7758,0.0835,85252.72,upi,ICICI,424927,6,1,0,0,0,0,0,1,0,1,1,1,0,21
TXN0007532,2024-03-26T17:18:00,85,M0046,SaaS,high,C01123,182,15,6346,0.1537,3418.27,wallet,HDFC,527237,17,1,0,0,0,0,0,0,0,1,0,0,0,37
TXN0007533,2024-03-26T13:50:00,85,M0173,Food,high,C01490,5,4,570,0.0627,1607.84,wallet,Axis,423105,13,1,0,0,0,3,0,0,0,0,0,0,0,51
TXN0007534,2024-03-26T11:11:00,85,M0046,SaaS,high,C00255,186,11,4750,0.0264,1049.89,upi,Axis,430663,11,1,0,0,0,0,0,0,0,1,0,0,0,70
TXN0007535,2024-03-26T17:36:00,85,M0139,Logistics,low,C01039,730,81,12850,0.0007,19418.6,netbanking,Kotak,441528,17,1,0,0,0,0,0,0,0,0,0,0,0,16
TXN0007536,2024-03-26T05:37:00,85,M0175,Food,low,C00796,981,110,16531,0.053,4695.52,wallet,HDFC,470156,5,1,0,0,0,0,0,0,0,0,1,1,0,49
TXN0007537,2024-03-26T00:13:00,85,M0018,SaaS,high,C00324,271,6,2761,0.0283,2219.38,card,PNB,459529,0,1,0,11,0,0,0,0,0,0,0,0,0,14
TXN0007538,2024-03-26T18:07:00,85,M0011,Food,low,C00570,877,51,14248,0.0283,5529.0,upi,PNB,400362,18,1,0,0,0,0,0,0,0,1,0,0,0,18
TXN0007539,2024-03-26T20:49:00,85,M0157,SaaS,mid,C00211,21,4,738,0.1348,1015.73,card,Kotak,442590,20,1,0,0,0,0,0,0,0,0,0,0,0,60
TXN0007540,2024-03-26T09:12:00,85,M0147,SaaS,mid,C01037,264,15,2007,0.014,1449.33,wallet,Kotak,485729,9,1,0,0,0,1,0,0,0,0,0,0,0,48
TXN0007541,2024-03-26T06:30:00,85,M0118,Retail,mid,C01072,856,104,9501,0.0112,8418.46,wallet,SBI,438303,6,1,0,0,0,1,0,0,0,1,0,0,1,72
TXN0007542,2024-03-26T10:01:00,85,M0136,Logistics,mid,C00366,97,8,1865,0.1181,9224.47,upi,Kotak,497935,10,1,0,0,0,0,0,0,0,0,1,1,0,57
TXN0007543,2024-03-26T12:05:00,85,M0192,B2B,mid,C00622,93,11,6935,0.0169,56500.39,wallet,Yes,436165,12,1,0,0,0,1,0,0,0,0,1,1,0,72
TXN0007544,2024-03-26T08:36:00,85,M0017,B2B,low,C00849,21,1,630,0.0762,15658.85,wallet,SBI,437882,8,1,0,0,0,1,0,0,0,0,0,0,1,55
TXN0007545,2024-03-26T12:11:00,85,M0111,Logistics,low,C01475,230,11,7307,0.1466,24451.05,upi,SBI,498005,12,1,0,7,0,1,0,0,0,1,0,0,1,12
TXN0007546,2024-03-26T10:12:00,85,M0046,SaaS,high,C00313,188,6,2469,0.0733,2372.86,netbanking,ICICI,570077,10,1,0,0,0,0,0,0,0,0,0,0,0,53
TXN0007547,2024-03-26T08:28:00,85,M0115,Services,high,C00278,116,14,1267,0.0687,2336.32,card,Yes,517756,8,1,0,0,0,1,0,0,0,1,0,0,0,18
TXN0007548,2024-03-26T10:08:00,85,M0025,Food,mid,C00307,10,1,525,0.1779,370.75,netbanking,ICICI,513396,10,1,0,0,0,0,0,0,0,0,0,0,0,29
TXN0007549,2024-03-26T09:13:00,85,M0194,Retail,mid,C01234,278,9,3464,0.0809,5271.92,wallet,Axis,419094,9,1,0,0,0,1,0,0,0,0,0,0,0,45
TXN0007550,2024-03-26T17:23:00,85,M0053,Retail,low,C01013,873,78,11441,0.016,10738.5,netbanking,Canara,401588,17,1,0,0,0,1,0,0,0,0,0,0,0,30
TXN0007551,2024-03-26T08:55:00,85,M0114,Logistics,mid,C00088,270,16,1887,0.1236,5799.51,netbanking,ICICI,501875,8,1,0,0,0,0,0,0,0,0,0,0,0,52
TXN0007552,2024-03-26T20:10:00,85,M0116,Services,low,C00377,17,1,833,0.2543,1771.2,wallet,Canara,497389,20,1,0,0,0,0,0,0,0,0,0,0,1,29
TXN0007553,2024-03-26T08:09:00,85,M0138,Services,mid,C01335,21,4,541,0.0082,2286.96,card,SBI,523669,8,1,0,0,0,0,0,0,0,0,0,0,0,15
TXN0007554,2024-03-26T16:11:00,85,M0151,Food,low,C01178,209,14,2357,0.1801,1657.52,upi,Canara,545787,16,1,0,0,0,2,0,0,0,0,0,0,0,61
TXN0007555,2024-03-26T09:35:00,85,M0002,B2B,low,C00114,71,12,4237,0.0363,24794.27,upi,ICICI,513214,9,1,0,0,1,1,1,0,0,0,0,1,1,65
TXN0007556,2024-03-26T18:43:00,85,M0181,Food,high,C01386,785,103,16955,0.0407,7838.86,upi,Kotak,506525,18,1,0,0,0,0,0,1,0,0,1,1,0,36
TXN0007557,2024-03-26T21:30:00,85,M0137,B2B,mid,C01399,25,1,1736,0.1858,23941.65,upi,Canara,428849,21,1,0,0,0,0,0,0,0,0,0,0,1,70
TXN0007558,2024-03-27T11:25:00,86,M0124,Retail,low,C00241,746,61,16280,0.0092,7942.35,wallet,SBI,586150,11,2,0,0,0,0,0,0,0,0,0,0,0,40
TXN0007559,2024-03-27T07:15:00,86,M0092,Food,low,C01374,5,2,1806,0.0599,2867.06,wallet,Yes,412854,7,2,0,0,0,0,0,0,0,1,0,0,0,30
TXN0007560,2024-03-27T21:13:00,86,M0173,Food,high,C00897,64,9,6295,0.0343,1124.3,upi,SBI,535539,21,2,0,0,0,0,0,0,0,0,0,0,0,55
TXN0007561,2024-03-27T07:45:00,86,M0191,Logistics,high,C00843,25,4,1469,0.0275,10002.2,upi,SBI,414496,7,2,0,0,0,1,0,0,0,0,0,0,0,34
TXN0007562,2024-03-27T16:49:00,86,M0044,Logistics,low,C00540,122,5,1344,0.0962,29105.87,upi,Kotak,413211,16,2,0,0,0,1,0,0,0,0,1,1,0,35
TXN0007563,2024-03-27T18:47:00,86,M0186,B2B,mid,C01197,114,5,6492,0.0567,17624.83,wallet,Yes,508639,18,2,0,0,0,0,1,0,0,0,1,1,0,21
TXN0007564,2024-03-27T14:55:00,86,M0161,Services,mid,C00247,904,100,13694,0.0007,5469.0,card,HDFC,458249,14,2,0,0,0,0,0,0,0,0,1,1,0,35
TXN0007565,2024-03-27T18:58:00,86,M0153,Food,low,C00185,236,5,5889,0.0713,1671.32,card,Yes,524326,18,2,0,0,0,0,1,0,0,1,0,1,0,13
TXN0007566,2024-03-27T10:56:00,86,M0108,Food,high,C00841,186,14,1303,0.0839,2448.74,upi,SBI,506789,10,2,0,0,0,0,0,0,0,0,0,0,0,69
TXN0007567,2024-03-27T07:29:00,86,M0008,Retail,low,C00868,196,12,3869,0.046,1398.81,netbanking,Axis,492407,7,2,0,0,0,0,0,0,0,0,0,0,0,57
TXN0007568,2024-03-27T10:05:00,86,M0112,Logistics,mid,C00216,198,9,6353,0.0248,25511.88,wallet,PNB,584037,10,2,0,0,0,0,0,0,0,0,0,0,0,28
TXN0007569,2024-03-27T23:21:00,86,M0103,Services,low,C01235,111,8,1550,0.0381,4884.86,wallet,ICICI,439108,23,2,0,0,0,0,0,0,0,1,1,1,0,18
TXN0007570,2024-03-27T06:57:00,86,M0139,Logistics,low,C01044,18,2,1597,0.0507,2582.0,wallet,Kotak,450586,6,2,0,12,0,0,0,0,0,0,0,0,0,39
TXN0007571,2024-03-27T09:57:00,86,M0036,Retail,low,C00742,283,15,7773,0.2377,3472.49,netbanking,ICICI,514909,9,2,0,0,0,0,0,0,0,0,0,0,0,44
TXN0007572,2024-03-27T07:21:00,86,M0032,Food,low,C00107,756,86,22674,0.0092,17525.22,card,Canara,565160,7,2,0,0,0,2,1,0,0,0,1,1,0,51
TXN0007573,2024-03-27T06:21:00,86,M0047,Logistics,low,C00569,66,14,2386,0.1049,4037.16,netbanking,Axis,556505,6,2,0,6,0,0,0,0,0,0,0,0,0,52
TXN0007574,2024-03-27T09:39:00,86,M0131,Logistics,high,C01474,15,4,808,0.0462,4595.89,upi,PNB,400785,9,2,0,0,0,0,1,0,0,0,1,1,0,33
TXN0007575,2024-03-27T21:45:00,86,M0065,B2B,high,C00852,87,8,7747,0.1301,93138.07,upi,Kotak,471453,21,2,0,0,0,1,0,0,0,0,1,1,0,25
TXN0007576,2024-03-27T12:49:00,86,M0072,SaaS,high,C00549,6,2,719,0.0845,629.95,card,PNB,537173,12,2,0,0,0,0,0,0,0,0,1,1,0,46
TXN0007577,2024-03-27T07:13:00,86,M0128,B2B,high,C00809,22,1,606,0.0443,23459.56,wallet,ICICI,449705,7,2,0,0,0,1,0,0,0,1,0,0,1,61
TXN0007578,2024-03-27T08:27:00,86,M0034,Retail,high,C00312,117,15,3033,0.0879,809.04,wallet,Yes,577611,8,2,0,0,0,1,0,0,0,0,0,0,0,24
TXN0007579,2024-03-27T07:08:00,86,M0120,Food,low,C00781,193,11,3984,0.0716,2335.4,wallet,Axis,417359,7,2,0,0,0,0,0,0,0,0,1,1,0,50
TXN0007580,2024-03-27T08:03:00,86,M0162,Services,high,C00072,298,15,2545,0.0745,5088.9,card,Canara,403916,8,2,0,0,0,2,0,0,1,0,0,0,0,26
TXN0007581,2024-03-27T20:24:00,86,M0095,Food,low,C01188,22,1,1190,0.1683,377.2,netbanking,PNB,498090,20,2,0,0,0,1,0,0,0,0,0,0,0,27
TXN0007582,2024-03-27T01:35:00,86,M0183,Retail,mid,C01276,24,3,1037,0.1616,1602.04,upi,Axis,409398,1,2,0,0,0,0,1,0,0,0,1,1,0,16
TXN0007583,2024-03-27T07:37:00,86,M0143,Logistics,mid,C00325,126,10,1254,0.1405,29682.51,card,Canara,426488,7,2,0,0,0,0,0,0,0,0,1,1,0,26
TXN0007584,2024-03-27T10:02:00,86,M0188,Logistics,mid,C00129,806,92,5670,0.0205,8783.73,upi,ICICI,484394,10,2,0,0,0,0,1,0,0,0,1,1,0,34
TXN0007585,2024-03-27T21:51:00,86,M0184,Logistics,high,C01061,20,3,1042,0.0431,12333.5,wallet,SBI,541077,21,2,0,0,0,1,0,0,0,0,0,0,0,65
TXN0007586,2024-03-27T23:58:00,86,M0130,Food,low,C01244,243,9,3280,0.1395,1820.88,upi,Kotak,568474,23,2,0,0,0,0,0,0,0,0,0,0,0,59
TXN0007587,2024-03-27T06:24:00,86,M0176,SaaS,low,C01167,151,10,2963,0.1531,2952.7,upi,HDFC,429255,6,2,0,0,0,0,0,1,0,0,0,1,0,68
TXN0007588,2024-03-27T01:19:00,86,M0183,Retail,mid,C01180,289,7,4681,0.1057,5875.97,card,SBI,540047,1,2,0,0,0,1,0,1,0,0,1,1,0,57
TXN0007589,2024-03-27T15:11:00,86,M0034,Retail,high,C00089,216,12,6305,0.0219,4554.36,netbanking,Kotak,573869,15,2,0,0,0,0,0,0,0,0,0,0,0,14
TXN0007590,2024-03-27T11:43:00,86,M0146,Food,mid,C00350,117,10,4696,0.026,4467.21,wallet,SBI,403382,11,2,0,0,0,0,0,0,0,0,1,1,0,65
TXN0007591,2024-03-27T09:31:00,86,M0144,Retail,low,C00780,270,19,3194,0.1202,1980.29,netbanking,PNB,496652,9,2,0,0,0,1,0,0,0,0,0,0,1,34
TXN0007592,2024-03-27T13:52:00,86,M0065,B2B,high,C00755,8,2,1515,0.1589,34934.93,upi,HDFC,422901,13,2,0,0,0,0,0,0,1,1,1,1,0,53
TXN0007593,2024-03-27T19:20:00,86,M0109,Services,low,C00630,19,2,690,0.1924,2966.57,wallet,ICICI,562379,19,2,0,0,0,1,0,0,0,0,0,0,0,24
TXN0007594,2024-03-27T02:39:00,86,M0044,Logistics,low,C00198,25,4,1477,0.1421,6761.68,netbanking,SBI,493033,2,2,0,0,0,1,0,0,0,1,0,1,1,45
TXN0007595,2024-03-27T13:35:00,86,M0145,SaaS,low,C00741,993,74,23579,0.0051,13987.68,upi,SBI,442136,13,2,0,11,0,0,0,0,0,1,0,0,0,38
TXN0007596,2024-03-27T08:03:00,86,M0094,SaaS,high,C00944,180,9,4256,0.0575,3777.49,card,SBI,433894,8,2,0,0,0,1,1,0,0,1,1,1,0,71
TXN0007597,2024-03-27T11:33:00,86,M0167,SaaS,low,C01427,9,3,632,0.0787,1375.2,upi,SBI,569784,11,2,0,0,0,2,0,0,0,0,0,0,0,15
TXN0007598,2024-03-27T19:44:00,86,M0023,Services,low,C00655,24,1,1087,0.1257,2419.09,card,PNB,551827,19,2,0,0,0,0,0,0,0,0,0,0,0,19
TXN0007599,2024-03-27T11:08:00,86,M0146,Food,mid,C00310,19,3,613,0.0983,564.92,netbanking,ICICI,544432,11,2,0,0,0,0,0,0,0,1,0,0,0,40
TXN0007600,2024-03-27T19:48:00,86,M0174,SaaS,low,C01289,145,18,6341,0.0789,7146.8,netbanking,SBI,442605,19,2,0,0,0,0,0,0,0,0,0,0,0,39
TXN0007601,2024-03-27T11:49:00,86,M0025,Food,mid,C00645,181,9,2541,0.1108,2416.51,card,Yes,403281,11,2,0,0,0,0,0,0,1,1,0,0,0,46
TXN0007602,2024-03-27T14:07:00,86,M0196,Retail,low,C00785,9,1,1029,0.1564,1997.58,netbanking,PNB,436145,14,2,0,0,0,0,0,0,0,0,0,0,0,13
TXN0007603,2024-03-27T17:16:00,86,M0032,Food,low,C00048,132,8,7820,0.0412,4573.95,wallet,SBI,579159,17,2,0,0,0,0,0,0,0,0,0,0,0,19
TXN0007604,2024-03-27T11:36:00,86,M0029,Retail,high,C00669,871,104,24875,0.0307,13706.04,upi,Axis,472765,11,2,0,0,0,0,0,0,0,0,0,0,0,19
TXN0007605,2024-03-27T12:57:00,86,M0192,B2B,mid,C00166,192,16,2051,0.2218,30175.92,wallet,PNB,416052,12,2,0,0,0,0,1,1,0,1,1,1,0,58
TXN0007606,2024-03-27T12:40:00,86,M0151,Food,low,C00296,15,3,1112,0.0281,730.71,upi,Kotak,590692,12,2,0,0,0,0,0,0,0,1,0,0,0,47
TXN0007607,2024-03-27T21:03:00,86,M0081,Logistics,high,C01106,884,86,14415,0.044,50955.15,upi,SBI,472658,21,2,0,0,0,1,0,0,0,0,0,1,1,45
TXN0007608,2024-03-27T13:50:00,86,M0057,Food,high,C01076,72,10,1334,0.0015,1461.0,upi,Kotak,402543,13,2,0,0,0,0,0,0,0,1,1,1,0,39
TXN0007609,2024-03-27T18:39:00,86,M0040,SaaS,mid,C01059,819,59,15027,0.0351,9822.67,netbanking,Canara,507935,18,2,0,0,0,1,0,0,0,0,1,1,0,31
TXN0007610,2024-03-27T19:42:00,86,M0068,B2B,low,C01225,284,15,7589,0.1303,18863.16,wallet,HDFC,552506,19,2,0,0,0,0,0,0,0,0,0,0,0,54
TXN0007611,2024-03-27T21:51:00,86,M0195,Food,high,C00431,101,14,6598,0.0446,5143.01,wallet,PNB,477944,21,2,0,0,0,0,0,1,0,1,1,1,0,68
TXN0007612,2024-03-27T16:48:00,86,M0195,Food,high,C01474,15,4,808,0.0462,954.04,netbanking,Kotak,540498,16,2,0,0,1,1,0,0,0,0,0,0,0,53
TXN0007613,2024-03-27T16:12:00,86,M0101,Food,low,C00397,20,3,885,0.0456,492.64,netbanking,Canara,488140,16,2,0,0,0,1,0,1,0,1,1,1,0,18
TXN0007614,2024-03-27T17:28:00,86,M0083,B2B,low,C01319,7,2,506,0.0739,28343.69,wallet,HDFC,481393,17,2,0,0,0,0,0,0,0,0,1,1,0,47
TXN0007615,2024-03-27T10:47:00,86,M0158,Retail,low,C00213,741,100,11338,0.0295,14482.32,wallet,SBI,574646,10,2,0,0,1,1,0,1,0,0,1,1,0,48
TXN0007616,2024-03-27T06:23:00,86,M0091,Logistics,high,C00014,91,14,5154,0.0628,2582.92,wallet,Axis,599535,6,2,0,0,0,1,0,0,0,0,0,0,0,29
TXN0007617,2024-03-27T08:48:00,86,M0162,Services,high,C01292,226,7,1633,0.3705,1018.74,wallet,ICICI,516022,8,2,0,14,0,0,0,0,0,0,0,0,0,33
TXN0007618,2024-03-27T23:06:00,86,M0008,Retail,low,C00705,160,20,7633,0.1856,6772.28,upi,Axis,543657,23,2,0,0,0,0,0,0,0,1,0,0,0,50
TXN0007619,2024-03-27T19:32:00,86,M0056,Retail,low,C01113,181,9,1902,0.0152,1139.76,netbanking,Yes,593578,19,2,0,0,0,1,0,0,0,0,0,0,0,50
TXN0007620,2024-03-27T06:53:00,86,M0150,Retail,mid,C00840,273,17,1417,0.0485,6172.49,wallet,HDFC,448294,6,2,0,0,0,0,0,0,0,0,0,0,0,20
TXN0007621,2024-03-27T16:28:00,86,M0066,Food,mid,C00760,16,2,1193,0.0457,1463.81,card,ICICI,516298,16,2,0,0,0,0,0,1,0,0,0,1,1,14
TXN0007622,2024-03-27T06:33:00,86,M0081,Logistics,high,C00599,124,5,4757,0.0733,16175.77,wallet,Canara,431805,6,2,0,0,0,0,1,0,0,0,1,1,0,51
TXN0007623,2024-03-27T18:43:00,86,M0042,Logistics,mid,C01439,994,101,18629,0.0221,15382.15,upi,HDFC,578555,18,2,0,0,0,0,0,0,0,1,0,0,0,15
TXN0007624,2024-03-27T02:46:00,86,M0067,Food,mid,C00439,200,16,1597,0.205,2662.2,upi,Yes,404030,2,2,0,0,0,1,0,0,0,0,1,1,0,12
TXN0007625,2024-03-27T01:04:00,86,M0086,Retail,high,C00305,112,9,5394,0.0518,3014.59,upi,SBI,490626,1,2,0,6,0,1,0,0,0,1,0,0,0,61
TXN0007626,2024-03-27T12:12:00,86,M0169,Food,low,C00449,163,18,3591,0.0093,2538.13,card,ICICI,444296,12,2,0,0,0,0,0,0,1,1,0,0,0,12
TXN0007627,2024-03-27T09:14:00,86,M0134,Services,low,C00888,11,2,1722,0.0928,1480.63,wallet,Kotak,460281,9,2,0,0,0,0,0,0,0,0,0,0,1,38
TXN0007628,2024-03-27T12:11:00,86,M0176,SaaS,low,C01281,736,65,13056,0.0178,5575.48,netbanking,ICICI,573484,12,2,0,0,0,1,0,0,0,1,0,0,0,31
TXN0007629,2024-03-27T14:51:00,86,M0066,Food,mid,C00029,264,17,6932,0.0507,7348.86,card,Axis,434016,14,2,0,0,1,1,0,1,0,0,0,1,1,57
TXN0007630,2024-03-27T10:52:00,86,M0108,Food,high,C00176,890,74,8221,0.0135,3533.19,wallet,SBI,503977,10,2,0,0,0,0,0,0,0,0,0,0,0,25
TXN0007631,2024-03-27T11:28:00,86,M0104,Food,low,C00165,165,18,7744,0.1186,2096.86,upi,ICICI,534393,11,2,0,0,0,0,0,0,0,1,0,0,0,43
TXN0007632,2024-03-27T20:02:00,86,M0164,Logistics,high,C00194,804,87,4378,0.0061,24469.89,netbanking,Axis,478254,20,2,0,0,0,0,0,0,0,0,1,1,0,31
TXN0007633,2024-03-27T19:18:00,86,M0112,Logistics,mid,C00760,16,2,1193,0.0457,3598.76,netbanking,Kotak,423587,19,2,0,12,1,1,0,0,0,0,0,0,1,34
TXN0007634,2024-03-27T16:58:00,86,M0107,SaaS,mid,C00894,209,14,1372,0.0327,778.23,card,PNB,545718,16,2,0,0,0,0,0,0,0,0,0,0,0,22
TXN0007635,2024-03-27T03:07:00,86,M0089,Food,low,C00625,9,2,1060,0.0287,374.23,netbanking,ICICI,466696,3,2,0,0,0,0,0,0,0,0,0,0,1,48
TXN0007636,2024-03-27T21:26:00,86,M0039,Logistics,mid,C01290,134,9,5843,0.0096,9848.55,wallet,Axis,401463,21,2,0,0,0,0,1,0,0,0,0,1,0,38
TXN0007637,2024-03-27T22:46:00,86,M0014,Logistics,high,C00218,130,11,6939,0.0871,4873.95,card,PNB,470285,22,2,0,0,0,0,0,0,0,1,0,0,1,24
TXN0007638,2024-03-28T10:56:00,87,M0051,Food,low,C01260,748,94,5318,0.0544,6808.59,upi,Yes,525474,10,3,0,8,0,0,0,0,0,0,0,0,0,60
TXN0007639,2024-03-28T12:14:00,87,M0075,Retail,mid,C01128,987,62,19455,0.0377,16853.83,upi,ICICI,437026,12,3,0,0,0,0,0,0,0,0,0,0,0,67
TXN0007640,2024-03-28T11:26:00,87,M0076,Services,high,C00508,167,16,3990,0.0381,9090.28,card,Canara,420672,11,3,0,0,0,0,0,0,0,0,0,0,1,51
TXN0007641,2024-03-28T12:47:00,87,M0165,Services,low,C00868,196,12,3869,0.046,2812.95,wallet,Axis,431720,12,3,0,0,0,1,0,0,0,0,0,0,0,44
TXN0007642,2024-03-28T20:27:00,87,M0089,Food,low,C01301,159,18,3902,0.0381,5447.7,upi,Axis,571012,20,3,0,0,0,0,0,0,0,1,1,1,0,65
TXN0007643,2024-03-28T19:34:00,87,M0168,Food,high,C00190,104,19,5367,0.0534,4985.45,upi,Kotak,453848,19,3,0,0,0,1,0,0,0,0,0,0,0,21
TXN0007644,2024-03-28T22:07:00,87,M0181,Food,high,C01215,842,68,14704,0.0152,29788.81,wallet,Kotak,582161,22,3,0,0,0,0,0,0,0,0,1,1,0,15
TXN0007645,2024-03-28T20:45:00,87,M0025,Food,mid,C01415,250,20,2725,0.1037,1861.59,wallet,HDFC,507497,20,3,0,0,0,0,0,1,0,0,0,1,0,72
TXN0007646,2024-03-28T20:47:00,87,M0039,Logistics,mid,C00615,233,15,5548,0.0875,6336.87,wallet,Canara,558527,20,3,0,0,0,1,0,0,0,0,0,0,0,23
TXN0007647,2024-03-28T13:49:00,87,M0186,B2B,mid,C01077,24,1,1382,0.0444,57232.94,card,ICICI,520990,13,3,0,0,0,0,0,1,0,1,1,1,0,15
TXN0007648,2024-03-28T15:24:00,87,M0105,SaaS,high,C00211,21,4,738,0.1348,396.32,upi,Kotak,588032,15,3,0,0,0,1,1,0,0,0,1,1,0,58
TXN0007649,2024-03-28T18:11:00,87,M0091,Logistics,high,C00240,155,17,4760,0.1241,8616.11,wallet,SBI,466153,18,3,0,0,0,0,0,0,0,1,0,0,0,38
TXN0007650,2024-03-28T18:10:00,87,M0178,Logistics,low,C00784,14,4,1494,0.0944,6224.1,card,Axis,568979,18,3,0,0,0,0,0,0,0,0,0,0,1,34
TXN0007651,2024-03-28T10:16:00,87,M0141,Logistics,low,C01139,12,1,816,0.0541,4650.2,wallet,SBI,583525,10,3,0,0,0,0,0,0,0,0,0,0,0,26
TXN0007652,2024-03-28T07:35:00,87,M0123,Logistics,high,C01015,763,93,15353,0.0415,3491.12,upi,HDFC,473021,7,3,0,0,0,0,1,0,0,1,0,1,0,30
TXN0007653,2024-03-28T20:15:00,87,M0176,SaaS,low,C00346,23,1,1516,0.0407,2926.43,netbanking,Axis,517862,20,3,0,9,0,1,0,0,0,0,0,0,1,55
TXN0007654,2024-03-28T20:35:00,87,M0171,Retail,low,C01121,100,13,1753,0.1255,1774.64,card,Axis,467267,20,3,0,10,0,0,0,0,0,0,0,0,0,64
TXN0007655,2024-03-28T18:56:00,87,M0066,Food,mid,C01058,295,6,5975,0.0554,1829.08,netbanking,PNB,439758,18,3,0,12,0,0,0,0,0,0,0,0,0,55
TXN0007656,2024-03-28T19:51:00,87,M0007,Food,mid,C00474,739,86,5809,0.0047,5781.07,card,Axis,542227,19,3,0,0,0,0,0,0,0,0,0,0,1,41
TXN0007657,2024-03-28T14:29:00,87,M0127,Food,low,C01196,22,2,1850,0.1106,927.39,card,Yes,460756,14,3,0,0,0,1,0,0,0,1,0,0,0,45
TXN0007658,2024-03-28T20:08:00,87,M0106,Services,high,C00950,23,4,1808,0.0475,909.98,wallet,PNB,410567,20,3,0,11,0,0,0,0,0,0,0,0,0,66
TXN0007659,2024-03-28T23:16:00,87,M0186,B2B,mid,C00702,223,10,5735,0.0252,35448.52,card,HDFC,436989,23,3,0,0,0,1,0,0,0,0,1,1,0,18
TXN0007660,2024-03-28T19:34:00,87,M0091,Logistics,high,C01209,15,4,790,0.0451,2989.63,wallet,PNB,577476,19,3,0,0,0,0,0,0,0,0,0,0,1,31
TXN0007661,2024-03-28T14:14:00,87,M0058,B2B,low,C00912,124,12,1883,0.0678,11950.9,wallet,SBI,433071,14,3,0,0,0,0,1,0,0,0,1,1,0,38
TXN0007662,2024-03-28T09:41:00,87,M0062,B2B,low,C00177,65,7,4221,0.1108,15459.62,netbanking,ICICI,522272,9,3,0,0,0,0,0,0,0,0,0,0,0,55
TXN0007663,2024-03-28T08:43:00,87,M0171,Retail,low,C00225,883,68,18172,0.0458,4740.51,upi,Axis,591152,8,3,0,0,0,1,0,0,0,0,0,0,0,36
TXN0007664,2024-03-28T15:40:00,87,M0051,Food,low,C00599,124,5,4757,0.0733,3331.59,upi,Canara,542968,15,3,0,0,0,1,0,0,0,0,0,0,0,57
TXN0007665,2024-03-28T13:55:00,87,M0086,Retail,high,C00998,188,8,4691,0.1272,3166.76,netbanking,Axis,416203,13,3,0,0,0,0,0,0,0,0,0,0,0,39
TXN0007666,2024-03-28T10:17:00,87,M0099,B2B,low,C00126,6,4,711,0.1739,36738.9,card,Kotak,431004,10,3,0,0,0,0,0,0,0,0,0,1,0,67
TXN0007667,2024-03-28T20:12:00,87,M0190,Services,low,C00068,788,109,6849,0.0242,8912.85,wallet,Yes,417685,20,3,0,0,0,0,0,0,0,0,0,0,0,68
TXN0007668,2024-03-28T14:52:00,87,M0193,B2B,low,C01104,912,59,23175,0.0085,79953.19,netbanking,Axis,501434,14,3,0,0,0,1,0,0,0,1,1,1,0,25
TXN0007669,2024-03-28T08:26:00,87,M0156,Services,mid,C00597,806,70,7738,0.0036,3462.75,netbanking,PNB,410612,8,3,0,0,0,0,0,0,0,0,1,1,0,13
TXN0007670,2024-03-28T11:05:00,87,M0026,Retail,high,C00345,5,4,1662,0.0094,6373.94,card,ICICI,435147,11,3,0,0,0,0,0,0,0,0,0,0,1,66
TXN0007671,2024-03-28T13:02:00,87,M0026,Retail,high,C01121,100,13,1753,0.1255,3138.23,upi,PNB,591189,13,3,0,1,1,1,0,0,0,0,0,0,0,72
TXN0007672,2024-03-28T12:55:00,87,M0025,Food,mid,C00495,18,1,1644,0.0142,1180.12,card,SBI,596586,12,3,0,0,0,0,0,0,0,0,1,1,0,46
TXN0007673,2024-03-28T21:27:00,87,M0103,Services,low,C00639,8,4,1170,0.125,3797.62,upi,Yes,466469,21,3,0,0,0,0,0,0,0,1,0,0,0,20
TXN0007674,2024-03-28T13:55:00,87,M0036,Retail,low,C00234,20,4,1443,0.0488,1446.8,upi,HDFC,515445,13,3,0,6,0,0,0,0,1,0,0,0,0,51
TXN0007675,2024-03-28T18:45:00,87,M0160,Services,mid,C00727,14,2,1657,0.1645,2263.9,wallet,HDFC,412430,18,3,0,0,0,0,0,0,0,1,0,0,0,48
TXN0007676,2024-03-28T07:34:00,87,M0154,Retail,low,C01331,932,79,12508,0.025,19277.29,upi,SBI,445424,7,3,0,0,0,0,0,0,0,0,0,0,0,13
TXN0007677,2024-03-28T11:15:00,87,M0076,Services,high,C00262,944,119,4204,0.0321,1549.97,wallet,Axis,471985,11,3,0,0,0,0,0,0,0,0,0,0,0,18
TXN0007678,2024-03-28T19:14:00,87,M0061,Services,low,C00656,24,3,1063,0.0277,1119.65,card,PNB,427434,19,3,0,12,0,0,0,0,0,0,0,0,1,70
TXN0007679,2024-03-28T13:13:00,87,M0011,Food,low,C01171,184,7,2722,0.1516,1876.74,upi,HDFC,457552,13,3,0,0,0,0,0,0,0,0,0,0,0,13
TXN0007680,2024-03-28T20:44:00,87,M0144,Retail,low,C01416,206,7,6172,0.1246,3259.99,upi,HDFC,476043,20,3,0,0,0,1,0,0,0,1,0,0,0,25
TXN0007681,2024-03-28T05:53:00,87,M0091,Logistics,high,C00807,97,5,3377,0.078,13653.5,wallet,Yes,538925,5,3,0,0,0,0,0,0,0,0,1,1,0,70
TXN0007682,2024-03-28T18:59:00,87,M0175,Food,low,C00451,19,4,1309,0.0308,729.39,netbanking,Kotak,505189,18,3,0,0,0,0,0,0,0,0,0,0,1,51
TXN0007683,2024-03-28T11:39:00,87,M0010,SaaS,high,C00205,974,91,11128,0.0001,5334.22,card,ICICI,453472,11,3,0,0,0,0,0,0,0,1,0,0,0,24
TXN0007684,2024-03-28T19:11:00,87,M0025,Food,mid,C00600,115,20,4717,0.0706,8641.95,upi,SBI,449262,19,3,0,14,0,0,0,0,0,0,0,0,0,50
TXN0007685,2024-03-28T19:52:00,87,M0174,SaaS,low,C01369,11,1,1181,0.2256,1872.79,wallet,ICICI,438099,19,3,0,0,0,0,0,0,0,0,0,0,1,42
TXN0007686,2024-03-28T03:16:00,87,M0194,Retail,mid,C00764,925,91,8004,0.0068,3595.76,netbanking,HDFC,506114,3,3,0,0,0,1,0,0,0,1,0,0,0,31
TXN0007687,2024-03-28T11:40:00,87,M0141,Logistics,low,C00577,64,16,6605,0.0782,7037.36,wallet,HDFC,591050,11,3,0,0,0,0,1,0,0,1,1,1,0,70
TXN0007688,2024-03-28T11:45:00,87,M0051,Food,low,C00187,270,12,1258,0.1298,1253.25,upi,Yes,492740,11,3,0,0,0,0,0,0,0,0,1,1,0,33
TXN0007689,2024-03-28T09:03:00,87,M0078,B2B,high,C00516,902,103,23685,0.0193,19732.1,card,ICICI,415722,9,3,0,0,0,0,1,0,0,0,1,1,0,32
TXN0007690,2024-03-28T07:53:00,87,M0032,Food,low,C00961,21,1,1446,0.011,1133.71,upi,Canara,461353,7,3,0,0,0,1,0,0,0,0,0,0,1,15
TXN0007691,2024-03-28T07:17:00,87,M0054,Retail,mid,C00447,952,59,8038,0.0004,6879.65,netbanking,SBI,551565,7,3,0,0,0,0,0,0,0,1,0,0,0,33
TXN0007692,2024-03-28T07:38:00,87,M0102,Retail,high,C00665,272,7,1097,0.067,2143.66,netbanking,Yes,562026,7,3,0,0,0,0,0,0,0,0,0,0,0,30
TXN0007693,2024-03-28T20:23:00,87,M0037,Retail,mid,C00633,76,20,1924,0.0829,532.28,card,Axis,469697,20,3,0,7,0,0,0,0,0,0,0,0,0,29
TXN0007694,2024-03-28T12:18:00,87,M0017,B2B,low,C00384,5,4,1105,0.0554,9487.08,wallet,Canara,434345,12,3,0,0,0,1,0,0,0,1,0,0,1,31
TXN0007695,2024-03-28T19:54:00,87,M0007,Food,mid,C00366,97,8,1865,0.1181,4398.68,card,PNB,477448,19,3,0,0,0,1,0,0,0,0,0,0,0,52
TXN0007696,2024-03-28T21:27:00,87,M0042,Logistics,mid,C01218,166,13,3533,0.0365,10525.69,wallet,SBI,598624,21,3,0,0,0,0,0,0,0,0,0,0,0,34
TXN0007697,2024-03-28T12:19:00,87,M0125,Retail,low,C00083,24,4,1086,0.0349,3527.26,netbanking,SBI,498976,12,3,0,0,0,0,0,0,0,1,0,0,1,44
TXN0007698,2024-03-28T07:56:00,87,M0158,Retail,low,C00794,294,13,3464,0.0308,2025.6,card,Kotak,446463,7,3,0,0,0,0,0,0,0,0,0,0,0,61
TXN0007699,2024-03-28T09:43:00,87,M0189,SaaS,mid,C00064,69,19,1721,0.0594,2455.12,wallet,PNB,433103,9,3,0,0,0,1,0,0,0,1,1,1,0,16
TXN0007700,2024-03-28T13:56:00,87,M0108,Food,high,C01362,246,18,2751,0.1251,1683.83,netbanking,ICICI,409459,13,3,0,0,0,1,0,1,0,0,1,1,0,39
TXN0007701,2024-03-28T08:40:00,87,M0167,SaaS,low,C00742,283,15,7773,0.2377,2749.61,upi,SBI,406986,8,3,0,0,1,1,0,0,0,0,0,0,0,47
TXN0007702,2024-03-28T20:58:00,87,M0033,Logistics,low,C00507,22,3,985,0.0587,5602.51,card,HDFC,560899,20,3,0,0,0,1,0,0,0,0,0,0,0,12
TXN0007703,2024-03-28T03:33:00,87,M0081,Logistics,high,C01012,10,1,716,0.1008,8190.29,wallet,HDFC,520874,3,3,0,0,0,0,0,0,0,1,0,1,1,42
TXN0007704,2024-03-28T11:34:00,87,M0157,SaaS,mid,C01476,108,9,2688,0.0579,1658.99,card,ICICI,425170,11,3,0,0,0,0,0,0,0,0,0,0,0,71
TXN0007705,2024-03-28T06:15:00,87,M0144,Retail,low,C00330,169,10,3899,0.0522,4193.32,upi,Kotak,437135,6,3,0,0,0,0,0,0,0,0,1,1,0,61
TXN0007706,2024-03-28T16:33:00,87,M0103,Services,low,C00830,18,3,1664,0.0177,2055.63,netbanking,Canara,551267,16,3,0,0,0,2,0,0,0,1,0,0,0,18
TXN0007707,2024-03-28T21:33:00,87,M0031,Food,mid,C01409,11,3,1120,0.0956,1556.11,netbanking,Kotak,482927,21,3,0,0,0,0,0,0,0,1,0,0,1,14
TXN0007708,2024-03-28T08:23:00,87,M0008,Retail,low,C00048,132,8,7820,0.0412,2808.17,card,Canara,567759,8,3,0,11,1,1,0,0,0,0,0,0,0,12
TXN0007709,2024-03-28T20:16:00,87,M0143,Logistics,mid,C00368,218,17,1317,0.0644,7794.62,netbanking,ICICI,458218,20,3,0,0,0,0,0,0,0,0,0,0,0,64
TXN0007710,2024-03-28T18:42:00,87,M0112,Logistics,mid,C01305,226,19,4107,0.0527,15512.54,wallet,Kotak,597203,18,3,0,0,0,1,0,0,0,1,1,1,0,52
TXN0007711,2024-03-28T02:59:00,87,M0049,Services,mid,C00371,246,18,5955,0.1486,8895.15,card,SBI,557428,2,3,0,0,0,1,0,0,0,0,1,1,0,26
TXN0007712,2024-03-28T11:45:00,87,M0180,Food,low,C00837,837,111,24254,0.0035,11832.24,upi,SBI,412577,11,3,0,0,0,0,0,1,0,0,1,1,0,27
TXN0007713,2024-03-28T14:09:00,87,M0004,Logistics,low,C00553,21,2,1667,0.1014,7894.31,card,Canara,442102,14,3,0,0,0,0,0,0,0,0,0,0,0,22
TXN0007714,2024-03-28T12:31:00,87,M0127,Food,low,C01409,11,3,1120,0.0956,609.92,upi,HDFC,586980,12,3,0,1,1,1,0,0,0,0,1,1,0,51
TXN0007715,2024-03-28T14:50:00,87,M0125,Retail,low,C00821,7,4,1949,0.2503,3880.28,card,ICICI,450130,14,3,0,0,0,0,0,0,0,0,0,0,1,61
TXN0007716,2024-03-28T20:15:00,87,M0160,Services,mid,C00393,255,7,2060,0.1223,7692.3,wallet,Kotak,498778,20,3,0,0,0,1,0,0,0,0,0,0,0,64
TXN0007717,2024-03-28T14:18:00,87,M0078,B2B,high,C00945,201,19,6918,0.026,32509.52,upi,SBI,511111,14,3,0,0,0,0,0,0,0,0,0,0,0,30
TXN0007718,2024-03-28T08:30:00,87,M0109,Services,low,C00864,22,3,937,0.0258,4739.21,wallet,Yes,577765,8,3,0,0,0,0,0,0,0,0,0,0,0,54
TXN0007719,2024-03-28T17:15:00,87,M0156,Services,mid,C01444,129,7,7536,0.0228,8466.88,upi,ICICI,556310,17,3,0,0,0,0,0,0,0,1,0,0,0,30
TXN0007720,2024-03-28T12:01:00,87,M0146,Food,mid,C00834,17,1,527,0.0342,2342.88,upi,Canara,492363,12,3,0,0,0,0,0,0,0,1,0,0,0,52
TXN0007721,2024-03-28T19:23:00,87,M0037,Retail,mid,C00693,198,12,4802,0.19,5947.43,netbanking,ICICI,516120,19,3,0,0,0,0,0,0,0,1,0,0,0,67
TXN0007722,2024-03-28T11:06:00,87,M0063,SaaS,high,C00071,14,4,804,0.0899,275.29,upi,Canara,451540,11,3,0,0,0,0,0,0,0,0,0,0,0,26
TXN0007723,2024-03-28T03:53:00,87,M0079,Retail,high,C01151,19,1,574,0.048,888.22,upi,ICICI,554818,3,3,0,0,0,0,0,0,0,0,1,1,0,28
TXN0007724,2024-03-28T17:37:00,87,M0064,Food,high,C00947,734,113,24589,0.037,12460.68,wallet,Canara,455224,17,3,0,0,0,0,0,0,0,1,0,0,0,33
TXN0007725,2024-03-28T16:37:00,87,M0008,Retail,low,C00713,837,78,13500,0.0095,10862.34,upi,HDFC,526161,16,3,0,0,0,0,0,0,0,0,0,0,0,65
TXN0007726,2024-03-28T11:24:00,87,M0048,SaaS,mid,C00383,290,6,7598,0.2306,3244.3,card,SBI,528292,11,3,0,0,0,0,0,0,0,1,0,0,0,62
TXN0007727,2024-03-29T21:56:00,88,M0090,Logistics,mid,C00394,69,11,6985,0.0758,12663.96,upi,ICICI,522514,21,4,0,0,0,0,0,0,0,0,0,0,0,19
TXN0007728,2024-03-29T19:08:00,88,M0143,Logistics,mid,C00537,11,4,1296,0.1487,10260.76,netbanking,Canara,442577,19,4,0,0,0,0,0,0,0,0,0,0,0,21
TXN0007729,2024-03-29T14:15:00,88,M0029,Retail,high,C01358,90,12,5588,0.0634,4262.38,netbanking,Kotak,508507,14,4,0,0,0,0,0,0,0,0,0,0,0,51
TXN0007730,2024-03-29T10:40:00,88,M0191,Logistics,high,C00078,122,18,5636,0.166,9053.0,card,Yes,567959,10,4,0,0,0,1,0,0,0,1,0,0,0,30
TXN0007731,2024-03-29T19:27:00,88,M0070,Services,low,C01337,137,13,4759,0.0393,6345.58,netbanking,Canara,447273,19,4,0,0,0,0,0,0,0,0,1,1,0,43
TXN0007732,2024-03-29T04:33:00,88,M0127,Food,low,C00941,8,1,1237,0.0191,1675.66,wallet,Yes,416716,4,4,0,0,0,1,0,0,0,0,1,1,0,66
TXN0007733,2024-03-29T05:24:00,88,M0159,Services,low,C01340,5,4,975,0.1102,2638.39,card,Canara,555758,5,4,0,0,0,0,0,0,0,0,1,1,0,51
TXN0007734,2024-03-29T15:46:00,88,M0010,SaaS,high,C00256,145,18,7680,0.1863,6132.8,card,SBI,439108,15,4,0,0,0,0,0,0,0,1,0,0,0,62
TXN0007735,2024-03-29T14:08:00,88,M0133,SaaS,mid,C00428,11,3,1906,0.0571,2448.48,netbanking,SBI,520859,14,4,0,0,0,1,0,0,0,1,0,0,1,37
TXN0007736,2024-03-29T11:04:00,88,M0098,Retail,mid,C01131,246,15,4665,0.1882,6878.14,upi,Kotak,479325,11,4,0,0,0,0,1,0,0,0,1,1,0,63
TXN0007737,2024-03-29T07:22:00,88,M0166,SaaS,mid,C01179,251,13,7683,0.0651,15486.23,card,PNB,578968,7,4,0,0,0,0,0,0,0,0,1,1,0,47
TXN0007738,2024-03-29T12:09:00,88,M0055,Services,mid,C01434,25,1,1438,0.0566,6012.6,card,Yes,477442,12,4,0,0,0,0,0,0,0,0,0,0,0,53
TXN0007739,2024-03-29T22:43:00,88,M0191,Logistics,high,C00871,21,4,1704,0.0778,6332.91,card,PNB,441127,22,4,0,0,0,1,0,0,0,0,0,0,0,36
TXN0007740,2024-03-29T07:24:00,88,M0131,Logistics,high,C00796,981,110,16531,0.053,37559.86,card,Canara,592016,7,4,0,0,0,1,0,0,0,0,1,1,0,28
TXN0007741,2024-03-29T11:21:00,88,M0019,Services,mid,C01243,240,17,5202,0.0226,11825.28,wallet,HDFC,592307,11,4,0,0,0,0,0,0,0,1,0,0,0,60
TXN0007742,2024-03-29T10:56:00,88,M0112,Logistics,mid,C00616,911,58,7892,0.0092,8059.25,wallet,Yes,483712,10,4,0,0,0,0,0,0,0,1,0,0,0,17
TXN0007743,2024-03-29T11:32:00,88,M0031,Food,mid,C01305,226,19,4107,0.0527,1829.35,netbanking,Axis,453343,11,4,0,0,1,2,0,0,0,1,0,0,1,59
TXN0007744,2024-03-29T11:50:00,88,M0073,SaaS,high,C00196,24,2,996,0.022,514.42,wallet,Yes,571114,11,4,0,12,0,1,0,1,0,0,0,1,1,53
TXN0007745,2024-03-29T11:19:00,88,M0115,Services,high,C00967,289,8,4199,0.1297,2914.27,upi,Axis,579208,11,4,0,0,0,0,0,0,0,0,0,0,0,31
TXN0007746,2024-03-29T18:14:00,88,M0186,B2B,mid,C00161,185,11,2004,0.0423,17431.45,upi,HDFC,520198,18,4,0,0,0,0,0,0,0,1,0,0,0,47
TXN0007747,2024-03-29T21:51:00,88,M0139,Logistics,low,C00604,289,17,7719,0.0208,7440.31,netbanking,Kotak,585989,21,4,0,0,0,1,0,0,0,1,0,0,0,48
TXN0007748,2024-03-29T18:39:00,88,M0017,B2B,low,C00054,249,8,7248,0.0399,20740.74,wallet,HDFC,496121,18,4,0,0,0,0,0,0,0,1,0,0,0,35
TXN0007749,2024-03-29T07:05:00,88,M0072,SaaS,high,C00915,220,18,1538,0.0196,902.46,wallet,Yes,463746,7,4,0,0,0,1,0,0,0,1,0,0,1,21
TXN0007750,2024-03-29T05:03:00,88,M0034,Retail,high,C00617,275,10,5677,0.1505,8610.28,card,HDFC,490017,5,4,0,0,0,0,0,0,0,1,1,1,0,56
TXN0007751,2024-03-29T15:35:00,88,M0194,Retail,mid,C00219,7,1,1716,0.0124,1672.83,netbanking,ICICI,501075,15,4,0,0,0,0,0,0,0,1,0,0,0,13
TXN0007752,2024-03-29T07:48:00,88,M0010,SaaS,high,C00655,24,1,1087,0.1257,2262.89,wallet,Yes,509513,7,4,0,0,0,1,0,0,1,1,1,1,0,24
TXN0007753,2024-03-29T18:14:00,88,M0006,Food,low,C01043,200,13,3135,0.0747,1791.29,upi,Axis,416153,18,4,0,0,0,0,0,0,0,0,0,0,0,28
TXN0007754,2024-03-29T08:49:00,88,M0196,Retail,low,C00184,241,14,4890,0.1259,11017.58,upi,Yes,564915,8,4,0,8,0,1,0,0,0,0,0,0,0,17
TXN0007755,2024-03-29T07:49:00,88,M0158,Retail,low,C00246,158,9,7475,0.1369,4522.72,card,HDFC,534846,7,4,0,0,0,0,0,1,0,0,1,1,0,51
TXN0007756,2024-03-29T03:57:00,88,M0111,Logistics,low,C00839,9,4,1493,0.0814,6490.36,upi,Axis,488140,3,4,0,0,0,1,0,0,0,0,0,0,1,59
TXN0007757,2024-03-29T09:19:00,88,M0168,Food,high,C01404,136,6,5880,0.0288,8972.11,wallet,SBI,576286,9,4,0,11,0,0,0,0,0,0,0,0,0,51
TXN0007758,2024-03-29T09:51:00,88,M0131,Logistics,high,C01375,827,66,13174,0.001,5354.16,upi,ICICI,465687,9,4,0,0,0,0,0,0,0,0,1,1,0,36
TXN0007759,2024-03-29T12:30:00,88,M0010,SaaS,high,C00537,11,4,1296,0.1487,1990.02,card,ICICI,596499,12,4,0,1,1,1,0,0,0,0,0,0,1,25
TXN0007760,2024-03-29T13:52:00,88,M0108,Food,high,C01448,213,20,3457,0.0779,1674.3,wallet,ICICI,464977,13,4,0,0,0,0,0,0,0,0,0,0,0,68
TXN0007761,2024-03-29T09:31:00,88,M0025,Food,mid,C01405,22,1,758,0.1553,873.32,card,SBI,515644,9,4,0,0,0,0,0,0,0,0,0,0,0,27
TXN0007762,2024-03-29T11:32:00,88,M0141,Logistics,low,C00046,899,95,17868,0.007,9149.89,card,PNB,496464,11,4,0,0,0,0,0,0,0,1,0,0,0,44
TXN0007763,2024-03-29T10:22:00,88,M0117,SaaS,low,C00522,25,2,768,0.1531,1541.5,card,ICICI,428375,10,4,0,0,0,0,0,0,0,1,0,0,0,42
TXN0007764,2024-03-29T18:55:00,88,M0107,SaaS,mid,C01460,11,4,1061,0.0319,1799.08,wallet,Kotak,523984,18,4,0,0,0,0,0,0,0,1,0,0,1,46
TXN0007765,2024-03-29T09:06:00,88,M0068,B2B,low,C01280,146,17,1316,0.1056,42519.05,card,Axis,461101,9,4,0,0,0,0,0,0,0,1,1,1,0,27
TXN0007766,2024-03-29T16:46:00,88,M0170,Logistics,mid,C01137,796,106,15017,0.0135,11068.85,netbanking,Kotak,529885,16,4,0,0,0,0,0,0,0,0,0,0,0,25
TXN0007767,2024-03-29T15:19:00,88,M0055,Services,mid,C00611,236,14,3084,0.1764,8611.13,netbanking,ICICI,540071,15,4,0,0,0,0,1,0,0,0,1,1,0,28
TXN0007768,2024-03-29T10:16:00,88,M0185,Food,high,C00523,973,109,20713,0.0508,4385.59,netbanking,HDFC,545492,10,4,0,0,0,0,0,0,0,1,0,0,0,41
TXN0007769,2024-03-29T17:02:00,88,M0178,Logistics,low,C00308,260,13,2367,0.0514,6694.15,wallet,PNB,415931,17,4,0,0,0,0,0,0,0,1,0,0,0,53
TXN0007770,2024-03-29T11:23:00,88,M0079,Retail,high,C01480,19,4,906,0.0555,4107.69,wallet,Yes,485840,11,4,0,0,0,0,0,0,0,0,0,0,0,24
TXN0007771,2024-03-29T19:56:00,88,M0127,Food,low,C00723,133,10,2436,0.1886,2100.77,netbanking,Kotak,542738,19,4,0,0,0,1,0,0,0,1,0,0,1,43
TXN0007772,2024-03-29T18:04:00,88,M0070,Services,low,C00381,86,5,5190,0.1964,8312.19,netbanking,Yes,402256,18,4,0,0,0,0,0,0,0,1,1,1,0,17
TXN0007773,2024-03-29T22:01:00,88,M0091,Logistics,high,C00120,246,9,2935,0.0355,8492.03,wallet,Kotak,465844,22,4,0,0,0,0,0,0,0,0,0,0,0,43
TXN0007774,2024-03-29T18:22:00,88,M0052,Logistics,mid,C00233,12,4,1666,0.1861,4476.61,upi,Canara,540132,18,4,0,6,0,0,0,0,0,1,0,0,1,46
TXN0007775,2024-03-29T12:27:00,88,M0136,Logistics,mid,C00752,85,5,5332,0.0525,27985.36,upi,HDFC,539650,12,4,0,0,0,0,0,0,0,0,1,1,0,30
TXN0007776,2024-03-29T20:59:00,88,M0082,B2B,high,C00823,200,17,1758,0.0443,19790.74,wallet,ICICI,453347,20,4,0,0,0,1,0,0,0,0,0,0,1,12
TXN0007777,2024-03-29T20:27:00,88,M0055,Services,mid,C00866,21,3,753,0.0237,2804.13,wallet,PNB,402406,20,4,0,0,0,0,0,0,0,1,0,0,1,14
TXN0007778,2024-03-29T18:37:00,88,M0075,Retail,mid,C01348,868,116,13563,0.0197,2213.78,wallet,Kotak,465728,18,4,0,0,0,0,0,0,0,1,0,0,0,34
TXN0007779,2024-03-29T20:59:00,88,M0193,B2B,low,C00545,130,10,1564,0.0778,30981.21,upi,SBI,406866,20,4,0,0,0,0,0,0,0,0,0,0,0,53
TXN0007780,2024-03-29T16:52:00,88,M0150,Retail,mid,C00833,176,19,6110,0.0399,5572.41,upi,ICICI,413198,16,4,0,0,0,0,1,0,0,0,1,1,0,50
TXN0007781,2024-03-29T13:49:00,88,M0143,Logistics,mid,C00048,132,8,7820,0.0412,5731.99,wallet,Kotak,472851,13,4,0,0,0,2,0,1,0,0,1,1,0,54
TXN0007782,2024-03-29T22:24:00,88,M0134,Services,low,C00209,841,81,22523,0.05,23008.11,wallet,PNB,499701,22,4,0,11,0,0,0,0,0,0,0,0,0,62
TXN0007783,2024-03-29T05:09:00,88,M0109,Services,low,C00409,6,2,712,0.0617,2890.5,upi,Axis,469706,5,4,0,0,0,0,0,0,0,0,0,0,1,22
TXN0007784,2024-03-29T08:00:00,88,M0005,Logistics,high,C01464,271,9,2232,0.106,15611.13,card,Axis,580840,8,4,0,0,0,0,0,0,0,1,1,1,0,59
TXN0007785,2024-03-29T16:30:00,88,M0107,SaaS,mid,C00441,144,16,3404,0.0449,3564.68,upi,Canara,504054,16,4,0,0,0,0,0,0,0,0,0,0,0,65
TXN0007786,2024-03-29T03:50:00,88,M0106,Services,high,C00029,264,17,6932,0.0507,8154.4,upi,SBI,482652,3,4,0,0,0,2,0,0,0,0,1,1,0,40
TXN0007787,2024-03-29T12:15:00,88,M0110,Food,high,C00881,257,14,5596,0.1712,3322.97,card,SBI,501684,12,4,0,12,0,0,0,0,0,0,0,0,0,55
TXN0007788,2024-03-29T18:02:00,88,M0164,Logistics,high,C00125,751,107,21732,0.0222,5541.3,card,ICICI,483336,18,4,0,0,0,1,1,0,0,1,1,1,0,52
TXN0007789,2024-03-29T10:48:00,88,M0097,Services,low,C01057,5,2,514,0.1246,1456.3,netbanking,ICICI,462555,10,4,0,0,0,0,0,0,0,0,0,0,0,23
TXN0007790,2024-03-29T00:18:00,88,M0034,Retail,high,C00528,5,3,886,0.0802,1983.43,card,Axis,419725,0,4,0,0,0,0,0,0,1,0,1,1,0,37
TXN0007791,2024-03-29T12:22:00,88,M0030,B2B,high,C00547,197,17,2555,0.0928,131615.01,netbanking,Yes,582423,12,4,0,0,0,0,0,0,0,0,1,1,0,37
TXN0007792,2024-03-29T16:21:00,88,M0015,Services,low,C01414,212,15,5435,0.0786,7106.13,netbanking,ICICI,478919,16,4,0,0,0,0,1,0,0,0,1,1,0,45
TXN0007793,2024-03-29T19:31:00,88,M0079,Retail,high,C00949,264,17,4123,0.0427,3887.97,netbanking,HDFC,409099,19,4,0,0,0,0,0,0,0,1,0,0,0,58
TXN0007794,2024-03-29T18:49:00,88,M0164,Logistics,high,C00486,240,17,7027,0.0457,17305.09,netbanking,ICICI,443481,18,4,0,0,0,0,0,0,0,0,0,0,1,39
TXN0007795,2024-03-29T16:29:00,88,M0179,Services,low,C00136,918,106,18128,0.0252,11464.88,netbanking,Kotak,502197,16,4,0,10,0,1,0,0,0,0,0,0,0,50
TXN0007796,2024-03-29T18:38:00,88,M0105,SaaS,high,C00039,99,18,2442,0.1739,1814.85,upi,Kotak,527241,18,4,0,13,0,0,0,0,0,1,0,0,0,58
TXN0007797,2024-03-29T20:15:00,88,M0103,Services,low,C00971,17,3,524,0.1054,1461.05,upi,Canara,403505,20,4,0,0,0,0,0,1,0,0,1,1,0,13
TXN0007798,2024-03-29T05:53:00,88,M0015,Services,low,C00593,288,9,4220,0.0945,3080.1,wallet,Canara,431305,5,4,0,0,0,0,0,0,0,1,0,0,0,52
TXN0007799,2024-03-29T18:18:00,88,M0072,SaaS,high,C00524,820,108,23678,0.0222,29843.44,wallet,Axis,507124,18,4,0,13,0,0,0,0,0,0,0,0,0,43
TXN0007800,2024-03-29T15:06:00,88,M0183,Retail,mid,C00908,186,16,5237,0.1913,13614.48,card,Axis,470734,15,4,0,0,0,0,0,0,0,1,0,0,0,34
TXN0007801,2024-03-29T19:04:00,88,M0021,SaaS,mid,C01026,84,9,3649,0.1314,2333.44,netbanking,ICICI,484972,19,4,0,0,0,1,0,1,0,0,0,1,0,14
TXN0007802,2024-03-29T22:46:00,88,M0000,Logistics,low,C00576,741,55,11106,0.0526,15134.34,netbanking,HDFC,506560,22,4,0,0,0,1,0,0,0,1,1,1,0,71
TXN0007803,2024-03-29T13:41:00,88,M0018,SaaS,high,C00993,8,1,1819,0.1277,1699.87,card,Axis,469108,13,4,0,0,0,0,0,0,0,1,0,0,0,40
TXN0007804,2024-03-29T20:04:00,88,M0050,Logistics,high,C01188,22,1,1190,0.1683,19842.41,upi,Kotak,422911,20,4,0,0,0,2,0,0,0,0,1,1,0,70
TXN0007805,2024-03-29T10:47:00,88,M0058,B2B,low,C00950,23,4,1808,0.0475,14145.2,netbanking,SBI,410891,10,4,0,0,1,1,0,0,0,0,0,0,0,51
TXN0007806,2024-03-29T10:29:00,88,M0004,Logistics,low,C00179,255,17,3997,0.1177,4582.47,wallet,SBI,443868,10,4,0,0,0,0,0,0,0,0,0,0,1,41
TXN0007807,2024-03-29T20:42:00,88,M0059,Logistics,mid,C01450,183,14,6286,0.0681,22069.77,netbanking,PNB,428770,20,4,0,0,0,0,0,0,0,1,0,0,1,54
TXN0007808,2024-03-29T01:37:00,88,M0062,B2B,low,C00572,739,98,22103,0.0447,32591.12,card,Canara,431258,1,4,0,0,0,1,1,0,0,0,1,1,0,71
TXN0007809,2024-03-29T09:24:00,88,M0111,Logistics,low,C00385,206,11,3811,0.1467,10508.4,card,Yes,590184,9,4,0,0,0,0,0,0,0,0,0,0,0,50
TXN0007810,2024-03-29T11:16:00,88,M0091,Logistics,high,C01497,264,17,6176,0.0222,6244.07,card,Axis,533289,11,4,0,0,0,0,0,0,0,0,0,0,1,18
TXN0007811,2024-03-29T21:59:00,88,M0001,Retail,high,C00129,806,92,5670,0.0205,2355.09,wallet,PNB,558238,21,4,0,0,0,1,0,0,0,0,0,0,0,35
TXN0007812,2024-03-29T19:36:00,88,M0020,B2B,low,C00684,263,8,4737,0.1664,55504.13,netbanking,Kotak,457972,19,4,0,0,0,0,1,0,0,0,1,1,0,42
TXN0007813,2024-03-29T12:52:00,88,M0122,Retail,low,C00933,21,4,928,0.1246,754.86,card,Yes,400065,12,4,0,0,0,0,0,1,0,0,1,1,0,20
TXN0007814,2024-03-29T12:52:00,88,M0047,Logistics,low,C00938,118,6,4811,0.096,10845.64,upi,Kotak,574212,12,4,0,0,0,0,0,0,0,0,0,0,0,71
TXN0007815,2024-03-29T23:22:00,88,M0057,Food,high,C00691,6,2,1968,0.0842,2254.03,wallet,Kotak,441031,23,4,0,0,0,1,0,0,0,1,0,0,1,49
TXN0007816,2024-03-30T19:20:00,89,M0078,B2B,high,C00106,22,3,1872,0.0279,15506.14,upi,PNB,465362,19,5,1,0,0,0,0,0,0,1,0,0,0,27
TXN0007817,2024-03-30T15:51:00,89,M0140,Logistics,high,C00709,766,99,13908,0.0162,28136.18,netbanking,Axis,515543,15,5,1,0,0,0,0,0,0,0,0,0,0,13
TXN0007818,2024-03-30T11:07:00,89,M0166,SaaS,mid,C01021,277,6,5906,0.0539,1566.92,upi,SBI,540412,11,5,1,0,0,1,1,0,0,0,1,1,0,56
TXN0007819,2024-03-30T16:51:00,89,M0184,Logistics,high,C00531,823,67,12489,0.0024,10805.74,wallet,SBI,438677,16,5,1,0,0,1,0,0,0,0,0,0,0,61
TXN0007820,2024-03-30T17:57:00,89,M0090,Logistics,mid,C01200,782,68,18104,0.0362,20830.32,card,Kotak,519574,17,5,1,0,0,0,0,0,0,0,0,0,0,46
TXN0007821,2024-03-30T19:28:00,89,M0022,Retail,low,C01436,16,3,1961,0.0725,2522.17,netbanking,ICICI,468992,19,5,1,0,0,0,0,0,0,1,0,0,1,30
TXN0007822,2024-03-30T08:04:00,89,M0019,Services,mid,C00977,20,3,913,0.0585,6140.18,upi,HDFC,468277,8,5,1,0,0,0,0,0,0,0,0,0,0,67
TXN0007823,2024-03-30T21:55:00,89,M0165,Services,low,C01168,266,17,7311,0.0744,1931.87,upi,HDFC,590905,21,5,1,0,0,0,0,0,0,0,0,0,0,52
TXN0007824,2024-03-30T12:18:00,89,M0114,Logistics,mid,C00470,118,7,5215,0.1511,8271.43,netbanking,PNB,547832,12,5,1,0,0,1,0,0,0,1,0,0,0,58
TXN0007825,2024-03-30T13:23:00,89,M0127,Food,low,C00115,8,1,1518,0.0701,727.8,wallet,Yes,461236,13,5,1,0,0,1,0,0,1,0,0,0,0,43
TXN0007826,2024-03-30T14:08:00,89,M0030,B2B,high,C00171,127,11,7282,0.1708,20492.34,netbanking,Canara,450883,14,5,1,0,0,0,0,0,0,0,0,0,0,15
TXN0007827,2024-03-30T22:07:00,89,M0136,Logistics,mid,C01046,18,4,553,0.0474,8834.16,wallet,ICICI,567866,22,5,1,0,0,0,0,0,0,1,1,1,0,16
TXN0007828,2024-03-30T19:11:00,89,M0064,Food,high,C00477,21,4,806,0.0824,740.98,upi,Canara,533425,19,5,1,0,0,0,0,0,0,0,0,0,0,57
TXN0007829,2024-03-30T10:56:00,89,M0038,B2B,mid,C00897,64,9,6295,0.0343,14303.63,card,PNB,496024,10,5,1,0,0,1,1,0,0,1,1,1,0,32
TXN0007830,2024-03-30T17:54:00,89,M0164,Logistics,high,C00224,141,18,4344,0.0297,10939.97,card,Yes,499239,17,5,1,0,0,0,1,0,0,0,1,1,0,68
TXN0007831,2024-03-30T12:33:00,89,M0191,Logistics,high,C01417,137,14,7151,0.1005,12171.44,card,HDFC,570116,12,5,1,0,0,0,0,0,0,1,1,1,0,60
TXN0007832,2024-03-30T14:11:00,89,M0129,Services,low,C01063,16,2,1323,0.0664,2841.71,upi,Yes,409732,14,5,1,14,0,1,0,0,0,0,0,0,1,61
TXN0007833,2024-03-30T13:32:00,89,M0190,Services,low,C01215,842,68,14704,0.0152,4050.59,upi,HDFC,590632,13,5,1,0,0,1,0,1,0,0,1,1,0,66
TXN0007834,2024-03-30T13:11:00,89,M0077,Services,high,C01069,740,66,8096,0.0128,3763.06,card,Canara,518533,13,5,1,0,0,0,0,0,0,1,0,0,0,33
TXN0007835,2024-03-30T09:33:00,89,M0136,Logistics,mid,C00326,91,5,1505,0.2531,17104.47,card,HDFC,535013,9,5,1,0,0,1,0,0,0,0,0,0,0,26
TXN0007836,2024-03-30T15:10:00,89,M0178,Logistics,low,C01354,125,11,1634,0.1324,11469.97,upi,SBI,421748,15,5,1,0,0,0,0,0,0,0,0,0,0,46
TXN0007837,2024-03-30T12:25:00,89,M0036,Retail,low,C00157,67,9,7952,0.0952,6834.68,wallet,HDFC,561514,12,5,1,0,0,0,0,0,0,0,0,0,0,35
TXN0007838,2024-03-30T14:29:00,89,M0117,SaaS,low,C00984,20,1,1236,0.0756,1137.59,card,HDFC,450987,14,5,1,0,0,0,0,0,0,0,0,0,0,55
TXN0007839,2024-03-30T19:00:00,89,M0103,Services,low,C00536,12,4,1407,0.0616,1282.32,upi,PNB,438028,19,5,1,0,0,0,0,0,0,0,0,0,0,68
TXN0007840,2024-03-30T12:01:00,89,M0146,Food,mid,C00125,751,107,21732,0.0222,6187.14,upi,HDFC,464078,12,5,1,0,1,2,0,0,0,0,0,0,0,15
TXN0007841,2024-03-30T09:40:00,89,M0097,Services,low,C00264,25,4,1179,0.0072,6449.07,upi,Yes,466239,9,5,1,0,0,0,0,0,0,0,0,0,1,47
TXN0007842,2024-03-30T14:59:00,89,M0169,Food,low,C01102,18,2,502,0.0708,1488.11,upi,ICICI,474272,14,5,1,0,0,0,0,0,0,0,0,0,0,29
TXN0007843,2024-03-30T22:14:00,89,M0170,Logistics,mid,C01420,162,18,3883,0.1507,8701.85,upi,Canara,493257,22,5,1,0,0,0,0,0,0,0,1,1,0,42
TXN0007844,2024-03-30T11:32:00,89,M0009,Retail,low,C00764,925,91,8004,0.0068,8751.78,card,Yes,408000,11,5,1,0,0,1,0,0,0,0,0,0,0,52
TXN0007845,2024-03-30T20:40:00,89,M0169,Food,low,C00054,249,8,7248,0.0399,3536.65,upi,HDFC,511552,20,5,1,10,0,1,0,0,0,0,0,0,0,48
TXN0007846,2024-03-30T07:30:00,89,M0071,Retail,low,C01085,162,13,2695,0.0494,2968.09,netbanking,Canara,404067,7,5,1,0,0,0,0,1,0,0,0,1,1,45
TXN0007847,2024-03-30T22:24:00,89,M0025,Food,mid,C00959,25,3,1865,0.1485,892.93,upi,PNB,469211,22,5,1,0,0,0,0,1,0,0,1,1,0,34
TXN0007848,2024-03-30T21:24:00,89,M0017,B2B,low,C00328,25,4,763,0.0207,30234.22,card,Yes,559016,21,5,1,0,0,0,0,0,0,0,0,0,1,56
TXN0007849,2024-03-30T15:58:00,89,M0152,Retail,high,C01015,763,93,15353,0.0415,11360.79,wallet,HDFC,449591,15,5,1,0,0,1,0,0,0,0,0,0,0,19
TXN0007850,2024-03-30T16:12:00,89,M0061,Services,low,C00422,8,4,941,0.0724,2168.2,card,Canara,530257,16,5,1,0,0,1,0,0,0,0,0,0,1,65
TXN0007851,2024-03-30T16:33:00,89,M0006,Food,low,C00750,260,8,5929,0.0549,3650.11,card,Yes,417617,16,5,1,0,0,0,0,0,0,0,0,0,0,34
TXN0007852,2024-03-30T19:35:00,89,M0178,Logistics,low,C00599,124,5,4757,0.0733,11238.4,netbanking,Axis,482540,19,5,1,0,0,2,0,0,0,0,0,0,0,18
TXN0007853,2024-03-30T14:09:00,89,M0027,Services,high,C01249,7,4,1266,0.1009,3428.05,upi,Kotak,406792,14,5,1,0,0,0,0,0,0,0,0,0,0,44
TXN0007854,2024-03-30T10:58:00,89,M0195,Food,high,C00624,65,14,6233,0.047,5022.43,wallet,PNB,528924,10,5,1,11,0,0,0,0,0,1,0,0,0,12
TXN0007855,2024-03-30T11:16:00,89,M0198,Food,mid,C01134,289,7,5087,0.0305,1691.59,card,HDFC,485500,11,5,1,0,0,0,0,0,0,0,0,0,0,33
TXN0007856,2024-03-30T08:58:00,89,M0102,Retail,high,C00426,215,12,3241,0.083,1368.95,wallet,HDFC,401618,8,5,1,0,0,0,0,0,0,0,0,0,0,64
TXN0007857,2024-03-30T12:11:00,89,M0140,Logistics,high,C00416,120,7,4760,0.1133,9231.41,wallet,Canara,491700,12,5,1,0,0,0,0,0,0,0,0,0,0,40
TXN0007858,2024-03-30T06:30:00,89,M0001,Retail,high,C00200,274,10,1297,0.0557,925.77,card,ICICI,536203,6,5,1,0,0,0,0,0,0,0,0,0,0,28
TXN0007859,2024-03-30T19:55:00,89,M0117,SaaS,low,C01005,24,1,1586,0.0437,3021.05,wallet,Kotak,449801,19,5,1,0,0,0,0,0,0,0,0,0,0,20
TXN0007860,2024-03-30T10:35:00,89,M0102,Retail,high,C00165,165,18,7744,0.1186,20858.45,card,Yes,491318,10,5,1,6,0,1,0,0,0,1,0,0,0,41
TXN0007861,2024-03-30T09:15:00,89,M0071,Retail,low,C00068,788,109,6849,0.0242,5664.04,upi,Canara,475881,9,5,1,0,0,1,0,0,0,0,0,0,0,20
TXN0007862,2024-03-30T15:12:00,89,M0191,Logistics,high,C00553,21,2,1667,0.1014,14680.54,upi,Canara,531267,15,5,1,12,0,1,0,0,0,0,0,0,1,53
TXN0007863,2024-03-30T19:04:00,89,M0145,SaaS,low,C00102,143,17,5893,0.0911,1827.39,wallet,ICICI,405682,19,5,1,0,0,0,0,0,0,0,0,0,0,13
TXN0007864,2024-03-30T23:24:00,89,M0023,Services,low,C00180,200,13,7760,0.0326,2818.48,netbanking,Canara,468071,23,5,1,0,0,0,0,0,0,0,0,0,0,43
TXN0007865,2024-03-30T08:05:00,89,M0042,Logistics,mid,C00676,205,16,3731,0.1246,5929.11,wallet,Axis,585888,8,5,1,0,0,0,0,0,0,1,0,0,0,12
TXN0007866,2024-03-30T14:00:00,89,M0146,Food,mid,C01049,239,14,5518,0.0835,2337.11,card,PNB,486008,14,5,1,0,0,0,0,0,0,0,0,0,0,39
TXN0007867,2024-03-30T15:22:00,89,M0135,Retail,low,C00975,145,5,5985,0.0929,2032.08,netbanking,SBI,408997,15,5,1,0,0,1,0,0,0,0,1,1,0,45
TXN0007868,2024-03-30T07:22:00,89,M0191,Logistics,high,C01342,17,4,1571,0.174,25567.53,card,Canara,553412,7,5,1,0,0,0,0,0,0,0,0,0,1,13
TXN0007869,2024-03-30T13:55:00,89,M0112,Logistics,mid,C01489,138,17,6122,0.0641,13260.93,netbanking,HDFC,464574,13,5,1,0,0,0,0,0,0,0,0,0,0,45
TXN0007870,2024-03-30T07:35:00,89,M0141,Logistics,low,C01376,15,4,962,0.0503,23658.96,card,Yes,530647,7,5,1,0,0,0,0,1,0,0,0,1,1,51
TXN0007871,2024-03-30T20:46:00,89,M0184,Logistics,high,C00571,11,2,917,0.0974,10085.02,netbanking,SBI,597022,20,5,1,1,0,1,0,0,0,0,1,1,0,19
TXN0007872,2024-03-30T12:06:00,89,M0077,Services,high,C00718,996,52,12606,0.0099,5498.89,card,ICICI,457332,12,5,1,0,0,1,0,0,0,0,0,0,0,57
TXN0007873,2024-03-30T22:44:00,89,M0063,SaaS,high,C00048,132,8,7820,0.0412,9465.47,upi,PNB,494395,22,5,1,0,0,3,0,0,0,0,0,0,0,30
TXN0007874,2024-03-30T14:12:00,89,M0032,Food,low,C01275,228,18,5362,0.0179,1329.59,card,PNB,527311,14,5,1,0,0,0,0,0,0,1,0,0,0,26
TXN0007875,2024-03-30T18:04:00,89,M0012,Food,low,C01135,10,4,1028,0.1164,2025.69,wallet,ICICI,474862,18,5,1,0,0,0,0,0,0,1,0,0,0,41
TXN0007876,2024-03-30T20:48:00,89,M0004,Logistics,low,C01391,114,20,6475,0.0823,10525.98,card,Yes,531242,20,5,1,0,0,1,1,0,0,0,1,1,0,61
TXN0007877,2024-03-30T00:23:00,89,M0148,SaaS,mid,C00034,13,3,843,0.0994,931.83,upi,HDFC,425783,0,5,1,0,0,0,0,0,0,0,0,0,1,21
TXN0007878,2024-03-30T13:14:00,89,M0084,B2B,mid,C01249,7,4,1266,0.1009,31541.23,netbanking,PNB,505264,13,5,1,1,1,1,0,0,0,0,0,1,0,40
TXN0007879,2024-03-30T06:42:00,89,M0025,Food,mid,C01324,148,17,6773,0.0247,4794.83,upi,PNB,444618,6,5,1,14,0,0,0,0,0,0,0,0,0,62
TXN0007880,2024-03-30T14:21:00,89,M0159,Services,low,C00726,937,113,7763,0.0556,2381.41,upi,ICICI,426619,14,5,1,0,0,0,0,0,0,0,0,0,0,29
TXN0007881,2024-03-30T05:36:00,89,M0172,Food,mid,C00888,11,2,1722,0.0928,1616.41,netbanking,PNB,442430,5,5,1,0,0,1,0,0,0,1,0,0,0,43
TXN0007882,2024-03-30T09:52:00,89,M0162,Services,high,C00013,300,11,3983,0.0544,4611.68,wallet,HDFC,500974,9,5,1,0,0,1,0,0,0,1,0,0,0,55
TXN0007883,2024-03-30T18:05:00,89,M0149,Services,low,C00086,20,3,1193,0.2525,1411.8,upi,Canara,454199,18,5,1,0,0,0,0,0,0,0,0,0,1,16
TXN0007884,2024-03-30T15:02:00,89,M0129,Services,low,C00948,163,14,3671,0.0629,3151.97,card,Canara,404318,15,5,1,8,0,0,0,0,0,0,0,0,0,48
TXN0007885,2024-03-30T00:15:00,89,M0163,Logistics,high,C01161,141,15,2396,0.4262,7320.24,card,Yes,564255,0,5,1,0,0,0,1,0,0,0,1,1,0,21
TXN0007886,2024-03-30T06:23:00,89,M0156,Services,mid,C01334,8,4,1842,0.0547,4378.6,upi,HDFC,586275,6,5,1,0,0,0,0,0,0,1,1,1,0,30
TXN0007887,2024-03-30T20:28:00,89,M0139,Logistics,low,C01237,12,3,1754,0.1256,3340.49,wallet,Axis,435310,20,5,1,0,0,0,0,0,0,1,0,0,1,15
TXN0007888,2024-03-30T10:34:00,89,M0081,Logistics,high,C00359,13,1,809,0.2172,15343.9,card,Kotak,426614,10,5,1,0,0,0,0,0,0,0,0,0,1,64
TXN0007889,2024-03-30T11:23:00,89,M0125,Retail,low,C01297,214,12,4677,0.1462,4648.35,card,Yes,484433,11,5,1,0,0,0,0,0,0,1,0,0,0,14
TXN0007890,2024-03-30T12:00:00,89,M0079,Retail,high,C00322,23,1,818,0.032,2375.2,netbanking,Canara,556658,12,5,1,0,0,0,0,0,0,0,0,0,1,42
TXN0007891,2024-03-30T14:54:00,89,M0112,Logistics,mid,C00686,143,8,6604,0.0842,14851.44,netbanking,Kotak,482471,14,5,1,0,0,0,0,0,0,0,0,0,0,29
TXN0007892,2024-03-30T17:58:00,89,M0170,Logistics,mid,C00966,6,2,1405,0.1134,4074.47,wallet,ICICI,482471,17,5,1,0,0,0,0,0,0,1,1,1,0,26
TXN0007893,2024-03-30T09:53:00,89,M0130,Food,low,C01342,17,4,1571,0.174,635.26,wallet,Yes,406551,9,5,1,0,1,1,0,0,0,0,0,0,0,21
TXN0007894,2024-03-30T07:32:00,89,M0113,Services,high,C00357,887,100,18431,0.0124,9425.3,upi,ICICI,463343,7,5,1,13,0,1,0,0,0,0,0,0,0,51
TXN0007895,2024-03-30T08:56:00,89,M0064,Food,high,C01495,123,12,3053,0.0454,4147.05,wallet,Kotak,579455,8,5,1,0,0,2,0,0,0,0,0,0,1,20
TXN0007896,2024-03-30T11:40:00,89,M0132,Food,mid,C01157,222,19,5123,0.1224,1615.28,netbanking,Yes,500915,11,5,1,10,0,0,0,0,0,0,0,0,0,61
TXN0007897,2024-03-30T16:37:00,89,M0044,Logistics,low,C00264,25,4,1179,0.0072,13447.64,wallet,Kotak,411214,16,5,1,0,1,1,0,0,0,0,0,0,1,30
TXN0007898,2024-03-30T20:53:00,89,M0076,Services,high,C00510,5,2,1363,0.0704,2400.44,wallet,SBI,501616,20,5,1,14,0,0,0,0,0,0,0,0,0,18
TXN0007899,2024-03-30T22:35:00,89,M0174,SaaS,low,C00885,157,13,1745,0.0382,1312.98,upi,HDFC,521539,22,5,1,0,0,0,0,0,0,1,0,0,0,45
TXN0007900,2024-03-30T17:27:00,89,M0037,Retail,mid,C01498,12,2,1312,0.0618,1514.23,netbanking,HDFC,445767,17,5,1,0,0,0,0,0,0,0,0,0,1,65
TXN0007901,2024-03-30T19:29:00,89,M0120,Food,low,C00218,130,11,6939,0.0871,963.31,wallet,HDFC,405224,19,5,1,0,0,1,0,0,0,0,0,0,0,68
TXN0007902,2024-03-30T08:54:00,89,M0052,Logistics,mid,C01468,266,20,7538,0.0121,12232.48,netbanking,Kotak,557257,8,5,1,0,0,1,0,0,0,0,0,0,0,72
TXN0007903,2024-03-30T07:55:00,89,M0170,Logistics,mid,C00096,97,5,3271,0.041,7081.81,wallet,Canara,492269,7,5,1,0,0,0,0,0,0,0,0,0,0,35
TXN0007904,2024-03-30T07:02:00,89,M0028,Retail,mid,C00069,13,4,1488,0.0705,1287.28,netbanking,Kotak,561499,7,5,1,0,0,0,0,0,0,0,0,0,0,31
TXN0007905,2024-03-30T09:21:00,89,M0016,Services,high,C00390,180,11,5099,0.0301,4547.95,card,Yes,467431,9,5,1,0,0,0,0,0,0,1,0,0,0,14
TXN0007906,2024-03-31T09:53:00,90,M0054,Retail,mid,C00069,13,4,1488,0.0705,860.98,wallet,SBI,450987,9,6,1,0,0,1,0,0,0,0,0,0,0,33
TXN0007907,2024-03-31T15:31:00,90,M0035,SaaS,mid,C00254,18,3,1362,0.0629,1094.75,upi,ICICI,552878,15,6,1,0,0,0,0,0,0,0,0,0,0,42
TXN0007908,2024-03-31T12:49:00,90,M0199,SaaS,mid,C00123,211,6,3883,0.0949,2045.23,card,Yes,483111,12,6,1,0,0,0,0,0,0,0,0,0,0,53
TXN0007909,2024-03-31T08:01:00,90,M0173,Food,high,C01339,5,4,1990,0.0703,3803.23,wallet,ICICI,586044,8,6,1,0,0,0,0,0,0,0,0,0,0,18
TXN0007910,2024-03-31T05:03:00,90,M0100,Retail,low,C00934,17,3,1521,0.0828,1757.95,wallet,Yes,575008,5,6,1,0,0,0,0,0,0,0,1,1,0,57
TXN0007911,2024-03-31T10:56:00,90,M0091,Logistics,high,C01313,19,3,724,0.1902,5628.24,wallet,Axis,451194,10,6,1,0,0,0,0,0,0,0,0,0,1,26
TXN0007912,2024-03-31T19:40:00,90,M0009,Retail,low,C00850,147,16,7302,0.0202,4618.17,netbanking,SBI,465750,19,6,1,0,0,0,0,0,0,0,0,0,0,12
TXN0007913,2024-03-31T16:17:00,90,M0080,Logistics,low,C01126,71,20,1374,0.0499,12224.39,upi,Canara,578845,16,6,1,0,0,0,0,0,0,1,0,0,0,63
TXN0007914,2024-03-31T07:03:00,90,M0142,Retail,mid,C00805,90,12,6845,0.0346,2236.63,card,Yes,496251,7,6,1,0,0,0,0,0,0,0,0,0,0,29
TXN0007915,2024-03-31T19:50:00,90,M0012,Food,low,C00026,18,3,1611,0.0667,600.38,wallet,Yes,578970,19,6,1,0,0,0,0,0,1,0,1,1,0,41
TXN0007916,2024-03-31T11:32:00,90,M0107,SaaS,mid,C01472,807,92,5392,0.0039,7473.61,wallet,Canara,527851,11,6,1,0,0,1,0,0,0,0,0,0,0,23
TXN0007917,2024-03-31T18:42:00,90,M0035,SaaS,mid,C00960,154,7,7188,0.0316,6426.86,wallet,PNB,445610,18,6,1,14,0,0,0,0,0,1,0,0,0,31
TXN0007918,2024-03-31T08:33:00,90,M0025,Food,mid,C01409,11,3,1120,0.0956,1042.5,wallet,Yes,527470,8,6,1,0,0,2,0,0,0,0,0,0,0,19
TXN0007919,2024-03-31T05:10:00,90,M0174,SaaS,low,C00981,173,5,1529,0.0551,1469.55,netbanking,PNB,411877,5,6,1,0,0,0,0,0,0,0,1,1,0,23
TXN0007920,2024-03-31T10:57:00,90,M0056,Retail,low,C00745,236,8,4418,0.0669,3176.44,card,Canara,597885,10,6,1,0,0,1,0,0,0,0,0,0,0,34
TXN0007921,2024-03-31T15:42:00,90,M0180,Food,low,C00947,734,113,24589,0.037,35890.37,card,HDFC,518160,15,6,1,0,0,1,0,0,0,0,0,1,0,42
TXN0007922,2024-03-31T13:08:00,90,M0019,Services,mid,C01029,18,2,615,0.0338,1248.86,netbanking,Yes,521203,13,6,1,0,0,0,0,0,0,0,0,0,1,58
TXN0007923,2024-03-31T08:28:00,90,M0090,Logistics,mid,C01423,8,4,1688,0.1325,30702.19,upi,Kotak,573053,8,6,1,0,0,0,0,0,0,0,1,1,0,52
TXN0007924,2024-03-31T19:53:00,90,M0069,SaaS,high,C00359,13,1,809,0.2172,751.48,wallet,Canara,533718,19,6,1,0,0,1,0,0,0,1,0,0,0,62
TXN0007925,2024-03-31T16:36:00,90,M0093,SaaS,mid,C01345,202,7,1860,0.0767,2677.3,netbanking,Yes,572307,16,6,1,0,0,0,1,0,0,0,1,1,0,54
TXN0007926,2024-03-31T08:48:00,90,M0154,Retail,low,C01180,289,7,4681,0.1057,3163.16,upi,Axis,551793,8,6,1,0,0,2,0,0,0,0,0,0,0,67
TXN0007927,2024-03-31T14:18:00,90,M0051,Food,low,C00767,156,19,4765,0.0133,4666.49,netbanking,ICICI,484710,14,6,1,0,0,0,0,0,0,1,0,0,0,58
TXN0007928,2024-03-31T18:37:00,90,M0183,Retail,mid,C00483,25,2,1908,0.2412,3579.12,upi,HDFC,534876,18,6,1,0,0,1,0,0,0,1,0,0,1,63
TXN0007929,2024-03-31T22:34:00,90,M0117,SaaS,low,C00196,24,2,996,0.022,469.2,wallet,ICICI,573521,22,6,1,0,0,2,0,0,0,1,0,0,0,65
TXN0007930,2024-03-31T19:54:00,90,M0142,Retail,mid,C00122,285,15,6138,0.0613,1969.36,upi,SBI,570220,19,6,1,0,0,0,0,1,0,1,1,1,0,44
TXN0007931,2024-03-31T07:31:00,90,M0165,Services,low,C01001,6,3,514,0.1072,2548.01,wallet,Canara,530945,7,6,1,12,0,0,0,0,0,0,0,0,1,13
TXN0007932,2024-03-31T19:37:00,90,M0176,SaaS,low,C00952,62,10,3676,0.0357,1192.66,upi,HDFC,568021,19,6,1,0,0,0,0,0,0,0,0,0,0,23
TXN0007933,2024-03-31T12:43:00,90,M0102,Retail,high,C01321,14,2,1098,0.1209,3201.0,netbanking,Kotak,580142,12,6,1,0,0,0,0,0,0,0,0,0,0,37
TXN0007934,2024-03-31T23:36:00,90,M0153,Food,low,C00528,5,3,886,0.0802,1801.73,card,HDFC,493447,23,6,1,0,0,1,0,0,0,0,0,0,0,12
TXN0007935,2024-03-31T12:57:00,90,M0067,Food,mid,C00435,845,97,22280,0.0149,2414.3,netbanking,PNB,569357,12,6,1,0,0,1,0,0,0,0,0,0,0,40
TXN0007936,2024-03-31T14:09:00,90,M0065,B2B,high,C00454,11,3,933,0.0749,29500.74,wallet,Kotak,476516,14,6,1,0,0,0,0,0,0,1,0,0,0,69
TXN0007937,2024-03-31T10:52:00,90,M0045,Food,high,C01067,128,8,4449,0.0795,7303.13,wallet,PNB,460361,10,6,1,0,0,0,0,0,0,0,0,0,0,29
TXN0007938,2024-03-31T20:24:00,90,M0097,Services,low,C00279,256,20,5503,0.1075,11317.27,upi,SBI,484963,20,6,1,0,0,0,0,0,0,1,0,0,1,56
TXN0007939,2024-03-31T20:01:00,90,M0197,Food,low,C01101,22,3,1785,0.1531,1150.48,netbanking,PNB,542905,20,6,1,0,0,0,0,0,1,0,0,0,0,70
TXN0007940,2024-03-31T08:15:00,90,M0198,Food,mid,C00748,7,4,1914,0.0105,1112.39,wallet,Canara,534547,8,6,1,0,0,0,0,0,0,0,0,0,0,35
TXN0007941,2024-03-31T08:22:00,90,M0147,SaaS,mid,C00668,824,82,12652,0.0095,4465.01,wallet,Kotak,487109,8,6,1,0,0,0,0,0,0,0,0,0,0,43
TXN0007942,2024-03-31T19:51:00,90,M0103,Services,low,C00628,6,1,1373,0.0525,2692.37,card,Canara,544156,19,6,1,0,0,0,0,0,0,0,0,0,0,21
TXN0007943,2024-03-31T15:41:00,90,M0048,SaaS,mid,C00643,761,97,20985,0.0702,23323.8,upi,HDFC,597716,15,6,1,10,0,1,0,0,0,0,0,0,0,42
TXN0007944,2024-03-31T16:11:00,90,M0105,SaaS,high,C01025,160,7,5324,0.1057,4566.49,wallet,Canara,456230,16,6,1,0,0,1,0,0,0,0,0,0,0,63
TXN0007945,2024-03-31T10:23:00,90,M0150,Retail,mid,C01433,153,18,6378,0.052,3102.86,netbanking,Yes,413316,10,6,1,0,0,0,0,0,0,0,0,0,0,41
TXN0007946,2024-03-31T14:12:00,90,M0065,B2B,high,C00683,753,81,24259,0.0033,15126.65,upi,PNB,403144,14,6,1,0,0,0,0,0,0,1,0,0,0,48
TXN0007947,2024-03-31T17:41:00,90,M0101,Food,low,C00091,198,18,5811,0.0763,4416.94,netbanking,HDFC,575882,17,6,1,0,0,0,0,0,0,1,0,0,0,57
TXN0007948,2024-03-31T18:34:00,90,M0066,Food,mid,C00319,12,4,1935,0.1573,2194.93,wallet,PNB,445473,18,6,1,0,0,0,1,0,0,1,0,1,1,16
TXN0007949,2024-03-31T12:26:00,90,M0139,Logistics,low,C01431,750,96,16088,0.0245,8082.7,upi,PNB,468854,12,6,1,0,0,0,0,0,0,1,0,0,0,17
TXN0007950,2024-03-31T23:53:00,90,M0056,Retail,low,C01109,246,13,2185,0.0325,1745.44,upi,SBI,568590,23,6,1,0,0,0,0,0,0,0,1,1,0,57
TXN0007951,2024-03-31T21:23:00,90,M0050,Logistics,high,C00942,268,13,2561,0.1229,30391.49,card,Canara,555283,21,6,1,0,0,0,0,0,0,0,0,0,1,53
TXN0007952,2024-03-31T09:48:00,90,M0128,B2B,high,C01236,957,100,4823,0.0537,9715.08,upi,SBI,483123,9,6,1,0,0,0,0,0,0,0,0,0,0,58
TXN0007953,2024-03-31T10:04:00,90,M0158,Retail,low,C01389,9,2,852,0.0691,794.29,wallet,ICICI,478593,10,6,1,0,0,1,0,0,0,0,0,0,0,25
TXN0007954,2024-03-31T07:37:00,90,M0039,Logistics,mid,C00344,151,12,6452,0.123,17599.67,upi,HDFC,499842,7,6,1,0,0,0,0,0,0,0,1,1,0,44
TXN0007955,2024-03-31T16:51:00,90,M0165,Services,low,C01431,750,96,16088,0.0245,5838.4,card,Yes,545358,16,6,1,0,1,1,0,0,0,0,0,0,0,51
TXN0007956,2024-03-31T13:00:00,90,M0165,Services,low,C01109,246,13,2185,0.0325,1724.44,wallet,PNB,452592,13,6,1,1,1,1,0,0,0,1,0,0,0,22
TXN0007957,2024-03-31T14:20:00,90,M0050,Logistics,high,C00072,298,15,2545,0.0745,7599.97,netbanking,HDFC,426162,14,6,1,0,0,1,0,0,0,0,0,0,0,23
TXN0007958,2024-03-31T18:42:00,90,M0174,SaaS,low,C01262,170,20,3485,0.2024,4024.15,netbanking,ICICI,514081,18,6,1,13,0,0,0,0,0,0,0,0,0,48
TXN0007959,2024-03-31T10:57:00,90,M0127,Food,low,C01354,125,11,1634,0.1324,1371.99,card,Canara,595619,10,6,1,0,1,1,0,0,0,0,0,0,0,21
TXN0007960,2024-03-31T09:11:00,90,M0054,Retail,mid,C00509,13,2,1637,0.1018,920.53,upi,ICICI,486171,9,6,1,0,0,0,0,0,0,1,0,0,0,41
TXN0007961,2024-03-31T08:19:00,90,M0011,Food,low,C01150,262,18,3152,0.0977,1198.2,upi,Kotak,511608,8,6,1,0,0,0,0,0,0,0,0,0,0,48
TXN0007962,2024-03-31T15:59:00,90,M0013,Logistics,high,C01174,13,1,894,0.1125,2121.97,upi,Canara,443763,15,6,1,0,0,0,0,0,0,0,0,0,0,60
TXN0007963,2024-03-31T19:28:00,90,M0066,Food,mid,C00398,5,2,752,0.1093,961.99,upi,PNB,569179,19,6,1,0,0,0,0,0,0,1,0,0,1,71
TXN0007964,2024-03-31T09:27:00,90,M0130,Food,low,C00311,23,1,967,0.0137,2733.89,netbanking,Yes,550540,9,6,1,0,0,1,0,0,0,0,0,0,1,12
TXN0007965,2024-03-31T01:08:00,90,M0168,Food,high,C01200,782,68,18104,0.0362,3109.64,wallet,HDFC,577927,1,6,1,0,1,1,0,0,0,0,1,1,0,46
TXN0007966,2024-03-31T19:39:00,90,M0146,Food,mid,C00276,281,16,1078,0.0943,531.78,wallet,ICICI,436669,19,6,1,0,0,0,0,0,0,0,0,0,0,47
TXN0007967,2024-03-31T17:24:00,90,M0196,Retail,low,C01161,141,15,2396,0.4262,1964.21,netbanking,Canara,420709,17,6,1,0,0,1,1,0,0,0,1,1,0,41
TXN0007968,2024-03-31T09:17:00,90,M0173,Food,high,C00110,61,10,2173,0.1347,1627.07,netbanking,Axis,493481,9,6,1,0,0,0,0,0,0,0,0,0,0,21
TXN0007969,2024-03-31T19:15:00,90,M0008,Retail,low,C00667,24,2,1269,0.1222,1709.89,wallet,Canara,452924,19,6,1,0,0,0,0,0,0,0,0,0,0,46
TXN0007970,2024-03-31T06:43:00,90,M0093,SaaS,mid,C01244,243,9,3280,0.1395,1947.15,netbanking,Yes,587338,6,6,1,0,0,1,0,0,0,0,0,0,0,33
TXN0007971,2024-03-31T23:07:00,90,M0097,Services,low,C01284,126,20,2042,0.0351,7019.59,netbanking,Canara,531609,23,6,1,0,0,0,0,0,0,0,0,0,0,48
TXN0007972,2024-03-31T21:30:00,90,M0013,Logistics,high,C01040,22,4,786,0.1055,16941.15,wallet,ICICI,533655,21,6,1,0,0,0,0,0,0,0,1,1,0,57
TXN0007973,2024-03-31T09:04:00,90,M0082,B2B,high,C01238,107,9,7705,0.1555,33215.52,wallet,HDFC,574388,9,6,1,0,0,0,0,0,0,0,1,1,0,25
TXN0007974,2024-03-31T11:12:00,90,M0187,SaaS,high,C00626,200,15,3220,0.0394,477.35,card,Yes,464260,11,6,1,0,0,0,0,0,0,0,0,0,0,41
TXN0007975,2024-03-31T12:30:00,90,M0123,Logistics,high,C01135,10,4,1028,0.1164,5704.84,upi,SBI,595115,12,6,1,0,1,1,1,0,0,0,1,1,0,46
TXN0007976,2024-03-31T08:43:00,90,M0001,Retail,high,C00213,741,100,11338,0.0295,10669.23,netbanking,ICICI,495391,8,6,1,0,0,2,0,0,1,1,0,0,0,46
TXN0007977,2024-03-31T07:50:00,90,M0140,Logistics,high,C01076,72,10,1334,0.0015,8992.87,upi,SBI,424358,7,6,1,12,0,1,0,0,0,0,0,0,0,23
TXN0007978,2024-03-31T15:23:00,90,M0138,Services,mid,C01018,211,11,7939,0.0595,3550.36,upi,SBI,470386,15,6,1,0,0,0,0,0,0,1,0,0,0,65
TXN0007979,2024-03-31T17:39:00,90,M0116,Services,low,C00250,152,8,1749,0.0053,3376.48,upi,SBI,596734,17,6,1,0,0,0,0,0,0,0,0,0,0,24
TXN0007980,2024-03-31T15:54:00,90,M0048,SaaS,mid,C01154,150,18,5285,0.0879,2911.42,card,Yes,421306,15,6,1,11,0,0,0,0,0,1,0,0,0,51
TXN0007981,2024-03-31T08:39:00,90,M0064,Food,high,C00123,211,6,3883,0.0949,1943.45,wallet,ICICI,502122,8,6,1,1,1,1,0,0,0,0,0,0,0,60
TXN0007982,2024-03-31T10:53:00,90,M0036,Retail,low,C01099,7,3,792,0.1452,1507.81,card,PNB,522985,10,6,1,0,0,0,0,0,0,0,0,0,0,52
TXN0007983,2024-03-31T19:01:00,90,M0138,Services,mid,C00214,16,1,1608,0.0371,2379.78,card,Kotak,546185,19,6,1,0,0,0,0,0,0,0,0,0,1,43
TXN0007984,2024-03-31T19:13:00,90,M0132,Food,mid,C00323,257,11,4702,0.0794,3156.32,upi,Yes,537546,19,6,1,0,0,0,1,0,0,0,0,1,0,29
TXN-COUNTER-001,2024-03-06T23:30:00,66,M0001,Retail,high,C00001,912,4,3200,0.0,48000.0,card,HDFC,400000,23,3,0,1,2,4,1,0,0,0,0,1,1,24
